20 hexa 10 10 gaussian
#SNAPSHOT FILE
#iterations: 26000 (40000 total)
0.0487814 0.0808421 0.028149 0.0280099 0.0138426 0.0761487 0.0158037 0.0323959 0.0323151 0.0379438 0.016115 0.0339649 0.0202442 0.0527844 0.198217 0.0763265 0.0731654 0.0321518 0.0275858 0.0752143 
0.0501315 0.0774645 0.0295983 0.0262705 0.015952 0.073196 0.0164891 0.0343876 0.0356193 0.0399376 0.0164908 0.0358348 0.0207269 0.0509881 0.176967 0.0762214 0.0686563 0.0326343 0.0279594 0.0944763 
0.0512123 0.0724228 0.0322081 0.0241675 0.0206849 0.0690885 0.017755 0.0370608 0.0401038 0.0426701 0.0171263 0.0385874 0.0217568 0.0487898 0.149109 0.0751521 0.0626088 0.0332752 0.0285666 0.117655 
0.0515055 0.0659129 0.03634 0.0219997 0.0304599 0.0638555 0.0199468 0.0400904 0.0453042 0.0458423 0.0181241 0.0420635 0.0237735 0.046621 0.117826 0.0726173 0.0553871 0.0339984 0.0292425 0.139089 
0.0506396 0.0585291 0.0419996 0.0202816 0.0484386 0.0577882 0.02344 0.0428855 0.0501561 0.0488614 0.0196421 0.0456666 0.0272712 0.0450237 0.0878553 0.0683266 0.0478024 0.0347281 0.0297286 0.150936 
0.0486311 0.0510095 0.0486027 0.0194451 0.0770097 0.0513562 0.0284387 0.0448125 0.0534 0.0511039 0.0218277 0.048491 0.0325172 0.0442833 0.0631471 0.0623717 0.0407361 0.0354432 0.029779 0.147595 
0.0459034 0.0440349 0.0550223 0.019557 0.115195 0.0451495 0.034673 0.045506 0.054262 0.0522339 0.0246494 0.049745 0.0391952 0.0442216 0.0453208 0.0553299 0.0348348 0.0361661 0.0293062 0.129695 
0.0430802 0.0381706 0.0600846 0.0202905 0.157295 0.039807 0.0412875 0.0450717 0.0529242 0.0523469 0.0277804 0.0492497 0.0463321 0.0443758 0.0338796 0.0482122 0.0304423 0.0368944 0.0284448 0.104031 
0.0406775 0.0337467 0.0632661 0.0211726 0.195474 0.0357663 0.0472479 0.0440022 0.0503627 0.051849 0.0307558 0.0475786 0.0527941 0.0443736 0.0272273 0.0420615 0.0275776 0.0375768 0.0274647 0.0790257 
0.0389046 0.0307415 0.0648972 0.0218762 0.224316 0.0330501 0.0519547 0.0428441 0.0476621 0.0511757 0.033292 0.045638 0.0579382 0.0441285 0.0236074 0.0374459 0.0259651 0.0381652 0.0266012 0.0597982 
0.0505363 0.075955 0.0298047 0.0315959 0.0146527 0.0769047 0.0170183 0.0345556 0.0334004 0.038479 0.0172837 0.0350786 0.0225884 0.0511394 0.174223 0.0747532 0.081072 0.033212 0.030435 0.077313 
0.0520287 0.0720825 0.0323242 0.0293199 0.0175688 0.072815 0.0178661 0.0368832 0.0373703 0.0409981 0.0176828 0.0381986 0.0234909 0.0497371 0.151264 0.0750224 0.0742906 0.0337049 0.0305733 0.0967789 
0.0527843 0.0667178 0.0365663 0.0266668 0.0238462 0.0673944 0.0194175 0.0397314 0.0423681 0.044202 0.0183486 0.0425327 0.0252354 0.0482798 0.123479 0.0741984 0.0656214 0.034319 0.030746 0.117545 
0.0522327 0.0602256 0.0427755 0.0241055 0.0360436 0.0609466 0.0220678 0.0426277 0.0475727 0.0475771 0.0194311 0.0475907 0.0283633 0.0471763 0.0947306 0.0716811 0.0560312 0.0349955 0.0307614 0.133065 
0.0502423 0.0532652 0.050495 0.0222255 0.0567911 0.0540546 0.0261643 0.0449354 0.0517184 0.0503929 0.0211297 0.0522869 0.033299 0.0467077 0.069356 0.0671875 0.0468474 0.0357035 0.0304318 0.136766 
0.0472476 0.0465179 0.0584693 0.0213512 0.0869427 0.0473816 0.0317415 0.046156 0.0537417 0.0520835 0.0235627 0.0553549 0.0399846 0.0467612 0.0499987 0.0609778 0.0391219 0.0364592 0.0296815 0.126464 
0.0439993 0.0405429 0.0651097 0.0213532 0.123685 0.0415384 0.0382857 0.0461942 0.0534003 0.0525412 0.0265947 0.0560431 0.0476605 0.0468986 0.036955 0.0538867 0.0333368 0.0372755 0.0286154 0.106083 
0.0411613 0.0357296 0.0693626 0.0218043 0.160911 0.0369572 0.0448507 0.045389 0.0513672 0.0521076 0.0298344 0.0545897 0.0551282 0.0467197 0.0290019 0.0470502 0.0294784 0.0381056 0.0274695 0.082982 
0.0390454 0.0322151 0.0712658 0.0222953 0.192458 0.0337405 0.0505779 0.0442703 0.0487208 0.0512989 0.0328853 0.052018 0.0614014 0.0461351 0.0244817 0.0413811 0.0272059 0.0388679 0.0264718 0.0632642 
0.0376219 0.0298695 0.0716549 0.0226216 0.215072 0.0316724 0.0551244 0.0432597 0.0463135 0.0505139 0.0356018 0.049445 0.0661285 0.0453177 0.0219816 0.0372268 0.0260421 0.0395135 0.0257375 0.0492826 
0.0508082 0.072661 0.0301148 0.0399522 0.0139464 0.0808182 0.0181667 0.0352845 0.0316071 0.0370818 0.0185684 0.0339755 0.0250613 0.0499749 0.1629 0.0713684 0.0958729 0.0343014 0.0354159 0.0621212 
0.0526343 0.069886 0.0325111 0.0374942 0.0157175 0.0768419 0.0187117 0.0372245 0.0350369 0.0392741 0.0187761 0.0372625 0.0259443 0.0494274 0.145367 0.0727337 0.0887497 0.0346598 0.034983 0.0767652 
0.0538889 0.0658142 0.0367412 0.0343196 0.0196042 0.0713034 0.0197464 0.0397573 0.0396483 0.042313 0.0191578 0.0422088 0.0275203 0.0489368 0.12275 0.0735998 0.0788559 0.0351448 0.0344191 0.0942707 
0.0537957 0.0605341 0.0433445 0.0307339 0.0274441 0.0644392 0.0216489 0.0425642 0.044889 0.0458502 0.0198533 0.0485906 0.0303528 0.0487462 0.0974772 0.0731613 0.0671217 0.0357265 0.0335736 0.110153 
0.0519672 0.0545038 0.0521311 0.0274262 0.0414624 0.0569253 0.0248519 0.0450795 0.0496047 0.0491618 0.0210996 0.0553276 0.0349868 0.049014 0.0733816 0.0707001 0.055283 0.0363754 0.0323699 0.118348 
0.0487489 0.0483578 0.0618417 0.0250468 0.0631586 0.0496168 0.0296185 0.046737 0.0525656 0.051485 0.0231372 0.0607513 0.0415842 0.049588 0.0537421 0.0660254 0.0450514 0.0370968 0.0308557 0.114992 
0.0450182 0.0426563 0.0705187 0.0237842 0.0918033 0.0432175 0.0357783 0.0472795 0.053193 0.052456 0.0260225 0.063451 0.0496357 0.0500158 0.0397738 0.0596769 0.03733 0.0379156 0.0292023 0.101272 
0.0416436 0.037792 0.0764909 0.0233518 0.123814 0.0381343 0.0426515 0.0468753 0.0518418 0.0522598 0.0295175 0.0630774 0.0580384 0.0498593 0.0308278 0.0527304 0.0321444 0.0388142 0.0276431 0.082493 
0.0390896 0.0339763 0.0792563 0.0233005 0.154123 0.0344563 0.049336 0.0459643 0.0494592 0.0514176 0.0332079 0.0604655 0.0655947 0.04901 0.0254831 0.0463129 0.0290184 0.0397124 0.0263742 0.0644424 
0.0373811 0.0312223 0.0795187 0.0233079 0.178644 0.0320035 0.055172 0.0449847 0.0469812 0.0504445 0.0367738 0.0570043 0.0715574 0.0477026 0.02239 0.0411351 0.0273342 0.0405218 0.0254809 0.0504404 
0.0528885 0.066084 0.0325289 0.0502033 0.0145586 0.0805238 0.0202947 0.0380135 0.0333947 0.0376512 0.0204301 0.0357189 0.0287657 0.0475062 0.131199 0.0680525 0.103813 0.0361706 0.0430596 0.0591432 
0.0545285 0.0632392 0.0365273 0.0464987 0.0169112 0.0751198 0.0209589 0.0401544 0.0375986 0.0403453 0.0205987 0.040851 0.0302442 0.0479654 0.11443 0.0702185 0.0934799 0.0365923 0.0416449 0.0720934 
0.054966 0.0593268 0.043138 0.0416983 0.0217375 0.0680657 0.0222551 0.0427101 0.0427166 0.0437934 0.020975 0.0480817 0.0328133 0.0488775 0.0944083 0.0717782 0.0802085 0.0371245 0.0395993 0.0857259 
0.0535121 0.0545195 0.0525781 0.0364488 0.0306639 0.0599973 0.0246618 0.0452485 0.0477608 0.0474079 0.0218303 0.0566012 0.0371106 0.0502491 0.0737139 0.0716851 0.0658266 0.0377347 0.0369367 0.0955135 
0.0502578 0.0492863 0.0638061 0.0317729 0.0451082 0.051949 0.028626 0.0472069 0.051409 0.0503323 0.0235292 0.0645542 0.0434974 0.0517828 0.0554703 0.0691839 0.0527072 0.038399 0.0339369 0.0971846 
0.0460994 0.0441668 0.0746432 0.0283955 0.0652916 0.0448637 0.0342812 0.0482074 0.0527984 0.0519358 0.0263293 0.0698877 0.051712 0.0529186 0.041616 0.0643351 0.0425159 0.0391326 0.0310157 0.0898541 
0.0421277 0.039567 0.0828206 0.0263582 0.0895783 0.0392356 0.0412661 0.0482627 0.0520176 0.0521656 0.030186 0.07151 0.0608381 0.0531368 0.0322512 0.0580102 0.0356041 0.0399569 0.0285255 0.0765825 
0.0390267 0.0357244 0.0871448 0.02524 0.114792 0.0351192 0.048814 0.0476976 0.0498847 0.0514557 0.0347467 0.06978 0.0696398 0.0522791 0.0263634 0.0514151 0.0314069 0.0408435 0.0266503 0.0619763 
0.0369322 0.0327345 0.0879007 0.02458 0.137496 0.0323058 0.0560909 0.0469102 0.0473626 0.0503806 0.0395546 0.066073 0.0770574 0.0506089 0.0227749 0.0455422 0.0290957 0.0417146 0.0254067 0.0494791 
0.0356345 0.0305656 0.0863331 0.0240986 0.155309 0.0304841 0.0625392 0.0461846 0.0451234 0.0493731 0.0442916 0.0619263 0.0825274 0.0486018 0.0205878 0.0408872 0.0279525 0.0424942 0.0246998 0.0403869 
0.0527481 0.0614505 0.0321773 0.0685081 0.0136669 0.0827903 0.0224748 0.039037 0.0326275 0.0363436 0.0225569 0.0336864 0.0313704 0.0441013 0.110931 0.0614435 0.115579 0.0380314 0.0556149 0.0448613 
0.0545035 0.0595612 0.0356867 0.0644617 0.0150933 0.0778895 0.0229239 0.040767 0.0365146 0.038569 0.0226177 0.0384845 0.0327797 0.0451963 0.0995124 0.0641954 0.105954 0.0385182 0.0535043 0.0532669 
0.0553776 0.0569175 0.0417642 0.0584867 0.0179895 0.071142 0.0237894 0.0429557 0.0415171 0.0416732 0.0227759 0.0457914 0.0350738 0.0470173 0.0853511 0.0671528 0.0925602 0.0391467 0.0502074 0.0633108 
0.0544715 0.0534317 0.0510795 0.0509313 0.0234369 0.0629733 0.0255474 0.0453414 0.0468256 0.0452981 0.023317 0.0553188 0.0389401 0.0495197 0.069606 0.0692474 0.0768433 0.0398684 0.045687 0.0723162 
0.0514971 0.0493037 0.0630926 0.0430564 0.0325294 0.0544001 0.0287954 0.0474455 0.0510655 0.0486564 0.0247314 0.0654184 0.0449257 0.0522702 0.0544519 0.0692578 0.061377 0.0405912 0.0404349 0.0766999 
0.0471506 0.0449554 0.0756971 0.036349 0.0457292 0.0466096 0.0339595 0.0488187 0.0530637 0.0509165 0.0275191 0.0735839 0.0530217 0.0545058 0.0419467 0.0665738 0.0486404 0.0412583 0.0353056 0.0743959 
0.0426519 0.0408081 0.0861374 0.0315654 0.0623823 0.0403513 0.0410051 0.0493247 0.0526235 0.0517269 0.0318877 0.0778808 0.0625212 0.0555174 0.0328943 0.0616212 0.0397155 0.0418961 0.0310344 0.0664554 
0.0389467 0.0371412 0.092476 0.0285302 0.0807769 0.0357579 0.0493798 0.0491682 0.0504878 0.0513388 0.0376106 0.077962 0.0722615 0.0550319 0.0268696 0.0555321 0.0342318 0.0425609 0.0279334 0.0560031 
0.0363569 0.0341004 0.0943835 0.0266518 0.098698 0.0325869 0.0582101 0.048689 0.0477043 0.0503102 0.0441389 0.0749145 0.0810307 0.0532957 0.0229966 0.049491 0.0311978 0.0432622 0.025948 0.0460336 
0.0347374 0.0317338 0.0928899 0.0254148 0.114191 0.0304947 0.0666273 0.0481588 0.0450836 0.0491629 0.0508548 0.0704102 0.0879249 0.0508719 0.020517 0.0442883 0.0296765 0.0439568 0.0248492 0.0381564 
0.0538278 0.055752 0.0342478 0.0878847 0.0136821 0.0785861 0.0253007 0.0413819 0.0363648 0.037271 0.0249965 0.0355025 0.0344882 0.0411744 0.0813219 0.05666 0.112257 0.0404963 0.0697563 0.0390488 
0.054878 0.0540569 0.0393001 0.081262 0.0154242 0.0726915 0.0259183 0.0431477 0.0413372 0.039854 0.0250716 0.0420503 0.0364657 0.0433778 0.0722672 0.0600495 0.100346 0.041384 0.0656444 0.0454739 
0.0545245 0.0517292 0.0475721 0.0716981 0.0186887 0.0651525 0.0272066 0.0452309 0.046987 0.0431731 0.0254039 0.0514288 0.0397776 0.046572 0.0617366 0.0635117 0.0853287 0.0424524 0.0594637 0.0523619 
0.0521416 0.0487055 0.0592149 0.0602473 0.0242448 0.0566947 0.0298471 0.0473107 0.051946 0.0466671 0.0265651 0.0626538 0.0451191 0.0503639 0.050697 0.0657533 0.0692533 0.04352 0.0516545 0.0574005 
0.0480055 0.0451869 0.0726498 0.0490488 0.0325461 0.0485128 0.0345494 0.0489485 0.0546764 0.0494697 0.0293237 0.0732569 0.0527575 0.0538486 0.0406274 0.0655579 0.0548666 0.0443616 0.0434734 0.0583331 
0.0432331 0.0415421 0.0849281 0.0400222 0.043333 0.0416539 0.0416435 0.0498699 0.0545297 0.0509379 0.0342396 0.080524 0.0622196 0.0560156 0.0326312 0.0626222 0.0441103 0.0448893 0.036346 0.0547091 
0.038987 0.0381101 0.0933566 0.0337746 0.0556388 0.0365193 0.050833 0.050131 0.05212 0.0510407 0.0413067 0.0831357 0.0724331 0.0563238 0.026896 0.0577164 0.0372525 0.0452046 0.0310727 0.0481477 
0.0358464 0.0351068 0.0968405 0.0297971 0.0681387 0.032947 0.0612693 0.0500005 0.0486873 0.0502302 0.0499327 0.0816073 0.0821276 0.0549105 0.022982 0.0520814 0.0334121 0.0454679 0.0276817 0.040934 
0.0338051 0.0326422 0.0960072 0.0272839 0.0795778 0.0305705 0.0718392 0.0497356 0.0453105 0.0490675 0.0591854 0.0775414 0.090202 0.0523841 0.0203481 0.0467695 0.0314901 0.0457724 0.0257833 0.0346845 
0.0325779 0.0307429 0.0924683 0.0256308 0.0891239 0.0290464 0.0815113 0.0494712 0.0425803 0.0479742 0.0681205 0.0726575 0.0959695 0.04948 0.0185911 0.0423616 0.0306427 0.0461252 0.0249101 0.030015 
0.0527375 0.0527049 0.0325209 0.114168 0.0124495 0.076857 0.0276403 0.0418534 0.0367842 0.0365951 0.0273869 0.0325256 0.0350818 0.0369312 0.0640119 0.0492671 0.110592 0.0420444 0.0883634 0.0294861 
0.0536589 0.0515828 0.0363193 0.10782 0.0135284 0.0721047 0.0281514 0.0432108 0.0417442 0.038618 0.0275134 0.037749 0.0366984 0.0389484 0.0585081 0.0522036 0.101047 0.0432407 0.0842362 0.033117 
0.0536665 0.0500742 0.0428773 0.0973955 0.0155103 0.0658079 0.0291434 0.0448971 0.0477862 0.0414136 0.0277665 0.0458692 0.0393558 0.0421237 0.0521763 0.0558881 0.0884807 0.0448046 0.077301 0.0376628 
0.0520014 0.0479606 0.0529403 0.0832279 0.018904 0.0582772 0.0312884 0.0467743 0.0536765 0.0447028 0.0287108 0.0567702 0.0438117 0.0463026 0.0451221 0.0593919 0.0740138 0.0465269 0.0675986 0.041998 
0.0484751 0.0452058 0.0658534 0.0673973 0.0241014 0.0503752 0.0355099 0.0485213 0.0575658 0.0477883 0.0313215 0.0687037 0.0506135 0.0507092 0.0379736 0.0613457 0.059809 0.0479826 0.056325 0.044423 
0.0438229 0.0420283 0.0790648 0.0529254 0.0310369 0.043221 0.0425487 0.0497938 0.0581101 0.0498688 0.0365976 0.0786794 0.0596073 0.0541265 0.0315896 0.0607236 0.0481614 0.0487894 0.0455436 0.0437611 
0.0392412 0.0387852 0.0893241 0.0418892 0.0390914 0.0375681 0.0524516 0.0504713 0.055489 0.0505751 0.0449174 0.084266 0.0698434 0.0555889 0.0265136 0.0575782 0.0401851 0.0489056 0.0369898 0.040326 
0.035585 0.03579 0.0945968 0.0345194 0.0473664 0.0335299 0.0644347 0.0506983 0.0511122 0.0501404 0.0557329 0.0849897 0.0799787 0.0549215 0.0227714 0.0529061 0.0355337 0.0486084 0.0312315 0.0355534 
0.0330715 0.0332369 0.0948821 0.0299134 0.0550475 0.0308198 0.0771569 0.0507064 0.0465253 0.0491015 0.0677924 0.0821014 0.0887671 0.0526723 0.0201141 0.0479185 0.0331783 0.0482293 0.027881 0.030885 
0.0315053 0.0312085 0.0916688 0.0270534 0.0616469 0.0290748 0.0891779 0.0506462 0.0426931 0.0479528 0.0796228 0.0774662 0.0953808 0.0496887 0.0182767 0.0434801 0.0321511 0.047969 0.0262184 0.0271191 
0.052145 0.0499629 0.0335293 0.134291 0.0120531 0.0696603 0.0300705 0.0431776 0.0421342 0.0380045 0.0297212 0.0338505 0.0360025 0.0348794 0.0469563 0.0453401 0.0953489 0.0443262 0.103002 0.0255439 
0.0522443 0.0489404 0.0382261 0.124462 0.0133016 0.0647822 0.0308841 0.0444613 0.0484162 0.0402283 0.0300104 0.0401205 0.0379893 0.037471 0.0433052 0.0483654 0.0857754 0.0463092 0.0964539 0.0282536 
0.0511769 0.0474641 0.0459732 0.109504 0.0154308 0.0587016 0.0326282 0.046 0.0552391 0.0430725 0.0307987 0.0494147 0.0414184 0.0412461 0.0392053 0.0519397 0.0743236 0.0487605 0.0863037 0.0313989 
0.0484619 0.0453367 0.0570245 0.0905832 0.018755 0.0518016 0.0363042 0.0476519 0.0607074 0.0461181 0.0331144 0.061084 0.0470303 0.0458089 0.0346732 0.0550495 0.0621503 0.0511898 0.0731275 0.0340282 
0.0443244 0.0425755 0.0698441 0.0708523 0.0233388 0.0449167 0.0430355 0.0491342 0.0627366 0.0486229 0.0383575 0.0727334 0.0550796 0.0500908 0.0300653 0.0564065 0.0510875 0.0528673 0.0589491 0.0349821 
0.0397172 0.0394614 0.0812652 0.0539134 0.0288024 0.0389671 0.0533524 0.050195 0.0605757 0.0499522 0.0474873 0.0812417 0.0649035 0.0527999 0.0258877 0.0552848 0.0427087 0.0533208 0.0464124 0.0337515 
0.0356694 0.0363891 0.0883544 0.041648 0.0344512 0.0344505 0.0666572 0.0507964 0.055413 0.0500177 0.0602149 0.0847984 0.0751167 0.053244 0.0224751 0.0520526 0.0374337 0.0526915 0.0372192 0.0309069 
0.0326879 0.0336769 0.0901644 0.0337753 0.0396369 0.0313342 0.0813843 0.0510838 0.0493327 0.0492303 0.0750097 0.083801 0.0842663 0.0516792 0.0198876 0.0478079 0.0346424 0.0515365 0.031508 0.0275552 
0.0307418 0.0314882 0.0877973 0.0290171 0.0440206 0.029316 0.0956513 0.051217 0.0439629 0.0481267 0.0898087 0.0800244 0.0913736 0.048962 0.0180317 0.0436319 0.033405 0.050392 0.0284604 0.0245712 
0.0295646 0.0298484 0.0832883 0.026177 0.0476296 0.0280705 0.107908 0.0512706 0.0399981 0.0470973 0.102791 0.0753561 0.0961195 0.0460046 0.0167733 0.0401625 0.0329766 0.0495457 0.0270947 0.0223238 
0.050736 0.049167 0.0313618 0.157175 0.0109178 0.0663086 0.0314976 0.0431011 0.0421505 0.0378395 0.0314441 0.0309008 0.0348777 0.031825 0.0387661 0.0403095 0.0863845 0.0446599 0.119274 0.0213042 
0.0507307 0.0484128 0.0345003 0.148987 0.0117338 0.0626313 0.0321876 0.0440636 0.0483117 0.0395717 0.0318374 0.0353491 0.0362845 0.0336508 0.0365489 0.0423667 0.0792599 0.0468105 0.113913 0.0228493 
0.0500136 0.0473454 0.0399269 0.135162 0.0131263 0.0580247 0.0335949 0.0452345 0.0556865 0.0419003 0.0325433 0.0424635 0.0387341 0.0365508 0.0342098 0.0452242 0.0708712 0.0497421 0.104702 0.0249446 
0.0480479 0.04571 0.0483851 0.115718 0.0153287 0.0525058 0.0366602 0.0466205 0.0626927 0.0446548 0.0344801 0.052488 0.0429894 0.040499 0.031515 0.0483825 0.0615716 0.0531071 0.0914824 0.0271615 
0.0446562 0.0433505 0.0594848 0.0927596 0.0184768 0.0464572 0.0427361 0.0480969 0.0668787 0.0473101 0.0392395 0.0642067 0.0496589 0.0448782 0.0284321 0.0508272 0.0523377 0.0560454 0.0754637 0.0287041 
0.0403542 0.040378 0.0709424 0.0703054 0.0224024 0.0406233 0.0529204 0.0494192 0.066322 0.0491609 0.0484265 0.0747834 0.0585717 0.0484732 0.0252017 0.0514605 0.044513 0.057559 0.0593763 0.028807 
0.0361147 0.0371821 0.0795005 0.0521281 0.0265879 0.0357493 0.0670649 0.0503869 0.0612502 0.0497965 0.0623645 0.0813293 0.0685263 0.0501433 0.0222094 0.049897 0.0390297 0.057252 0.0461186 0.0273689 
0.032711 0.0342175 0.0831196 0.0396347 0.0304354 0.0321753 0.0835074 0.0509832 0.0538966 0.0493779 0.0794827 0.0828763 0.0778632 0.0496103 0.0197444 0.0467565 0.0358832 0.0556161 0.0370663 0.0250427 
0.0303638 0.0317835 0.0821104 0.0319803 0.0335976 0.0298027 0.099865 0.05132 0.0467454 0.0484119 0.0970982 0.0806064 0.0853295 0.0475117 0.0178984 0.043122 0.034412 0.053545 0.031833 0.0226633 
0.0289006 0.0299652 0.0783489 0.0275603 0.0360833 0.0283341 0.114096 0.0515037 0.0411974 0.0473693 0.112715 0.0765436 0.090496 0.0448235 0.016623 0.0398572 0.0338801 0.0517305 0.0292319 0.0207409 
0.0494675 0.0483029 0.0319294 0.168546 0.0106371 0.0601883 0.0330564 0.0437437 0.0474482 0.0392559 0.0331302 0.0319727 0.0347257 0.0310073 0.0320913 0.0382735 0.0718621 0.0465827 0.127843 0.0199377 
0.0488843 0.0474993 0.0355293 0.15698 0.0115824 0.0567454 0.0341795 0.044622 0.0547532 0.0411211 0.0338204 0.0370471 0.0364043 0.032997 0.0306513 0.0402158 0.0657307 0.0495991 0.120328 0.0213094 
0.0474536 0.046248 0.0414836 0.139219 0.0130977 0.0525486 0.0366277 0.0456932 0.0626781 0.0434728 0.0354004 0.044837 0.0394248 0.035967 0.0290286 0.0427586 0.0590231 0.0534745 0.108558 0.0230064 
0.0448143 0.0443012 0.0501407 0.115939 0.0153332 0.0476201 0.0417634 0.0469795 0.0689773 0.0460257 0.0393789 0.0551931 0.0445406 0.0397425 0.0270184 0.0453506 0.0520222 0.0575287 0.0927577 0.0245734 
0.0410597 0.041576 0.0604226 0.0901512 0.0182795 0.0423333 0.0511364 0.0483638 0.0709503 0.0481929 0.0477945 0.0663479 0.0520862 0.0435353 0.0246111 0.0470343 0.0454714 0.0605215 0.0747911 0.0253415 
0.0368782 0.0383275 0.0696153 0.0664436 0.0216203 0.0373739 0.0653146 0.0496085 0.0673646 0.0493812 0.061847 0.0752809 0.0613523 0.0461483 0.0220611 0.0469716 0.0402885 0.0613561 0.0579048 0.0248622 
0.0331518 0.0350772 0.074973 0.0483716 0.0248246 0.0333755 0.0829136 0.0505281 0.0597069 0.0494348 0.0804412 0.0796923 0.0706994 0.0467773 0.0197412 0.0451258 0.0369562 0.0599631 0.0449168 0.02333 
0.0303905 0.0323025 0.0757107 0.0366356 0.0274733 0.0305669 0.101134 0.0511065 0.0510164 0.0487091 0.10048 0.07957 0.0785357 0.045587 0.0179051 0.0422755 0.0352493 0.0573026 0.0366366 0.0214122 
0.0286011 0.0302143 0.0731493 0.0298124 0.0294746 0.0287903 0.1173 0.0514357 0.0436935 0.047718 0.118663 0.0766471 0.0841473 0.0434269 0.016606 0.0393687 0.0345759 0.0545297 0.03214 0.0197074 
0.0275397 0.0287769 0.0693359 0.0260657 0.0310167 0.0277415 0.129873 0.0516048 0.0385963 0.0468183 0.13288 0.0728656 0.0877303 0.041172 0.0157666 0.0369961 0.0344078 0.052339 0.0300088 0.0184667 
