20 hexa 10 10 gaussian
#SNAPSHOT FILE
#iterations: 14000 (40000 total)
0.0513141 0.0718991 0.0335539 0.0347184 0.0212761 0.0710488 0.0181881 0.0359305 0.0377708 0.0404029 0.0185772 0.0383 0.0232786 0.0500969 0.14991 0.0741681 0.064533 0.0343071 0.0341053 0.0966216 
0.0514427 0.0689138 0.036229 0.0332818 0.0267514 0.0683204 0.019546 0.0372841 0.0399779 0.0415354 0.0193641 0.0403875 0.0248803 0.0498492 0.137154 0.0732093 0.0615213 0.0347064 0.033917 0.101729 
0.0512339 0.0652329 0.0397695 0.0316387 0.0350469 0.0649263 0.0215182 0.0388274 0.042429 0.0428623 0.0204571 0.0429122 0.0271242 0.0496309 0.122347 0.0716078 0.0579359 0.0351876 0.0335784 0.105734 
0.0505918 0.0608937 0.0442411 0.0298737 0.0469768 0.060844 0.0242676 0.0404566 0.0449145 0.0443221 0.0219519 0.0457746 0.0301676 0.0494742 0.105993 0.0692451 0.0538139 0.0357511 0.0330329 0.107414 
0.0494609 0.0560541 0.0495261 0.0281143 0.0629865 0.0561759 0.0278861 0.0420164 0.0471512 0.0458044 0.0239155 0.0487484 0.0340695 0.0493789 0.0889713 0.0660665 0.0492898 0.0363859 0.0322528 0.105746 
0.0478668 0.0510049 0.0552673 0.026507 0.0827361 0.0511878 0.0323138 0.0433318 0.0488481 0.0471674 0.0263403 0.0515062 0.0387111 0.0493066 0.0724753 0.0621476 0.0446255 0.0370659 0.0312635 0.100327 
0.045936 0.0461185 0.0609254 0.0251746 0.10492 0.0462677 0.0373012 0.0442638 0.0498086 0.0482821 0.029118 0.0537157 0.0437815 0.0491962 0.0577368 0.0577302 0.0401664 0.0377519 0.0301472 0.0916582 
0.0438685 0.0417358 0.0659559 0.0241787 0.127575 0.0418046 0.0424665 0.0447605 0.0500055 0.0490787 0.0320634 0.0551668 0.0488666 0.048995 0.0456405 0.0531752 0.0362326 0.0384043 0.0290173 0.081009 
0.0418693 0.0380615 0.0699995 0.0235088 0.148737 0.0380618 0.0474241 0.0448665 0.0495746 0.049564 0.0349815 0.0558422 0.0535961 0.0486836 0.0364814 0.0488472 0.0330154 0.0389979 0.0279756 0.0699119 
0.0400857 0.0351348 0.0729617 0.0231044 0.167012 0.035125 0.0518997 0.0446905 0.0487371 0.0497988 0.0377305 0.0558907 0.0577475 0.0482791 0.0300108 0.0450064 0.030548 0.0395285 0.0270824 0.0596266 
0.0515386 0.0684787 0.035634 0.0402111 0.0228101 0.0702267 0.0197687 0.0373044 0.0394074 0.0408192 0.0199272 0.0396515 0.0254551 0.0491358 0.134822 0.0713824 0.0671694 0.035736 0.0379665 0.0925556 
0.0514128 0.0653196 0.039003 0.0381977 0.0290484 0.0669973 0.0214591 0.0387589 0.0418626 0.0420789 0.0209025 0.0422907 0.0274905 0.0490703 0.121802 0.0702805 0.0634348 0.0362605 0.0373859 0.0969445 
0.0508709 0.0615171 0.0433475 0.0358803 0.0382336 0.0630698 0.0238805 0.0403638 0.0444515 0.0435089 0.022271 0.0453942 0.0302852 0.0490742 0.107093 0.0685246 0.0590966 0.0368612 0.0365391 0.0997375 
0.0498416 0.0571611 0.0486307 0.0333897 0.0509571 0.0584978 0.0271822 0.0419875 0.0469016 0.0450202 0.024137 0.0487768 0.0339513 0.0491531 0.0913522 0.0660242 0.0542593 0.0375231 0.0353936 0.09986 
0.0483217 0.0524671 0.054577 0.0309149 0.0672761 0.0534885 0.0313969 0.0434594 0.0488978 0.0464795 0.0265491 0.052115 0.038451 0.0492695 0.0755841 0.0627771 0.0491564 0.0382171 0.0339776 0.0966243 
0.0464067 0.0477563 0.0606747 0.0286612 0.086426 0.0483957 0.036371 0.0446162 0.0501798 0.0477427 0.0294533 0.0550186 0.043547 0.0493506 0.0609614 0.058924 0.0441372 0.0389025 0.032393 0.0900821 
0.0442809 0.0433708 0.0663184 0.0267888 0.106887 0.0436258 0.0417714 0.0453589 0.0506417 0.0487071 0.0326875 0.0571659 0.0488478 0.0493204 0.048487 0.0547462 0.0395718 0.0395391 0.0307898 0.0810942 
0.0421593 0.0395648 0.0710193 0.0253676 0.126855 0.0395035 0.0471875 0.0456839 0.0503644 0.0493441 0.0360336 0.0584215 0.0539392 0.049135 0.0386859 0.050587 0.0357281 0.0401023 0.029313 0.0710054 
0.0402177 0.0364431 0.0745493 0.024374 0.144825 0.0361847 0.0522646 0.0456702 0.0495587 0.0496938 0.0392948 0.0588592 0.0585184 0.0487972 0.0315304 0.0467414 0.0327046 0.0405906 0.028056 0.0611269 
0.0385542 0.0339771 0.0769438 0.0237273 0.159902 0.03366 0.0567871 0.0454352 0.0484693 0.049832 0.0423475 0.0586914 0.0624484 0.0483447 0.0266075 0.0433868 0.030452 0.0410206 0.0270479 0.0523657 
0.0515248 0.0673298 0.0349975 0.0493392 0.0197242 0.0719333 0.0203703 0.0374844 0.0390019 0.0401407 0.0207413 0.0387036 0.0262605 0.04792 0.129356 0.0686868 0.0733321 0.0369544 0.0435858 0.0826142 
0.0514682 0.0646872 0.0381572 0.0469855 0.0242989 0.0688805 0.0218218 0.038815 0.041418 0.0413194 0.02162 0.0413934 0.0281159 0.0480201 0.118289 0.0680419 0.0694796 0.0375447 0.0427335 0.0869109 
0.0510201 0.061448 0.0423098 0.0441043 0.031164 0.0651289 0.0239496 0.0403452 0.0440555 0.0426941 0.0228793 0.0446592 0.0306828 0.048201 0.105524 0.0668663 0.0649508 0.0382115 0.0415286 0.0902772 
0.0500956 0.0576435 0.0474939 0.0408087 0.0409329 0.060693 0.0269467 0.0419735 0.0466603 0.0441989 0.0246575 0.0483704 0.0341135 0.0484753 0.0915034 0.0650512 0.0598253 0.0389335 0.0399291 0.0916939 
0.0486647 0.0534131 0.0535262 0.0373126 0.0538991 0.055723 0.030929 0.0435464 0.0489072 0.0457175 0.0270595 0.0522357 0.0384422 0.0488097 0.0770036 0.0625375 0.054304 0.0396747 0.0379627 0.0903322 
0.0467894 0.0490113 0.0599557 0.0339006 0.0697329 0.0505269 0.0358459 0.0448917 0.050485 0.0471027 0.0300963 0.0558393 0.043512 0.0491237 0.0630548 0.0593728 0.0487271 0.0403874 0.0357507 0.085894 
0.0446308 0.0447541 0.0661545 0.0308544 0.0873815 0.0455085 0.0414396 0.045874 0.0512102 0.0482252 0.0336477 0.0587641 0.0489765 0.0493189 0.0506808 0.0557421 0.0435031 0.0410251 0.0334896 0.0788195 
0.0424055 0.0409224 0.0715247 0.0283655 0.105338 0.0410397 0.0473046 0.0464405 0.0510966 0.04902 0.0374886 0.060744 0.0544017 0.0493215 0.0405775 0.0519335 0.0389773 0.0415602 0.0313862 0.0701526 
0.0403133 0.0376793 0.0756954 0.0264917 0.122138 0.0373463 0.0530206 0.0466293 0.0503295 0.049499 0.0413682 0.0617443 0.0594135 0.0491122 0.0329383 0.0482458 0.0353282 0.0419934 0.0295879 0.0611259 
0.0384837 0.0350529 0.0785888 0.025175 0.136761 0.0344771 0.0582731 0.0465389 0.04917 0.0497263 0.0450896 0.0619277 0.0637923 0.0487221 0.0275224 0.0449011 0.0325547 0.0423497 0.0281522 0.0527415 
0.0513823 0.0633822 0.0371821 0.0581712 0.0205862 0.0704534 0.0225668 0.0389872 0.0411294 0.040596 0.0225839 0.0401976 0.0289105 0.0464238 0.111779 0.0649217 0.075747 0.0389757 0.0498132 0.0762111 
0.0510174 0.0607023 0.0410609 0.0547812 0.0255662 0.0669178 0.0244374 0.0404002 0.043765 0.0418941 0.0237486 0.0435225 0.0312613 0.0467793 0.101131 0.0642684 0.071105 0.0397338 0.048234 0.0796746 
0.0501995 0.0574828 0.046025 0.0506761 0.0328157 0.0626753 0.0271481 0.0419762 0.0464691 0.0433601 0.0254429 0.0474436 0.0344514 0.0472509 0.0891519 0.0631045 0.0657704 0.0405494 0.0461299 0.0818774 
0.0488736 0.0537921 0.0519884 0.0460651 0.0427333 0.057821 0.0308873 0.0435889 0.0489181 0.0449 0.0278272 0.0517275 0.0385781 0.0478131 0.0763796 0.0613357 0.0599054 0.0413777 0.0435179 0.0819701 
0.047066 0.0498086 0.0585897 0.0412929 0.0552915 0.052607 0.035709 0.045073 0.0507625 0.0463749 0.0309866 0.0559705 0.0435677 0.0483844 0.0636382 0.0589333 0.0538245 0.0421587 0.0405323 0.0794288 
0.0449067 0.0458001 0.065222 0.0367708 0.0698533 0.0474152 0.0414523 0.0462697 0.0517446 0.0476391 0.0348637 0.0596912 0.0491366 0.0488469 0.0518765 0.0559826 0.0479575 0.0428326 0.0374188 0.0743201 
0.0426041 0.0420493 0.0712102 0.0328546 0.0852642 0.0426485 0.0477482 0.0470814 0.0518012 0.0485924 0.0392479 0.0624947 0.0548552 0.049094 0.0418798 0.0526903 0.0427233 0.0433611 0.0344651 0.0673347 
0.0403762 0.038764 0.0760431 0.0297403 0.100222 0.0385996 0.0541314 0.0475001 0.0510759 0.0492125 0.043843 0.0642112 0.060291 0.0490755 0.0340342 0.0493261 0.0383935 0.0437429 0.0319023 0.0595161 
0.038384 0.03603 0.0795089 0.02744 0.113682 0.0353835 0.0601882 0.0475935 0.0498373 0.0495442 0.048369 0.0649165 0.0651391 0.0488072 0.0282885 0.0461343 0.0350363 0.0440105 0.0298424 0.051865 
0.036705 0.0338275 0.081676 0.0258373 0.125055 0.0329583 0.0656495 0.0474666 0.0483674 0.0496648 0.0526331 0.0648473 0.0692657 0.0483481 0.0243017 0.0432744 0.0325601 0.0442122 0.0282828 0.0450677 
0.0511594 0.0615429 0.0360713 0.0715725 0.0177264 0.0715728 0.0236108 0.039243 0.0410052 0.0399224 0.0237333 0.0387311 0.0297632 0.0443154 0.102687 0.0610831 0.0817345 0.0404487 0.0585731 0.0655043 
0.0508596 0.0593843 0.0395901 0.0678238 0.021234 0.0683056 0.0252599 0.0405073 0.0435878 0.0411267 0.024817 0.041995 0.031901 0.0448199 0.094156 0.0608607 0.0771068 0.0413134 0.0566698 0.0686816 
0.0501449 0.0567437 0.0442007 0.0630211 0.0264387 0.0643302 0.0277032 0.041982 0.046336 0.0425237 0.0264256 0.0459752 0.0348378 0.0454652 0.0843666 0.0602691 0.0717044 0.0422493 0.0540829 0.0712001 
0.0489381 0.053628 0.0499145 0.0573264 0.033752 0.0596878 0.0311883 0.0435743 0.0489385 0.044046 0.0287704 0.0505161 0.0387245 0.0462382 0.0736284 0.0591996 0.0656428 0.0432033 0.050804 0.0722792 
0.0472285 0.0501376 0.0564822 0.0511021 0.0433261 0.0545648 0.0358713 0.0451385 0.0510217 0.045573 0.0320162 0.0552662 0.0435705 0.0470637 0.0625262 0.0575702 0.0591896 0.0441011 0.04696 0.071291 
0.0451071 0.0464751 0.0633636 0.0448704 0.0548497 0.0492999 0.041705 0.046509 0.0522593 0.0469541 0.036189 0.0597229 0.0491718 0.0478129 0.0518512 0.0553761 0.0527679 0.0448622 0.0428354 0.0680179 
0.0427623 0.0429004 0.0698509 0.0391776 0.0675151 0.0443064 0.0483895 0.0475521 0.052501 0.0480602 0.0411218 0.063384 0.0551271 0.0483469 0.0423866 0.0527277 0.0468546 0.0454279 0.0388098 0.0627986 
0.0404218 0.0396479 0.0753089 0.0344225 0.0802455 0.0399367 0.0554426 0.0482119 0.0518305 0.0488308 0.0464916 0.0659291 0.0609623 0.048576 0.0346542 0.0498347 0.0418227 0.045785 0.0352311 0.0564148 
0.0382773 0.0368572 0.0793774 0.0307582 0.0920563 0.0363803 0.0623577 0.0485173 0.0505098 0.049283 0.0519324 0.06731 0.0662869 0.0484888 0.0287883 0.0469355 0.0378345 0.0459689 0.032306 0.0497742 
0.0364386 0.0345598 0.0820176 0.0281147 0.102311 0.0336493 0.0687447 0.0485534 0.0488574 0.0494838 0.0571471 0.0677062 0.0708825 0.0481397 0.0245979 0.0442234 0.0348482 0.0460437 0.0300747 0.0436066 
0.0505712 0.0576828 0.0379515 0.0827024 0.0179653 0.0691749 0.0262919 0.0406331 0.0435087 0.0404137 0.0259894 0.0401611 0.0324799 0.0424393 0.085282 0.0569099 0.0824047 0.0428058 0.0665369 0.058096 
0.0499474 0.055574 0.0420859 0.0774514 0.0215891 0.0655408 0.0284856 0.0419685 0.0462415 0.0417158 0.0275075 0.0440345 0.0351461 0.0432089 0.0776197 0.0567712 0.0771168 0.0438732 0.0635838 0.0605388 
0.0488667 0.0530222 0.047366 0.070881 0.0268018 0.0612156 0.0317025 0.0434856 0.048945 0.0431817 0.0297796 0.0486321 0.0387486 0.044144 0.0690095 0.0562977 0.0710689 0.0449801 0.059728 0.0621435 
0.047283 0.0500567 0.0536679 0.0633051 0.033839 0.0563121 0.036191 0.0450692 0.0512376 0.0447172 0.033048 0.0536897 0.0433769 0.0451859 0.0597995 0.0553816 0.0644582 0.0460398 0.0550589 0.0622831 
0.0452418 0.0468048 0.0605621 0.0552983 0.0426181 0.0511031 0.0420293 0.0465615 0.0527353 0.0461809 0.0374393 0.0587374 0.0489198 0.0462073 0.050571 0.0539493 0.0576626 0.046948 0.0498659 0.0605648 
0.0428979 0.0434812 0.0673646 0.0475841 0.0526325 0.0459837 0.04902 0.0478067 0.0531938 0.0474249 0.0428639 0.0632077 0.0550327 0.0470447 0.0420151 0.0520146 0.051183 0.0476147 0.0446089 0.0570254 
0.0404771 0.040325 0.0733504 0.0408158 0.0630528 0.0413509 0.0567007 0.0487041 0.0526144 0.0483504 0.0490032 0.0666335 0.0612229 0.0475638 0.0347131 0.0497032 0.0454865 0.0480009 0.0397775 0.052154 
0.0381976 0.0375208 0.078007 0.0353746 0.0730073 0.0374728 0.0644882 0.0492369 0.0512304 0.0489387 0.0554144 0.0688104 0.0670174 0.0477132 0.0289536 0.0472171 0.0408514 0.0481335 0.0357233 0.0466913 
0.0362051 0.0351539 0.0811614 0.0313158 0.0818576 0.0344319 0.0718624 0.0494616 0.0493896 0.0492385 0.0616809 0.0698178 0.0721013 0.0475287 0.0247044 0.0447619 0.0373176 0.0480887 0.0325775 0.0413438 
0.0345564 0.0332212 0.0829331 0.0284587 0.0893018 0.0321601 0.0784805 0.0494702 0.0474213 0.0493279 0.067512 0.0699169 0.0763505 0.047096 0.021722 0.0424878 0.0347513 0.0479568 0.0302828 0.0365928 
0.0502023 0.0558339 0.0362514 0.0984837 0.0155621 0.0694716 0.0273885 0.0407446 0.0435043 0.0397777 0.0271525 0.038167 0.0328993 0.0398416 0.0755045 0.0527706 0.0865122 0.0440716 0.0772345 0.0486262 
0.0496496 0.0541771 0.0398231 0.0931401 0.0180214 0.0662306 0.0293507 0.0419169 0.0461567 0.0409663 0.0285773 0.0417801 0.0352803 0.0406691 0.0697155 0.0529433 0.0815139 0.0452597 0.0741156 0.0507131 
0.048691 0.0521356 0.0445151 0.0860748 0.02163 0.0623135 0.0322844 0.0433142 0.0488992 0.0423415 0.0307394 0.046224 0.0385554 0.041693 0.0631019 0.0529198 0.0757079 0.0465247 0.0698903 0.0524448 
0.0472522 0.0496811 0.0503259 0.077481 0.0266401 0.0577582 0.0365131 0.0448579 0.0513622 0.0438398 0.033948 0.0513452 0.0428852 0.0428789 0.0558138 0.0525927 0.0692055 0.0477743 0.0645774 0.053268 
0.0453311 0.0468665 0.0569693 0.067889 0.0331099 0.0527522 0.0422416 0.0464133 0.0531227 0.0453421 0.0384373 0.05676 0.0482608 0.0441174 0.0482116 0.0518507 0.0622985 0.0488834 0.0584189 0.0527241 
0.0430365 0.0438438 0.0638483 0.0581274 0.040772 0.0476385 0.0494063 0.0478183 0.0538439 0.0466963 0.0442286 0.0618983 0.0544241 0.0452367 0.0408291 0.0506281 0.0554589 0.0497252 0.0519073 0.0506329 
0.0405757 0.040833 0.0702047 0.0491049 0.0490354 0.0428298 0.0576115 0.048936 0.0534209 0.0477718 0.0510524 0.0661782 0.060897 0.0460624 0.0342231 0.0489561 0.0492155 0.0502186 0.0456682 0.047205 
0.038185 0.0380478 0.0753892 0.0415129 0.0571713 0.0386676 0.0662283 0.049701 0.0520273 0.0485087 0.0584149 0.0692217 0.0671375 0.0464914 0.0287805 0.0469706 0.043969 0.0503641 0.0402436 0.0429678 
0.036048 0.035627 0.0790717 0.0356388 0.0645704 0.0353194 0.074607 0.050131 0.050021 0.0489268 0.065775 0.0709636 0.0727222 0.0465236 0.0246161 0.0448622 0.0398748 0.0502382 0.0359215 0.038542 
0.0342554 0.0336154 0.0812685 0.0313937 0.070898 0.0327749 0.0822582 0.0503003 0.0477891 0.0490949 0.0727058 0.0715978 0.0774359 0.0462376 0.0216102 0.0428054 0.0368602 0.0499545 0.0327168 0.0344277 
0.0493127 0.0527619 0.0375905 0.108996 0.0154751 0.066401 0.030168 0.041823 0.0460649 0.040301 0.0295345 0.039419 0.0351979 0.0380796 0.0615824 0.0491418 0.0845803 0.0462914 0.0849564 0.0423229 
0.0484615 0.051148 0.0416003 0.101915 0.0179201 0.0629426 0.0328084 0.043069 0.0487742 0.0415613 0.0315555 0.0435271 0.0381129 0.0391111 0.0566599 0.0494086 0.0791998 0.047691 0.0806453 0.043889 
0.0471727 0.049153 0.0467419 0.0928266 0.0213988 0.0588356 0.036713 0.0445205 0.0513507 0.0429811 0.0346193 0.0484638 0.042069 0.0403485 0.0511155 0.0495069 0.0730584 0.0491283 0.0749963 0.0450004 
0.0454021 0.0467656 0.0528829 0.0821129 0.0260403 0.0541739 0.0421997 0.0460769 0.0533601 0.0444723 0.0390602 0.0539715 0.047158 0.0417143 0.0451191 0.0493205 0.0663343 0.0504685 0.068149 0.0452183 
0.0432042 0.0440678 0.0595691 0.0705769 0.0317493 0.0492157 0.0493603 0.0475877 0.0543877 0.045896 0.0450344 0.0595493 0.0532352 0.0430511 0.0390214 0.0487355 0.0594124 0.0515504 0.06055 0.044246 
0.0407499 0.0412375 0.0660839 0.0593059 0.0381464 0.044349 0.0579184 0.0488944 0.054208 0.0471028 0.0523747 0.0645636 0.0598818 0.0441618 0.0332841 0.0476974 0.0528238 0.0522405 0.0529055 0.0420706 
0.0382785 0.0384962 0.0716852 0.0493289 0.0446589 0.0399661 0.0672514 0.0498855 0.0528966 0.0479922 0.0605852 0.0684763 0.0665168 0.0448897 0.0283237 0.0462575 0.0470685 0.0524906 0.0459578 0.0389946 
0.0360091 0.0360291 0.0758794 0.0412777 0.0507311 0.036326 0.0765965 0.0505317 0.0507882 0.0485459 0.0690123 0.0710405 0.0726044 0.0451816 0.0243674 0.0445604 0.0424378 0.0523566 0.0402203 0.0355044 
0.0340735 0.0339342 0.0785423 0.0352739 0.0560068 0.0334981 0.0852999 0.0508785 0.0483168 0.0488134 0.077072 0.0723315 0.0778145 0.0450893 0.0214179 0.0427827 0.03896 0.0519655 0.0358567 0.0320729 
0.0325085 0.0322243 0.0798486 0.0310623 0.0603785 0.0314023 0.092956 0.0510107 0.045858 0.0488733 0.0843829 0.0726287 0.0820469 0.0447202 0.0193239 0.0410702 0.0364754 0.051458 0.0327472 0.0290243 
0.0489991 0.0514921 0.0355455 0.123944 0.0136989 0.0661394 0.0308473 0.0416987 0.0459757 0.0397321 0.0303095 0.0371479 0.0349127 0.035652 0.0540218 0.045657 0.0862788 0.0469247 0.095366 0.0356574 
0.0482351 0.0502131 0.0388541 0.117311 0.0153367 0.0631378 0.0331958 0.0427777 0.0485739 0.0408675 0.0321724 0.0407966 0.0374544 0.0366228 0.0504067 0.0460715 0.0814164 0.0484096 0.0912627 0.0368848 
0.0470881 0.0486039 0.0432279 0.108324 0.0177145 0.0595272 0.0367263 0.0440965 0.0511882 0.0421791 0.0350217 0.0453428 0.0409807 0.0378218 0.0462931 0.0464286 0.0758105 0.0499978 0.0856402 0.0379877 
0.0454835 0.0466061 0.0486719 0.0971409 0.0209824 0.0553147 0.0418435 0.0455937 0.053403 0.0436129 0.0392687 0.0506674 0.0456708 0.0392106 0.0417163 0.0466312 0.0695238 0.0515601 0.0785041 0.0385945 
0.0434223 0.0442347 0.0549048 0.0843972 0.0251547 0.0506558 0.0487949 0.0471472 0.0547567 0.0450568 0.0452095 0.056398 0.0515069 0.0406671 0.0368601 0.046553 0.0628124 0.0529162 0.0701727 0.0383797 
0.0410236 0.0416093 0.0613272 0.0712008 0.030024 0.0458695 0.057472 0.0485965 0.0549066 0.0463612 0.0528281 0.0619344 0.0581763 0.0419986 0.0320532 0.046082 0.0561384 0.0538812 0.0613304 0.0371869 
0.0385094 0.0389345 0.0671791 0.0588516 0.0351741 0.0413586 0.0673297 0.0497946 0.0537966 0.0473941 0.061696 0.0666319 0.0651104 0.0430092 0.0276758 0.0451837 0.0500444 0.05434 0.0528675 0.0351192 
0.036124 0.0364266 0.0718258 0.0483896 0.0401241 0.0374626 0.0775366 0.0506609 0.0516912 0.0480937 0.0710892 0.0700523 0.0716797 0.043584 0.024017 0.0439324 0.0449496 0.0543 0.0455575 0.0325036 
0.0340449 0.0342382 0.0749765 0.0402838 0.0445093 0.0343467 0.0872707 0.0512005 0.0490432 0.0484793 0.0802584 0.0721004 0.0774167 0.0437267 0.0211851 0.0424786 0.0410154 0.05388 0.0398017 0.0297441 
0.0323454 0.0324282 0.0766966 0.034444 0.0481759 0.0319961 0.0959541 0.0514802 0.0463015 0.0486202 0.0886566 0.072972 0.0821172 0.0435284 0.0191203 0.0409819 0.0381601 0.0532475 0.0356019 0.027172 
0.0480589 0.0494291 0.0364414 0.131335 0.0135716 0.0630029 0.0334181 0.0424764 0.0483376 0.0402686 0.0325737 0.0382416 0.0366545 0.0343927 0.0448648 0.0431171 0.0824876 0.0486972 0.101099 0.031533 
0.047037 0.0481269 0.0400374 0.12298 0.015189 0.0598774 0.0365514 0.0436383 0.0509022 0.0414585 0.0351678 0.0422651 0.0397262 0.0354871 0.0418292 0.043594 0.0774792 0.0503716 0.0958388 0.0324434 
0.0455992 0.0464655 0.0446791 0.112019 0.0174688 0.0561628 0.0411993 0.0450261 0.0532477 0.0428001 0.0391045 0.0471797 0.0439322 0.0368056 0.0383951 0.0440237 0.0717861 0.0521063 0.0888439 0.0331548 
0.0437021 0.0444058 0.0502523 0.0988176 0.0204836 0.051912 0.0477429 0.0465564 0.0549049 0.0442153 0.0448 0.0527695 0.0493755 0.0382729 0.0346219 0.0442963 0.0655256 0.0537238 0.0802532 0.0333687 
0.0414064 0.0420026 0.0563282 0.084319 0.0241519 0.0473443 0.0562675 0.0480878 0.0554414 0.0455726 0.0524172 0.0585474 0.0558851 0.0397284 0.0307043 0.0442783 0.0590337 0.0550047 0.0706153 0.0328641 
0.0388946 0.0394202 0.0622162 0.069924 0.028202 0.0428225 0.0663833 0.0494566 0.0546544 0.0467248 0.0616726 0.0638509 0.0629697 0.0409654 0.0269412 0.0438701 0.052818 0.0557634 0.0608519 0.0315983 
0.0364179 0.0368837 0.0672019 0.0570429 0.0322437 0.0387329 0.0772681 0.0505361 0.0526881 0.0475701 0.0718479 0.0680845 0.0699526 0.0418153 0.0236309 0.0430661 0.0473816 0.0559325 0.0519619 0.0297414 
0.0341966 0.0345933 0.0708268 0.0465946 0.0359219 0.0353388 0.0879568 0.0512808 0.0499672 0.0480881 0.082052 0.0709508 0.076229 0.0422187 0.0209562 0.0419636 0.0430272 0.0555903 0.0446476 0.0275995 
0.0323512 0.0326619 0.0730068 0.0388042 0.0390408 0.0327137 0.0976724 0.0517262 0.0469966 0.0483282 0.0915416 0.0725028 0.0814531 0.0422286 0.0189434 0.0407128 0.0397892 0.0549125 0.0391334 0.0254808 
0.0308993 0.0311106 0.0739475 0.0333645 0.0415832 0.0307799 0.105985 0.0519529 0.0441824 0.0483687 0.099884 0.0730204 0.0855567 0.0419573 0.0175037 0.0394521 0.037507 0.0540902 0.0352542 0.023601 
