20 hexa 10 10 gaussian
#SNAPSHOT FILE
#iterations: 27000 (40000 total)
0.0480896 0.0813232 0.0280611 0.027808 0.0135788 0.0763267 0.0155721 0.0321985 0.0318163 0.0377266 0.0161464 0.033782 0.0200252 0.0530801 0.20238 0.0763531 0.0728914 0.0321373 0.0272159 0.0734891 
0.0495469 0.0779433 0.0293436 0.026066 0.0154476 0.0734146 0.0162094 0.0341753 0.0351152 0.0397825 0.016515 0.0355843 0.0204213 0.0511856 0.180561 0.0763502 0.068276 0.0326486 0.0276053 0.0938097 
0.0508382 0.0728024 0.0317679 0.0238869 0.0197996 0.0692713 0.017428 0.0368815 0.0397349 0.042671 0.017116 0.038306 0.0213268 0.0487616 0.151368 0.0753511 0.0620462 0.0333158 0.028283 0.119045 
0.0513588 0.0661349 0.0357605 0.0216038 0.0290857 0.0639548 0.0195787 0.0399909 0.0451953 0.0460632 0.0180566 0.0417915 0.0231935 0.0463101 0.118488 0.072799 0.0546424 0.0340431 0.0290881 0.142861 
0.0506504 0.058621 0.0413739 0.0198081 0.0466995 0.0578146 0.0230553 0.0428749 0.0503351 0.0492913 0.0195137 0.0454168 0.0265622 0.0445009 0.0873768 0.0683964 0.0469928 0.0347418 0.0297329 0.156242 
0.0486972 0.0510169 0.0480398 0.0189859 0.0755548 0.0513215 0.0281099 0.0448509 0.0537794 0.0516633 0.0216739 0.0482352 0.0317811 0.0436973 0.0622354 0.0622527 0.0399919 0.0354025 0.0299224 0.152788 
0.0459344 0.0439481 0.0545907 0.0192008 0.115151 0.0450274 0.0345134 0.0455167 0.0546691 0.0528128 0.0245402 0.0494107 0.0385962 0.0436977 0.0444168 0.0549565 0.0342016 0.0360783 0.0295243 0.133214 
0.0430256 0.0379669 0.0597499 0.0200754 0.159465 0.0395865 0.0413558 0.0449799 0.05318 0.0528434 0.0277639 0.0487502 0.045985 0.0439581 0.0331289 0.0475772 0.0299118 0.0367879 0.02866 0.105249 
0.0405392 0.0334573 0.0629288 0.0210761 0.199574 0.0354991 0.0474733 0.0437906 0.0503902 0.0522073 0.030805 0.0468964 0.0526751 0.0440455 0.0266575 0.041264 0.027149 0.0374757 0.027625 0.0784728 
0.0387186 0.0304335 0.0645028 0.0218498 0.22929 0.0328073 0.0522012 0.04256 0.0475061 0.0513914 0.0333286 0.0448541 0.0579423 0.0438655 0.0232117 0.0366372 0.0256433 0.0380769 0.0266931 0.058488 
0.0499085 0.0763201 0.0296121 0.0312143 0.0143208 0.0773903 0.0167535 0.034388 0.0327653 0.0382163 0.0172971 0.0347834 0.0223925 0.0514255 0.17786 0.0748239 0.0814208 0.0331818 0.0299057 0.0760212 
0.0516477 0.0724294 0.0319473 0.0289169 0.0169509 0.0732719 0.0175519 0.0367152 0.0367663 0.0408691 0.0176758 0.0378722 0.0231754 0.0498977 0.154046 0.0752765 0.074334 0.0336698 0.0300856 0.0969009 
0.0526963 0.0669681 0.036064 0.0261775 0.0228201 0.0677133 0.0190507 0.0396096 0.0419465 0.0443151 0.0182891 0.0422667 0.0247608 0.0482247 0.124854 0.0745915 0.0652351 0.0342671 0.0303624 0.119787 
0.0523522 0.060355 0.0422875 0.0235314 0.0345884 0.061091 0.0216537 0.0425797 0.0474275 0.0479706 0.019294 0.0474582 0.0277339 0.0469111 0.0947715 0.072087 0.0552845 0.0349065 0.0305331 0.137184 
0.0504239 0.0533069 0.0501761 0.0216485 0.0552094 0.0540597 0.0257381 0.0449429 0.0518251 0.051001 0.0209161 0.0522853 0.0325982 0.0463355 0.068662 0.0674593 0.0459678 0.0355625 0.0303697 0.141512 
0.0473778 0.0464868 0.0584057 0.0208725 0.0860349 0.04728 0.0313902 0.0461603 0.0539735 0.0527701 0.0233136 0.0553878 0.0393808 0.0463974 0.0491435 0.0609924 0.0383069 0.0362776 0.0297469 0.130301 
0.0440289 0.0404125 0.0652386 0.0210293 0.124431 0.0413396 0.0381074 0.0461236 0.0535857 0.0531605 0.0263697 0.0559438 0.0473291 0.0465912 0.0361996 0.053578 0.0326635 0.0370908 0.028738 0.108039 
0.0410977 0.0354936 0.0694923 0.0216272 0.163681 0.0366945 0.0448601 0.0452041 0.0513826 0.0525611 0.0296555 0.0542218 0.0551247 0.0464488 0.0284031 0.04646 0.0289556 0.037955 0.0275854 0.0830963 
0.0389253 0.0319179 0.071234 0.0222177 0.196698 0.0334762 0.0506848 0.043993 0.0485546 0.0515626 0.0327131 0.0513838 0.061639 0.0458737 0.0240382 0.0406506 0.0268255 0.0387644 0.0265477 0.0623 
0.0374839 0.0295721 0.0714418 0.0225973 0.219815 0.0314547 0.0552182 0.0429502 0.0460348 0.0506181 0.0353779 0.048671 0.0664749 0.0450691 0.0216781 0.0365091 0.0257843 0.0394471 0.0257674 0.0480363 
0.0502096 0.0727816 0.0299913 0.0393348 0.0137521 0.0816366 0.0179423 0.0351972 0.0308706 0.0367144 0.0185597 0.0336394 0.0250397 0.050223 0.1658 0.0712834 0.0974743 0.0342566 0.0347186 0.0605758 
0.0523225 0.0700551 0.0322175 0.0369125 0.0153252 0.0776627 0.0184418 0.0371169 0.034232 0.0389965 0.0187595 0.0368778 0.0258243 0.0496581 0.147923 0.0729085 0.0899854 0.034569 0.034295 0.0759175 
0.053948 0.0659802 0.03634 0.0337066 0.0189091 0.0719602 0.0194182 0.0396622 0.0389185 0.0422605 0.019099 0.0419105 0.0272495 0.0490827 0.124379 0.0740887 0.0794158 0.0349952 0.0337942 0.0948821 
0.0541352 0.0606416 0.04303 0.030049 0.0263715 0.064811 0.0212507 0.042517 0.0443754 0.0461215 0.0197126 0.04854 0.0299173 0.0487818 0.0979191 0.0738755 0.0669041 0.0355102 0.0330657 0.112471 
0.0523771 0.0545437 0.0521428 0.0267226 0.0400833 0.0570179 0.0243876 0.0450796 0.0493489 0.049737 0.0208481 0.0555944 0.0344512 0.0489818 0.0729371 0.0714306 0.054515 0.0360945 0.0320158 0.121691 
0.0490552 0.0483467 0.0623195 0.0244362 0.0618569 0.0495196 0.029131 0.0467419 0.0524923 0.0522249 0.0227757 0.061244 0.0411041 0.0495548 0.0529662 0.0665518 0.044112 0.0367752 0.0306554 0.118137 
0.0451645 0.0425842 0.071391 0.0233464 0.0912963 0.0430101 0.0353549 0.0472305 0.0531663 0.053176 0.0255884 0.0639414 0.0494179 0.0500019 0.039036 0.0598556 0.036489 0.037603 0.0291161 0.103231 
0.0416631 0.0376328 0.0774732 0.0230917 0.124766 0.0378675 0.0423706 0.0467317 0.0517364 0.0528116 0.0290578 0.0633048 0.0582298 0.0498212 0.030235 0.052537 0.0314993 0.0385666 0.0276147 0.0829899 
0.0390428 0.0337356 0.0800209 0.0231708 0.156625 0.0341781 0.0491972 0.0457294 0.0492231 0.0517382 0.0327383 0.0602892 0.0661856 0.0488963 0.025029 0.0458449 0.0285701 0.0395598 0.0263591 0.0638666 
0.0373146 0.030943 0.0799059 0.0232532 0.182174 0.0317561 0.0551042 0.0447018 0.0466451 0.0505539 0.0362751 0.0564779 0.0724035 0.0475108 0.0220552 0.0405507 0.0270485 0.040456 0.0254563 0.0494144 
0.0526771 0.0659687 0.0323198 0.049497 0.0143357 0.0816948 0.0201021 0.037991 0.0324505 0.0372416 0.0204031 0.0352749 0.0288765 0.0476396 0.132798 0.0679992 0.106566 0.0360716 0.042292 0.0578008 
0.054759 0.0632004 0.0362141 0.0458224 0.0164847 0.0761491 0.0207106 0.0401215 0.0366316 0.0401066 0.02054 0.0404708 0.0302301 0.0481409 0.115641 0.0705859 0.0954527 0.036393 0.0408933 0.0714528 
0.0555748 0.0593244 0.042942 0.0409697 0.0210296 0.0687488 0.0219223 0.0426986 0.0418865 0.0438678 0.0208383 0.0480045 0.0326404 0.0490988 0.0948692 0.0725941 0.0810437 0.0368191 0.038891 0.0862362 
0.05424 0.0545087 0.0528368 0.035658 0.0296434 0.0602532 0.0242228 0.045271 0.0471656 0.0478447 0.0215659 0.0570149 0.0368197 0.0505341 0.0734112 0.0727627 0.0655792 0.0373377 0.0363039 0.097027 
0.0508351 0.0492547 0.0647651 0.0310269 0.0438684 0.0518713 0.0280865 0.0472324 0.0510182 0.0510275 0.0231048 0.0654275 0.0432216 0.0521381 0.0547631 0.0702082 0.0518374 0.0379467 0.0334184 0.0989482 
0.0464213 0.044111 0.0762712 0.0278205 0.0641465 0.0446141 0.0336946 0.0481848 0.0525025 0.052689 0.0257488 0.0709623 0.0516576 0.0533045 0.0408904 0.0650455 0.0415378 0.0386853 0.0306309 0.0910815 
0.0422461 0.0394644 0.0847868 0.0259973 0.0890268 0.0389293 0.0407304 0.0481593 0.0517093 0.0527864 0.0294942 0.0724333 0.0612203 0.0534649 0.0316716 0.0583022 0.0348081 0.0395866 0.0282575 0.0769258 
0.0390441 0.035554 0.0889732 0.0250521 0.115238 0.0348126 0.0484166 0.0475165 0.0495054 0.0518346 0.0340053 0.0702722 0.0705684 0.0524568 0.0259261 0.051334 0.0308648 0.0406043 0.0264626 0.0615582 
0.0369243 0.0325063 0.0892285 0.0244969 0.138963 0.0320269 0.0558501 0.0466845 0.0469174 0.0505062 0.0388066 0.0660525 0.0784563 0.0506013 0.0224404 0.0452231 0.0287749 0.0416169 0.0252662 0.0486588 
0.035634 0.0303172 0.0870709 0.0240673 0.157445 0.0302482 0.0624093 0.0459573 0.0446624 0.049305 0.0435569 0.0615113 0.0841676 0.0484501 0.0203342 0.0404795 0.0277894 0.0425045 0.0245851 0.039505 
0.0526095 0.0610627 0.0320322 0.0679296 0.0135496 0.0841315 0.0223812 0.039083 0.031625 0.0358601 0.0225336 0.0332031 0.0316574 0.0440197 0.111268 0.0610905 0.119485 0.0379603 0.0550474 0.0434713 
0.0548325 0.0592798 0.0354241 0.0639677 0.0148523 0.0791564 0.0227871 0.0407938 0.0354324 0.0381821 0.0225716 0.0379958 0.0329771 0.0452115 0.0998247 0.0642359 0.109209 0.0383324 0.0529244 0.0520102 
0.0561715 0.0567483 0.0415745 0.0579608 0.0175648 0.0720945 0.0235671 0.0429837 0.0405172 0.0415334 0.022662 0.0455559 0.0351308 0.0471954 0.085401 0.067749 0.0945961 0.0388377 0.0495878 0.0625688 
0.0554849 0.053332 0.0513511 0.0502551 0.0227753 0.0634336 0.0251935 0.045391 0.046048 0.0455154 0.0230731 0.0556412 0.0388684 0.0499176 0.0692376 0.0703458 0.0774322 0.0394547 0.0449976 0.0722529 
0.0523804 0.0492275 0.0642039 0.0422674 0.0316018 0.0543897 0.0282866 0.047499 0.0505146 0.0491978 0.0243027 0.0664025 0.0448272 0.0528804 0.0537737 0.0705508 0.0608446 0.0401098 0.0397076 0.0770323 
0.0477033 0.0448812 0.0777291 0.0356263 0.044575 0.0463209 0.0333217 0.0488265 0.0526254 0.0516056 0.0268859 0.075006 0.0530778 0.05523 0.0412314 0.0676866 0.0476395 0.0407636 0.0346319 0.074633 
0.0429012 0.0407186 0.0887823 0.0310521 0.0611834 0.0399785 0.0403338 0.0492526 0.05218 0.0523532 0.0310872 0.0793309 0.0629655 0.056202 0.032323 0.0623306 0.0387728 0.041459 0.0304877 0.0663062 
0.0390263 0.0370113 0.0951801 0.0282393 0.0798375 0.035399 0.0488233 0.0490234 0.049981 0.0517553 0.0367407 0.0790596 0.0733038 0.0555315 0.0264562 0.0558161 0.0335652 0.0422509 0.0275263 0.0554737 
0.0363824 0.0339177 0.0966094 0.0265146 0.0982683 0.0322673 0.0578929 0.0485088 0.0471365 0.0504657 0.0433165 0.0754521 0.0827247 0.0535289 0.0226863 0.0494542 0.0308159 0.0431161 0.025655 0.0452873 
0.0347646 0.0315146 0.0943566 0.0253568 0.114307 0.0302165 0.0665759 0.0479847 0.0445001 0.0490914 0.0501578 0.0704009 0.0900923 0.0508525 0.0202696 0.0440752 0.0295098 0.0439604 0.0246383 0.0373749 
0.0541295 0.0553142 0.0340006 0.0879666 0.01354 0.0797895 0.0252813 0.0414328 0.0352884 0.0368262 0.0249849 0.0349304 0.0347606 0.040948 0.0807395 0.0563236 0.115901 0.0403482 0.0697535 0.0377417 
0.055666 0.0537527 0.0390301 0.0813545 0.0151765 0.0736919 0.0258273 0.0431862 0.0403356 0.0395624 0.0250086 0.0415921 0.0366183 0.0433223 0.0717286 0.0601901 0.103022 0.0411361 0.0655658 0.0442336 
0.0556381 0.0515454 0.0476199 0.0715556 0.0182939 0.0657341 0.0269788 0.045278 0.0462427 0.0431667 0.0252228 0.0514293 0.0397949 0.0468065 0.0611342 0.064239 0.0866088 0.042134 0.059169 0.0514088 
0.0532327 0.0485882 0.0600437 0.0597328 0.0236547 0.0567751 0.0294321 0.0473665 0.0515064 0.0469888 0.026194 0.0633831 0.0450667 0.0509411 0.0499976 0.066911 0.0691806 0.043167 0.0510738 0.0567639 
0.0487791 0.0450883 0.0745134 0.048307 0.0317034 0.0482243 0.0339526 0.0489729 0.0543988 0.0500097 0.028729 0.0746393 0.0527822 0.0546775 0.0399375 0.0667712 0.0539882 0.0440006 0.0427081 0.0578179 
0.0436343 0.0414373 0.0876367 0.0393342 0.0422163 0.0412234 0.0409588 0.049818 0.0542207 0.0514993 0.0334629 0.0821587 0.062531 0.0568929 0.0320791 0.0635496 0.0430804 0.0445531 0.03559 0.0541237 
0.0391382 0.0379796 0.0963595 0.0333023 0.0543333 0.036099 0.050252 0.0499996 0.0516761 0.0514565 0.0404854 0.0845628 0.0732709 0.0570386 0.0265083 0.058226 0.0364554 0.0449445 0.0304584 0.0474535 
0.0358902 0.0349349 0.0994952 0.0295321 0.0668153 0.0325809 0.0610142 0.0498278 0.0481066 0.0504177 0.0492652 0.0825153 0.0836497 0.0553244 0.0227064 0.0522245 0.0329397 0.0453331 0.0272391 0.0401883 
0.0338256 0.0324328 0.0978653 0.0271464 0.0783852 0.0302531 0.0720332 0.0495709 0.0446529 0.0490277 0.0588298 0.0778422 0.0923433 0.0524684 0.0201311 0.0466786 0.0312905 0.0457767 0.0254877 0.0339592 
0.0326028 0.0305228 0.0934335 0.0255525 0.0881265 0.0287711 0.0821021 0.0493486 0.0419295 0.0477689 0.0681078 0.072467 0.098422 0.0493098 0.0184107 0.0421703 0.0306246 0.0462365 0.0247232 0.0293702 
0.0529109 0.0522604 0.032276 0.115133 0.0123382 0.0776849 0.0277158 0.0418954 0.0357812 0.0361912 0.0274275 0.0319355 0.0352864 0.0365305 0.0629264 0.0486836 0.113471 0.0419057 0.0892227 0.0284239 
0.0542566 0.0512475 0.0359646 0.108885 0.013361 0.0728474 0.0281757 0.0432309 0.0408333 0.0382833 0.0275224 0.0371191 0.0367946 0.0386359 0.0575485 0.0518953 0.103343 0.0430463 0.0850736 0.0319363 
0.0546334 0.049862 0.0426235 0.0982341 0.0152659 0.0662975 0.0290456 0.0449082 0.0472032 0.0412617 0.0276829 0.0454761 0.0393085 0.0420382 0.05134 0.0560423 0.0897843 0.0446119 0.0778759 0.0365058 
0.053084 0.0478326 0.0532088 0.0834851 0.0185518 0.0583795 0.0309953 0.0467896 0.053554 0.0448192 0.0284499 0.0569718 0.0436481 0.0465714 0.044376 0.0600446 0.0741678 0.0463985 0.0676773 0.0409949 
0.0493562 0.0451028 0.0670421 0.0670114 0.0235857 0.0501129 0.0350032 0.0485241 0.057769 0.0481458 0.0308333 0.0696478 0.0504434 0.051335 0.0373227 0.0622806 0.0590873 0.0479312 0.0558821 0.0435835 
0.0443462 0.0419107 0.0811989 0.0522081 0.0302809 0.0427684 0.0419208 0.0497416 0.0583207 0.0503217 0.0359339 0.0801137 0.0596069 0.0549384 0.0310796 0.0615906 0.0471232 0.0487791 0.044813 0.0430041 
0.0394618 0.038636 0.0919676 0.0412103 0.0380506 0.0371005 0.0519292 0.0503402 0.0554565 0.0509577 0.044265 0.0857073 0.0702294 0.056334 0.0261603 0.0581302 0.0392921 0.0489107 0.0362629 0.039598 
0.0356392 0.0356009 0.0970813 0.034039 0.0460728 0.0331211 0.0643227 0.0505092 0.0507719 0.05035 0.0553774 0.086019 0.0809369 0.0553928 0.0225345 0.0530967 0.0349663 0.0486428 0.0306723 0.034853 
0.0330637 0.0330128 0.0966387 0.0296101 0.053584 0.0304703 0.0776756 0.0505069 0.0459518 0.0491133 0.0679817 0.0825224 0.0903177 0.0527824 0.0199404 0.0478402 0.0329205 0.048319 0.0275221 0.0302271 
0.0314833 0.0309732 0.0924775 0.0268554 0.0601061 0.0287712 0.0903141 0.0504804 0.0420165 0.0478018 0.0804127 0.0773253 0.0973128 0.049483 0.0181368 0.0432682 0.0321158 0.048116 0.0260264 0.0265236 
0.0524681 0.0496952 0.0331477 0.136349 0.0119062 0.0699511 0.0301706 0.0431784 0.0413059 0.0377178 0.0297997 0.03317 0.0359691 0.0344314 0.0458967 0.0447822 0.0964831 0.0441309 0.104804 0.0246429 
0.0528979 0.0487668 0.0377729 0.126413 0.0131183 0.064972 0.030884 0.0444352 0.0479596 0.0400357 0.0300274 0.0394553 0.0378043 0.0371174 0.0423906 0.0480439 0.0863705 0.0461749 0.0980762 0.027284 
0.0520324 0.0473649 0.0457168 0.11087 0.0152015 0.0586869 0.0324447 0.0459572 0.0554072 0.0430605 0.0306682 0.049072 0.0410699 0.0411272 0.0384494 0.0519859 0.0742225 0.048803 0.0873934 0.0304662 
0.049272 0.0452588 0.0573635 0.0910204 0.0184517 0.0515346 0.0358916 0.0475972 0.0614822 0.0463193 0.0327627 0.0613637 0.0465803 0.0460243 0.0340704 0.0554463 0.0614196 0.051468 0.0734581 0.0332158 
0.04488 0.0424691 0.0710135 0.0704708 0.0229025 0.0444713 0.0424697 0.0490485 0.0637397 0.0489634 0.0378284 0.0736413 0.0546707 0.0505899 0.0296134 0.0569431 0.0500558 0.053315 0.0586206 0.0342936 
0.0399782 0.0393041 0.0830654 0.0531693 0.0281613 0.0384811 0.0528829 0.0500499 0.061328 0.0502925 0.0470132 0.0824169 0.0647257 0.0533747 0.0255796 0.0556934 0.0417641 0.0537993 0.0457802 0.0331408 
0.0357235 0.0361806 0.0902117 0.0409339 0.0335636 0.0340136 0.0666578 0.0505879 0.0556532 0.0502431 0.0601743 0.0857586 0.0753427 0.0536466 0.0222785 0.0521835 0.0367925 0.0531015 0.0366171 0.0303358 
0.0326389 0.0334317 0.0914582 0.0332317 0.0385076 0.0309618 0.0821646 0.0508403 0.0490844 0.0492962 0.0757463 0.0842182 0.0849461 0.0517515 0.0197589 0.0476727 0.0343243 0.0518597 0.0310988 0.0270084 
0.0306554 0.031235 0.0881976 0.0286267 0.0426908 0.0289958 0.0972473 0.05098 0.0434122 0.0480489 0.0914137 0.0798447 0.09237 0.0486962 0.017942 0.0433396 0.0333324 0.0506531 0.0282639 0.0240545 
0.0294708 0.029621 0.0828748 0.0258898 0.0461779 0.0277975 0.110052 0.0510754 0.0393486 0.0469233 0.105041 0.074752 0.0971794 0.0455171 0.0167116 0.0398355 0.0330525 0.0497641 0.0270587 0.0218583 
0.0508093 0.0490069 0.0310148 0.159889 0.0107721 0.0661648 0.0316345 0.0431036 0.04136 0.0376384 0.0315679 0.0302772 0.0347365 0.0313847 0.0378436 0.0397194 0.0862351 0.0444251 0.121742 0.0206757 
0.0510473 0.0483115 0.0340086 0.151756 0.0115684 0.0624658 0.0322435 0.0440297 0.0478607 0.0394087 0.0319256 0.0346101 0.0359944 0.0331952 0.0357257 0.0418252 0.0788625 0.0466491 0.116356 0.0221575 
0.0505392 0.0472965 0.0393977 0.13752 0.0129463 0.0577988 0.033488 0.0451606 0.0559236 0.0418423 0.0325213 0.041791 0.0382528 0.036175 0.0335236 0.0448481 0.0701741 0.0498088 0.106739 0.0242536 
0.0486411 0.0456758 0.048083 0.117162 0.0151293 0.0521725 0.0363219 0.0465122 0.0637948 0.0447569 0.0342556 0.0521731 0.0423201 0.0403229 0.0309812 0.0482551 0.0605959 0.0535438 0.0927541 0.0265487 
0.0451328 0.0432814 0.0597074 0.093088 0.0182302 0.0460193 0.0422032 0.0479584 0.0685897 0.0475609 0.0388157 0.0644548 0.0488893 0.0449632 0.0280465 0.0509107 0.0512367 0.0568522 0.0758521 0.0282077 
0.0406067 0.0402415 0.0717402 0.0698033 0.0220573 0.0401478 0.052432 0.0492417 0.0680182 0.049467 0.0480384 0.0754838 0.0578668 0.0487358 0.0249463 0.0515884 0.0435257 0.0585483 0.0591135 0.0283976 
0.0361571 0.0369757 0.0805254 0.051303 0.0260913 0.0353079 0.0670435 0.0501593 0.0623628 0.0500431 0.0624725 0.0820774 0.0680548 0.0503771 0.0220546 0.0498906 0.0383342 0.0581738 0.0456096 0.0269861 
0.0326199 0.033964 0.0838114 0.0388461 0.0297556 0.0317943 0.0843524 0.0507107 0.0542432 0.0494987 0.080545 0.0832464 0.0776912 0.0496128 0.0196563 0.0465425 0.0355137 0.0563197 0.0366298 0.0246461 
0.0302112 0.0315221 0.0820671 0.031352 0.0327313 0.0294771 0.10168 0.0510271 0.0465026 0.0484051 0.0992689 0.0804055 0.0853637 0.0472058 0.0178538 0.0427502 0.0342996 0.0540205 0.0316039 0.0222527 
0.0287322 0.0297358 0.0775537 0.0270875 0.0350619 0.0280581 0.116614 0.0512244 0.0406662 0.0472711 0.115742 0.0758641 0.0905512 0.0442805 0.016611 0.0394353 0.0339259 0.0520401 0.0292025 0.0203439 
0.0495265 0.0482695 0.0315064 0.171627 0.0104817 0.0597654 0.0331388 0.0437324 0.046925 0.0391447 0.0332499 0.0313076 0.0344098 0.0305886 0.0314408 0.0377275 0.0706785 0.0463619 0.130652 0.0194678 
0.0491092 0.0474964 0.0349752 0.15987 0.0114228 0.0563292 0.0341225 0.0445604 0.0548429 0.0410651 0.0338636 0.0363039 0.035903 0.032555 0.0300928 0.0396864 0.0644589 0.0495793 0.122918 0.0208452 
0.0477876 0.0462543 0.0409113 0.141421 0.0129422 0.0521251 0.0363506 0.0455737 0.0637156 0.043526 0.0352727 0.0442036 0.0386945 0.0355827 0.0285887 0.0423279 0.0577186 0.0538502 0.110548 0.0226064 
0.0451385 0.0442785 0.0497648 0.117057 0.0151768 0.0471764 0.0412532 0.0468086 0.0709567 0.0462126 0.0390296 0.0549118 0.0435973 0.0395077 0.0267055 0.0450692 0.0507783 0.0584135 0.0938851 0.0242795 
0.0412574 0.0414869 0.0604112 0.0901723 0.0180978 0.0418848 0.0505722 0.048153 0.0733437 0.0484704 0.0473915 0.0665219 0.0510412 0.0434772 0.0244123 0.046864 0.0444193 0.0618062 0.0750784 0.025139 
0.036903 0.0381564 0.0698723 0.0657512 0.0213772 0.0369547 0.0651166 0.0493623 0.0693866 0.0496526 0.0618657 0.0757156 0.0603704 0.0461692 0.0219493 0.0467953 0.0395392 0.0627245 0.0576554 0.0246827 
0.0330331 0.0348421 0.075115 0.0474452 0.0244861 0.033007 0.0835632 0.0502452 0.0608403 0.0496141 0.0814581 0.0799892 0.0698817 0.0466998 0.0196883 0.0448376 0.0365354 0.0610971 0.0445159 0.0231066 
0.0301899 0.0320491 0.0753401 0.0357838 0.0270158 0.0302506 0.102841 0.0507928 0.0512657 0.0487701 0.102773 0.0794143 0.0778349 0.0452826 0.0178937 0.0418599 0.0350948 0.0580684 0.0363515 0.0211289 
0.0283736 0.0299929 0.0721534 0.0291402 0.0288957 0.0285229 0.119847 0.0511113 0.0433967 0.0476856 0.122014 0.0760021 0.0834213 0.0429014 0.0166287 0.0388942 0.0345877 0.0549783 0.0320583 0.0193962 
0.0273219 0.0286168 0.0679157 0.0255677 0.0303438 0.0275247 0.132782 0.0513019 0.0381019 0.0467323 0.136748 0.0719214 0.0868814 0.0405357 0.0158155 0.0365496 0.034496 0.0525848 0.0300899 0.0181713 
