20 hexa 10 10 gaussian
#SNAPSHOT FILE
#iterations: 11000 (40000 total)
0.050272 0.0676694 0.0355391 0.0361578 0.0248819 0.0687076 0.019137 0.0365849 0.0395282 0.0415937 0.0190857 0.0405694 0.0242579 0.0500693 0.135659 0.0721877 0.0625116 0.0346746 0.0362509 0.104662 
0.0503225 0.0649687 0.0387152 0.0351665 0.0313332 0.0660079 0.0206998 0.0376365 0.0411814 0.0425813 0.0200741 0.042771 0.0263344 0.0505488 0.125403 0.0715339 0.0600269 0.0350692 0.0360685 0.103558 
0.0501257 0.0617737 0.0427248 0.0339778 0.0404673 0.0626927 0.0228766 0.0388266 0.0429265 0.0436781 0.0214116 0.045319 0.0290609 0.0510945 0.113595 0.0703626 0.0568872 0.035561 0.0356666 0.100972 
0.0495831 0.0580931 0.0475513 0.0326133 0.0527977 0.0587783 0.0257914 0.0400913 0.0446079 0.0448257 0.0231799 0.0481045 0.0325194 0.0516575 0.100453 0.0685313 0.0531416 0.0361458 0.0350013 0.0965325 
0.0486319 0.0540204 0.0530103 0.0311303 0.0684405 0.0543909 0.0294875 0.0413304 0.0460456 0.0459418 0.0254159 0.0509226 0.0366881 0.0521486 0.0864956 0.0659467 0.0489434 0.0368073 0.0340641 0.0901383 
0.0472807 0.0497538 0.0587293 0.029619 0.0868578 0.0497807 0.0338708 0.0424268 0.0470786 0.0469356 0.0280763 0.0534999 0.0413964 0.0524575 0.0725442 0.0626321 0.0445552 0.0375143 0.0328995 0.0820919 
0.0456244 0.0455668 0.0642208 0.0281854 0.106821 0.0452796 0.0386968 0.0432818 0.0476164 0.0477347 0.0310272 0.0555724 0.04634 0.0524916 0.0595612 0.0587647 0.0403046 0.0382247 0.031603 0.0730831 
0.0438203 0.0417276 0.0690315 0.0269225 0.126712 0.0412056 0.04363 0.0438482 0.0476694 0.0483105 0.0340766 0.0569792 0.0511685 0.0522155 0.0483623 0.0546437 0.036496 0.0388967 0.0302938 0.0639905 
0.042034 0.0384164 0.0728822 0.0258853 0.145014 0.0377695 0.0483479 0.0441402 0.0473375 0.0486837 0.0370368 0.0577123 0.0555973 0.0516625 0.0393786 0.0505937 0.0333273 0.0395025 0.0290767 0.0556023 
0.040391 0.0356912 0.0757169 0.0250845 0.160692 0.0350388 0.0526255 0.0442182 0.0467639 0.0489084 0.0397744 0.0578947 0.0594763 0.050916 0.032611 0.0468696 0.0308583 0.0400355 0.0280159 0.0484181 
0.0502447 0.0645671 0.0375919 0.0416199 0.0266521 0.0676751 0.0209167 0.0378153 0.0413519 0.0420738 0.0205867 0.0418202 0.0264682 0.0491894 0.122446 0.0692852 0.0649044 0.0361286 0.0402515 0.0984117 
0.0501025 0.0617212 0.041323 0.0401178 0.0337762 0.0645751 0.0228711 0.0389514 0.0431574 0.0431606 0.0218603 0.0443991 0.0289627 0.049799 0.111946 0.0684462 0.0617813 0.0366599 0.0397176 0.0966723 
0.0496492 0.0584196 0.0459117 0.0382993 0.0435986 0.060858 0.0255393 0.0402013 0.0449583 0.0443326 0.0235722 0.0473149 0.0321729 0.0504666 0.10013 0.0670695 0.0579693 0.0372795 0.0388589 0.0933987 
0.0488065 0.0547119 0.0512532 0.0362226 0.0564192 0.0566005 0.0290185 0.0414821 0.0465636 0.0455138 0.0257989 0.0504004 0.036133 0.0511198 0.0873521 0.0650438 0.0535904 0.0379673 0.0376539 0.0883486 
0.0475534 0.0507386 0.057052 0.0340026 0.0720501 0.0520003 0.0332908 0.0426823 0.047783 0.0466101 0.028547 0.0533931 0.0407432 0.0516494 0.0742523 0.062332 0.0488834 0.0386901 0.0361413 0.081605 
0.0459513 0.0467258 0.06285 0.0317964 0.0896725 0.047361 0.0381817 0.0436897 0.0484823 0.0475326 0.031723 0.0559934 0.0457533 0.051941 0.061678 0.0590225 0.0441795 0.0394051 0.0344281 0.0736333 
0.0441371 0.0429308 0.0681473 0.0297655 0.107961 0.0430172 0.0433838 0.0444283 0.0486303 0.0482277 0.0351432 0.0579613 0.050818 0.0519182 0.0504599 0.0553345 0.0398248 0.0400696 0.0326651 0.0651767 
0.0422793 0.0395612 0.0725608 0.0280302 0.125467 0.0392338 0.0485459 0.0448806 0.0483051 0.048694 0.0385884 0.059198 0.055605 0.0515734 0.0411591 0.0515564 0.0360842 0.0406551 0.0310003 0.0570226 
0.0405246 0.0367206 0.0759205 0.0266432 0.141029 0.0361424 0.0533756 0.0450844 0.0476559 0.0489754 0.0418699 0.0597605 0.0598904 0.0509648 0.0339431 0.0479546 0.0330826 0.0411553 0.0295365 0.049771 
0.0389647 0.0344086 0.078264 0.025596 0.153985 0.0337424 0.0576978 0.0451099 0.0468457 0.049137 0.0448708 0.0598117 0.0635888 0.0501865 0.0286418 0.0447096 0.0308101 0.0415828 0.0283178 0.0437295 
0.0501557 0.0637561 0.0364968 0.0499367 0.0228212 0.0691575 0.0214177 0.0380981 0.0415993 0.0415258 0.0212972 0.0406712 0.0268126 0.0474797 0.117421 0.0664194 0.0701752 0.0373533 0.0456513 0.0917548 
0.0500411 0.0612506 0.0399129 0.0481471 0.028241 0.0662806 0.0231822 0.0391615 0.0434302 0.0425835 0.0225253 0.0432267 0.0290887 0.0481381 0.108279 0.065861 0.0671011 0.0379406 0.0449786 0.09063 
0.0496516 0.0583293 0.0441931 0.0458695 0.0358479 0.0627861 0.0256267 0.0403672 0.0453194 0.043757 0.0241925 0.0462042 0.0320497 0.0488877 0.0979084 0.064885 0.0632626 0.0386161 0.0439075 0.088339 
0.0488995 0.0550083 0.0493067 0.0431504 0.046026 0.0587072 0.0288913 0.0416535 0.047072 0.0449813 0.0264106 0.0494817 0.0357756 0.0496758 0.0865244 0.0633808 0.0587485 0.039355 0.0424 0.0845517 
0.0477394 0.0513763 0.0550454 0.0401163 0.0588323 0.054187 0.0330294 0.0429224 0.0484746 0.046165 0.0292385 0.0528278 0.0402346 0.0504049 0.0745873 0.0612736 0.0537667 0.0401192 0.0404825 0.0791769 
0.0461998 0.0476075 0.061011 0.0369703 0.0738088 0.0494865 0.0379455 0.0440591 0.0493507 0.0472088 0.0326354 0.0559333 0.0452426 0.0509511 0.0627896 0.0585775 0.048638 0.0408611 0.0382669 0.0724569 
0.0443912 0.0439317 0.0666959 0.0339515 0.0899722 0.0449357 0.0433829 0.0449658 0.0496196 0.0480356 0.0364443 0.0584962 0.0504834 0.0512056 0.0519084 0.0554267 0.043737 0.0415337 0.0359344 0.0649487 
0.0424759 0.0405676 0.0716361 0.031271 0.106055 0.0408395 0.0489841 0.0455928 0.0493249 0.0486168 0.0404289 0.0603238 0.0555979 0.051117 0.0425757 0.0520499 0.0393923 0.0421052 0.0336851 0.057361 
0.0406155 0.0376572 0.0755472 0.0290558 0.120879 0.0373927 0.0543983 0.0459492 0.0486098 0.0489781 0.0443451 0.0613873 0.0602948 0.0507077 0.0351033 0.0486999 0.0358021 0.0425685 0.0316764 0.0503325 
0.038927 0.0352421 0.0783673 0.027335 0.133644 0.0346514 0.0593703 0.0460886 0.0476586 0.0491803 0.0480072 0.0617996 0.0644142 0.050056 0.0294633 0.045579 0.0330114 0.0429396 0.0299906 0.0442746 
0.0499538 0.0603866 0.0384829 0.0581179 0.0237395 0.0677459 0.0237583 0.0394362 0.0437512 0.0419538 0.0233606 0.0418022 0.0293812 0.0461109 0.102625 0.0626632 0.0726444 0.0393444 0.0515191 0.0832228 
0.0496039 0.0578399 0.0423896 0.055427 0.0294623 0.0644976 0.0260014 0.040574 0.0456905 0.0431046 0.0249903 0.044763 0.0320917 0.0469152 0.0937574 0.0620276 0.0688366 0.0400939 0.0502413 0.0816926 
0.048924 0.0549153 0.0471674 0.0520746 0.0372878 0.0606439 0.0290568 0.0418323 0.0475613 0.0443451 0.0271947 0.0481386 0.0355601 0.0478037 0.0839087 0.0609889 0.0642572 0.0409082 0.0484239 0.0790078 
0.04785 0.0516577 0.0526972 0.048179 0.0474182 0.0562743 0.0330412 0.0431329 0.0491353 0.0455928 0.0300844 0.0517448 0.0398168 0.0486977 0.0733764 0.059456 0.0590744 0.041743 0.046073 0.0749552 
0.0463795 0.0481886 0.0586641 0.0439723 0.0596763 0.0515964 0.0379428 0.044368 0.0501981 0.0467457 0.0336807 0.0552892 0.0447502 0.0494769 0.0626794 0.0573897 0.0535834 0.0425426 0.0432934 0.0695828 
0.044592 0.044699 0.0645919 0.0397686 0.0734113 0.0469161 0.0435744 0.0454276 0.0506157 0.0477078 0.0378733 0.0584341 0.0500939 0.0500115 0.0524867 0.0548441 0.0481696 0.0432514 0.0402895 0.0632417 
0.0426355 0.0414023 0.0699699 0.0358884 0.0876063 0.0425594 0.0495974 0.0462336 0.0503837 0.048422 0.042429 0.0609014 0.055486 0.0502099 0.0434359 0.0519746 0.0432159 0.0438291 0.0373167 0.0565029 
0.0406792 0.038468 0.0744102 0.0325685 0.101169 0.0387778 0.0556182 0.0467624 0.0496243 0.0488878 0.0470568 0.0625627 0.06058 0.0500516 0.0359438 0.048996 0.0389991 0.0442641 0.0346037 0.0499771 
0.0388631 0.0359795 0.0777398 0.0299136 0.113234 0.0356909 0.061299 0.0470435 0.0485342 0.0491534 0.0514937 0.0634572 0.0651385 0.0495876 0.03012 0.0461132 0.0356338 0.0445749 0.0322931 0.0441373 
0.0372702 0.0339358 0.0799925 0.0279066 0.123318 0.0332914 0.0664248 0.0471398 0.0473145 0.0492895 0.055562 0.0637414 0.0690631 0.0489101 0.025818 0.043471 0.033089 0.0447983 0.0304295 0.039235 
0.0498541 0.0591956 0.0370455 0.069821 0.0201548 0.0689104 0.0245204 0.0397391 0.0441107 0.0412855 0.0242966 0.0401622 0.0297697 0.0437784 0.0952651 0.0589935 0.0781178 0.0407786 0.0592367 0.0749643 
0.0495226 0.0570076 0.0405281 0.0668264 0.0243363 0.0659271 0.0265811 0.0407912 0.0460546 0.0423896 0.0258902 0.0430245 0.0322289 0.0446056 0.0878819 0.0586311 0.0744113 0.0416134 0.0577931 0.0739556 
0.048897 0.0544755 0.0448759 0.0629295 0.0301645 0.0623408 0.0294302 0.0419927 0.0480047 0.0436163 0.0280675 0.0463924 0.0354194 0.0455533 0.0796163 0.0579855 0.0698596 0.042522 0.0557002 0.0721571 
0.0479009 0.0516083 0.0500535 0.0582175 0.0379062 0.0581904 0.0332393 0.0432885 0.0497282 0.0448976 0.0309866 0.0501392 0.039425 0.0465651 0.0706306 0.056967 0.0645834 0.0434548 0.0529355 0.0692829 
0.0465048 0.048478 0.0558429 0.0529218 0.0475766 0.0536241 0.0380788 0.0445864 0.0509806 0.0461363 0.0347364 0.0540146 0.0442086 0.0475358 0.0612737 0.0555042 0.0588355 0.0443471 0.0495816 0.0652326 
0.0447551 0.0452297 0.0618346 0.0474108 0.0588088 0.048905 0.0438468 0.0457742 0.0515747 0.0472261 0.0392724 0.0576764 0.0495696 0.0483293 0.0520703 0.0535868 0.0529893 0.0451301 0.0458483 0.060162 
0.0427769 0.0420564 0.0675123 0.0421167 0.0708593 0.0443588 0.0502511 0.0467525 0.0514471 0.0480832 0.0443902 0.0607824 0.0551688 0.0488222 0.0436049 0.0512936 0.0474638 0.0457494 0.0420401 0.0544704 
0.0407392 0.0391422 0.0724085 0.037417 0.0827927 0.0402812 0.056877 0.047465 0.0506816 0.0486762 0.0497702 0.0631021 0.0606233 0.0489497 0.0363471 0.0487824 0.0426123 0.0461825 0.0384682 0.048682 
0.0388008 0.036608 0.0762381 0.0335382 0.0937572 0.0368568 0.0633089 0.0479112 0.0494727 0.0490314 0.0550719 0.0645789 0.0656203 0.0487245 0.030523 0.0462392 0.0386332 0.0464454 0.0353605 0.0432798 
0.0370711 0.0344916 0.0789391 0.0305309 0.103189 0.0341349 0.0692346 0.0481355 0.0480508 0.0492133 0.0600239 0.0653129 0.0699846 0.048221 0.0261042 0.0438217 0.0355545 0.0465818 0.0328194 0.0385857 
0.0494272 0.0559288 0.0386638 0.0796238 0.0203396 0.0670255 0.0272647 0.0409827 0.0463881 0.0416364 0.0268016 0.0410685 0.0323885 0.0420768 0.0807313 0.0549098 0.0796503 0.0430519 0.0662983 0.0657425 
0.0488397 0.0537693 0.042514 0.0753571 0.0245497 0.0637388 0.0299069 0.0421043 0.048369 0.0428198 0.0289305 0.0443212 0.0352857 0.0430381 0.073993 0.0545729 0.0752314 0.0440628 0.0640124 0.0645838 
0.047913 0.0512893 0.0472188 0.0699857 0.0302741 0.0598683 0.0335132 0.0433618 0.050207 0.0440996 0.031833 0.0480744 0.038997 0.0441115 0.0665752 0.0539826 0.0699957 0.0451126 0.0609153 0.0626723 
0.0465954 0.0485173 0.0526596 0.0637036 0.0376396 0.0555012 0.0382314 0.0446841 0.0516404 0.0453915 0.0356652 0.052139 0.0435555 0.045215 0.0586788 0.0530572 0.0641377 0.0461289 0.0570494 0.0598095 
0.0449004 0.0455499 0.05852 0.0568926 0.0464958 0.0508433 0.0440548 0.0459676 0.0524344 0.0465881 0.0404628 0.0562016 0.0488384 0.0462209 0.0506728 0.0517418 0.0579918 0.0470282 0.0526049 0.0559901 
0.0429237 0.0425472 0.0643218 0.0500732 0.0563545 0.0461965 0.0507648 0.0471007 0.0524596 0.0475864 0.0460792 0.0598882 0.0545545 0.0469885 0.0430425 0.0500467 0.0519862 0.0477363 0.0479133 0.0514364 
0.0408244 0.0396932 0.0695541 0.043776 0.0664773 0.0418817 0.0579558 0.0479983 0.0517439 0.0483227 0.0521948 0.062878 0.0603088 0.0474127 0.0362556 0.0480626 0.046537 0.0482119 0.0433668 0.0465447 
0.0387745 0.037138 0.0738306 0.0383941 0.0760891 0.0381439 0.0651493 0.048626 0.0504598 0.0487936 0.0584036 0.0650053 0.0657235 0.0474618 0.0306189 0.0459369 0.0419338 0.0484598 0.0393003 0.0417576 
0.0369092 0.03496 0.0769822 0.0341006 0.0845956 0.0350976 0.0719282 0.0490028 0.0488553 0.0490477 0.0643307 0.0662863 0.0705381 0.04718 0.0262148 0.0438228 0.0382838 0.048526 0.0359075 0.0374308 
0.035303 0.0331644 0.0790451 0.0308663 0.091688 0.0327326 0.0780205 0.0491838 0.0471722 0.0491591 0.0697149 0.0668693 0.0746422 0.0466568 0.022937 0.0418376 0.0355348 0.0484766 0.0332304 0.0337656 
0.0493386 0.0547265 0.0368674 0.093119 0.0173181 0.0677758 0.0279504 0.0411187 0.0466732 0.0408784 0.0276348 0.0390116 0.0325063 0.0394863 0.0729269 0.0511241 0.0842348 0.0442908 0.0753188 0.0576998 
0.0487762 0.0529048 0.0401883 0.0887253 0.0202767 0.0648039 0.030383 0.042144 0.0486288 0.0419923 0.0296903 0.0420533 0.0351037 0.0404174 0.0675674 0.0510074 0.0800455 0.0453968 0.0729649 0.0569302 
0.0479102 0.0507896 0.0443385 0.0829546 0.0243846 0.0612583 0.0337559 0.0433341 0.0505338 0.0432357 0.0325224 0.0456797 0.0384874 0.0414938 0.0616209 0.0507438 0.0749898 0.0465673 0.069674 0.0557258 
0.0466737 0.0483744 0.0492895 0.075929 0.0298175 0.0571679 0.0382837 0.0446427 0.0521234 0.0445421 0.0363472 0.0497736 0.0427521 0.0426607 0.0551743 0.0502574 0.0691928 0.0477262 0.0654374 0.0538346 
0.0450497 0.0457093 0.0548318 0.0679897 0.0365699 0.0526722 0.0440582 0.0459831 0.0531279 0.0458129 0.0412871 0.0540797 0.0478577 0.0438118 0.0484527 0.0494722 0.0629248 0.0487776 0.0603948 0.051137 
0.0431004 0.0429131 0.0605634 0.059694 0.0443668 0.048027 0.0509579 0.047243 0.0533532 0.046936 0.0472807 0.0582311 0.0535829 0.044806 0.0418179 0.0483468 0.0565878 0.0496252 0.0548689 0.0476984 
0.0409649 0.0401543 0.0659749 0.0517048 0.052674 0.0435535 0.0586236 0.0483154 0.0527557 0.0478204 0.0540449 0.0618454 0.0595515 0.0455096 0.035687 0.0469056 0.0506333 0.0502006 0.0493107 0.04377 
0.0388202 0.0376007 0.0706052 0.0446083 0.0608364 0.0395449 0.0665407 0.0491324 0.0514633 0.0484282 0.0611354 0.0646474 0.0653387 0.0458464 0.0304038 0.0452422 0.0454371 0.0504872 0.0441701 0.0397118 
0.0368249 0.0353684 0.0741763 0.0387589 0.0682759 0.036184 0.0741912 0.0496814 0.0497232 0.0487827 0.0680768 0.0665474 0.0705985 0.0458196 0.02614 0.0434874 0.0412026 0.0505233 0.0397647 0.0358733 
0.0350813 0.0335004 0.0766334 0.0342385 0.0746329 0.0335187 0.0811842 0.0499978 0.0478123 0.0489489 0.0744888 0.0676279 0.0751378 0.0454975 0.0228828 0.0417642 0.0379449 0.0503836 0.0362233 0.0325007 
0.0487293 0.0519972 0.0380051 0.102243 0.0171335 0.0655398 0.0307766 0.0421037 0.0487807 0.0411757 0.0302768 0.0397416 0.0348407 0.0378606 0.0609353 0.0475475 0.0840525 0.0464219 0.0820548 0.0497843 
0.0479162 0.0502089 0.0415671 0.0963953 0.0200087 0.0623404 0.0338885 0.043204 0.0506943 0.0423526 0.0329859 0.0431275 0.0378784 0.0388876 0.0562731 0.0475073 0.0792941 0.0476973 0.0787472 0.0490261 
0.0467613 0.0481301 0.0459353 0.0889781 0.0239079 0.0585832 0.0381556 0.0444635 0.0523976 0.0436341 0.0367076 0.0470942 0.0417945 0.0400485 0.051151 0.047346 0.0737245 0.0489973 0.0743407 0.0478493 
0.0452227 0.0457702 0.0510052 0.0802405 0.0289086 0.0543398 0.043762 0.0458184 0.0536034 0.0449385 0.0416481 0.0514643 0.0466279 0.0412665 0.0456788 0.0469862 0.0675313 0.0502195 0.0689028 0.0460656 
0.0433272 0.0432035 0.0564776 0.0707043 0.0348949 0.0498027 0.0506999 0.0471671 0.0540627 0.0461566 0.047849 0.0559175 0.0522438 0.0424164 0.0400933 0.0463572 0.0610551 0.0512478 0.0627029 0.0436208 
0.0411856 0.0405697 0.061891 0.061106 0.0415186 0.045266 0.0586951 0.0483919 0.0536537 0.0471793 0.0551047 0.0600506 0.0583168 0.043354 0.0347288 0.0454287 0.0547432 0.051983 0.0562062 0.0406275 
0.038969 0.0380393 0.0667486 0.0522137 0.0482665 0.041049 0.0672378 0.0493952 0.052437 0.0479354 0.0629733 0.0634987 0.0644046 0.0439652 0.0299216 0.0442356 0.0490354 0.0523755 0.0499605 0.0373384 
0.0368545 0.0357591 0.0706769 0.0446071 0.0546145 0.0373984 0.0757278 0.0501291 0.0506344 0.048415 0.070899 0.0660536 0.0700845 0.0442077 0.0259019 0.0428694 0.0442362 0.0524432 0.0444282 0.0340596 
0.0349734 0.0338123 0.0735177 0.0385489 0.0601808 0.0344302 0.0836464 0.0506022 0.0485427 0.0486644 0.0783746 0.0677038 0.0750697 0.044116 0.0227405 0.0414435 0.0404521 0.0522596 0.039868 0.0310534 
0.0333903 0.0322128 0.0753153 0.0340041 0.0647934 0.032135 0.0906628 0.0508638 0.0464381 0.048758 0.0850531 0.0685868 0.0792438 0.0437736 0.0203704 0.0400545 0.0376174 0.0519233 0.0363236 0.0284801 
0.0487165 0.0511451 0.0360443 0.115119 0.0148909 0.0659888 0.0310387 0.0419922 0.0488481 0.0404085 0.0306531 0.03753 0.0344879 0.0355083 0.0546267 0.0444019 0.0871434 0.0470911 0.0907746 0.0435916 
0.0479501 0.0496371 0.0390321 0.109527 0.0168662 0.0631301 0.0338723 0.0429886 0.050708 0.0414966 0.0331976 0.040594 0.0371789 0.0364475 0.0510152 0.0444933 0.0827518 0.0484374 0.0876375 0.0430387 
0.0468752 0.0478604 0.042781 0.102117 0.0196067 0.0597339 0.0378189 0.0441696 0.0524675 0.0427193 0.0367306 0.0443029 0.0407117 0.0375443 0.047018 0.0445453 0.0775385 0.0498537 0.0832888 0.0423166 
0.0454325 0.045793 0.0472762 0.0930168 0.0232254 0.0558102 0.0431397 0.0454973 0.0538418 0.0440153 0.0415282 0.0485617 0.0451934 0.0387531 0.0426638 0.0444926 0.0716016 0.0512399 0.0777155 0.0412021 
0.0436157 0.0434664 0.0523304 0.0826414 0.0277113 0.0514795 0.0499447 0.0468897 0.0545451 0.0452886 0.0477411 0.053127 0.0505815 0.0399771 0.0380831 0.0442567 0.0651929 0.0524683 0.0710967 0.039563 
0.0415011 0.0409821 0.0575678 0.0717128 0.0328687 0.0469839 0.0580774 0.0482314 0.0543817 0.046425 0.055275 0.0576215 0.05663 0.0410798 0.0335145 0.0437723 0.0587124 0.0534107 0.063854 0.0373982 
0.0392422 0.0384978 0.0625041 0.0611227 0.0383278 0.0426397 0.0670842 0.0494046 0.053329 0.0473268 0.0637421 0.0616288 0.062917 0.0419257 0.0292512 0.0430207 0.0526241 0.0539779 0.0565861 0.034848 
0.0370254 0.0361787 0.0666986 0.0516815 0.0436449 0.0387426 0.0763201 0.0503268 0.0515553 0.0479485 0.0725452 0.0648296 0.0689662 0.0424293 0.0255471 0.0420448 0.0473209 0.0541527 0.049894 0.0321481 
0.0350101 0.0341467 0.0698896 0.043894 0.0484434 0.0354798 0.0851447 0.0509729 0.0493549 0.0483077 0.0810586 0.0670955 0.0743939 0.0425825 0.0225378 0.0409322 0.0430157 0.0539927 0.0442008 0.0295468 
0.0332902 0.0324527 0.0720337 0.0378893 0.052509 0.0329024 0.0930888 0.0513716 0.0470414 0.0484674 0.088796 0.0684882 0.0789935 0.0424431 0.0202253 0.0397794 0.039721 0.0536033 0.0396726 0.0272313 
0.0480231 0.0491394 0.0368111 0.121661 0.014672 0.0636761 0.0337056 0.0427166 0.0506241 0.0407048 0.0331695 0.0382249 0.0364156 0.034279 0.0462156 0.0418493 0.0853531 0.0487883 0.0959048 0.0380663 
0.0470252 0.0476235 0.0399569 0.11464 0.0165723 0.0606379 0.0372936 0.0437987 0.0523745 0.0418437 0.0364513 0.0415847 0.0395541 0.0352722 0.0431164 0.0420194 0.0805644 0.0502763 0.0918331 0.037562 
0.0456843 0.0458248 0.0438345 0.105641 0.0191493 0.0570704 0.0422312 0.0450625 0.0538636 0.0430942 0.0409837 0.0455856 0.0436282 0.0364104 0.0396955 0.0421614 0.0750167 0.0517932 0.0863972 0.0368732 
0.0439672 0.043738 0.0483598 0.0949263 0.0224512 0.0530235 0.0487357 0.0464514 0.0547917 0.04438 0.0470166 0.0500744 0.0486824 0.0376297 0.036004 0.0422049 0.068861 0.0532111 0.0796685 0.0358228 
0.0419131 0.041423 0.0532644 0.0831134 0.0263946 0.0486705 0.0567883 0.0478645 0.0549047 0.0455937 0.0545866 0.0547404 0.054569 0.0388177 0.0321908 0.0420705 0.0624127 0.0543823 0.0719712 0.0343287 
0.039647 0.0390099 0.0581221 0.0711183 0.0307388 0.0442944 0.0660421 0.0491771 0.0540924 0.0466237 0.0634113 0.0591661 0.0609265 0.0398364 0.028486 0.0417013 0.0561121 0.0551783 0.0638861 0.0324306 
0.0373526 0.0366676 0.0624678 0.0599338 0.0351344 0.0402133 0.0758637 0.0502782 0.0524456 0.047392 0.0729093 0.0629502 0.0672614 0.0405693 0.0251342 0.0410912 0.0504074 0.0555359 0.0561107 0.0302814 
0.0352116 0.0345487 0.0659523 0.0503331 0.0392338 0.0366792 0.0855185 0.0511064 0.0502266 0.0478818 0.0823662 0.0658425 0.0731056 0.0409638 0.0223118 0.0402904 0.0456161 0.0554799 0.049242 0.02809 
0.0333508 0.0327448 0.0684327 0.0426845 0.0427974 0.0338136 0.0943892 0.051661 0.0477687 0.0481342 0.0911507 0.0677988 0.078148 0.0410413 0.0200813 0.0393807 0.0418513 0.0551071 0.0436153 0.0260486 
0.0318228 0.0312771 0.0699602 0.0369649 0.0457367 0.0316102 0.102102 0.0519876 0.0453685 0.0482216 0.0988523 0.0689411 0.0822734 0.0408736 0.0184024 0.0384435 0.0390453 0.0545462 0.0392869 0.0242842 
