20 hexa 10 10 gaussian
#SNAPSHOT FILE
#iterations: 8000 (200000 total)
0.0437599 0.0891405 0.0266374 0.0250889 0.0125826 0.0747584 0.0146061 0.0290379 0.0282852 0.0359802 0.0153647 0.0331147 0.0183121 0.054898 0.246475 0.0729729 0.0680886 0.0321025 0.0241115 0.0546843 
0.0454966 0.0864213 0.0266883 0.0235589 0.0132925 0.0726948 0.0150329 0.0307332 0.0310371 0.0377971 0.0159313 0.0346961 0.0181195 0.0518985 0.217391 0.0747623 0.0636025 0.0331326 0.0246992 0.0830162 
0.0473434 0.0802085 0.0276929 0.0210914 0.0152847 0.0690768 0.0159839 0.0339569 0.0361442 0.0411029 0.0165883 0.0374363 0.0181002 0.0472497 0.172165 0.075263 0.0566956 0.0342851 0.0258788 0.128453 
0.0484515 0.0706762 0.0304769 0.0182334 0.020778 0.0640632 0.0178505 0.0386626 0.0433593 0.045815 0.0173424 0.0412945 0.018717 0.0421886 0.120049 0.0725958 0.0485458 0.0351539 0.0276659 0.178081 
0.0481152 0.0602865 0.0353024 0.0163206 0.0343596 0.0585762 0.0210505 0.0436141 0.0507425 0.0508845 0.0183871 0.0453647 0.0206658 0.0388155 0.077877 0.0664735 0.0413362 0.0354042 0.0296525 0.206774 
0.0465006 0.0507454 0.0419035 0.016196 0.0642119 0.0527038 0.0263504 0.0473377 0.0561136 0.0551311 0.0202494 0.0483645 0.0247897 0.0378409 0.0513313 0.0579583 0.0355283 0.0351756 0.0313139 0.200255 
0.0440417 0.0420524 0.0494194 0.0177633 0.118079 0.045858 0.0343989 0.0485597 0.0575889 0.0573747 0.0234282 0.0489195 0.0319238 0.0385364 0.0357684 0.0480838 0.0303859 0.0348083 0.0320064 0.161005 
0.0412288 0.0346047 0.055674 0.0200041 0.187714 0.0388062 0.0437959 0.0467365 0.0543893 0.0568344 0.0275159 0.0464901 0.0413388 0.0397487 0.0268452 0.0387307 0.0261249 0.0345377 0.0311559 0.107726 
0.0387117 0.0293955 0.05887 0.0216106 0.248296 0.0334642 0.0514969 0.0432841 0.0486991 0.0545091 0.0311815 0.0426569 0.0503885 0.0406336 0.0223746 0.0321211 0.0235668 0.0344118 0.0291795 0.0651499 
0.0367853 0.0264063 0.0595655 0.0222662 0.286699 0.0303809 0.0562874 0.040155 0.0434576 0.0520977 0.0336676 0.039339 0.0575453 0.0411033 0.0204251 0.0284884 0.0225802 0.0344023 0.0270965 0.041254 
0.0454142 0.083475 0.0276619 0.0271193 0.0135504 0.0788217 0.015734 0.0318299 0.0282589 0.0357335 0.0169488 0.03362 0.0211532 0.0526641 0.210689 0.0730898 0.0836586 0.0333565 0.0262094 0.0610128 
0.0487083 0.0797755 0.0284673 0.0253031 0.0148324 0.0748725 0.0162657 0.0340584 0.0317384 0.0384713 0.0176101 0.0367902 0.021 0.0501505 0.177596 0.077025 0.0738749 0.0340408 0.0266392 0.0927812 
0.0514256 0.0727137 0.0312885 0.0225512 0.018093 0.0687487 0.0173842 0.037761 0.0374571 0.0430106 0.0182495 0.0420898 0.0212365 0.0468932 0.133119 0.0791014 0.0609531 0.0346032 0.0275094 0.135812 
0.051823 0.0634077 0.0370917 0.0198304 0.026163 0.0616142 0.0195124 0.0423109 0.0443513 0.0486685 0.018899 0.0489047 0.0226153 0.0442507 0.0900859 0.0765475 0.0485184 0.0348292 0.0287816 0.171794 
0.049661 0.0540379 0.0457363 0.0184314 0.0444644 0.0547484 0.0232803 0.0463396 0.0503088 0.0539859 0.0199415 0.0553666 0.0260624 0.04327 0.0596029 0.0690963 0.0393585 0.0347383 0.0301108 0.181459 
0.0461621 0.0454729 0.0559631 0.0187615 0.0806136 0.0479816 0.0295624 0.0486191 0.0535263 0.0575664 0.0219597 0.0591739 0.0326142 0.0435136 0.0412093 0.0585013 0.032952 0.0345347 0.0309743 0.160339 
0.0425767 0.0378987 0.0649109 0.0202451 0.136275 0.0411022 0.0383329 0.0483032 0.052835 0.0582052 0.025139 0.0583298 0.0426736 0.043773 0.0303454 0.0472358 0.0281775 0.03439 0.0307546 0.118496 
0.0396896 0.0320274 0.0694413 0.0217256 0.196599 0.0352224 0.0473928 0.0457814 0.0488658 0.056069 0.0287159 0.0533927 0.0543908 0.0433154 0.0242602 0.0381828 0.0250463 0.0343559 0.0293232 0.076204 
0.0376388 0.0282834 0.0695853 0.0224861 0.242721 0.031363 0.0543294 0.0427419 0.0440482 0.0529944 0.0316259 0.0475439 0.0650638 0.0424347 0.0212401 0.0326497 0.0236042 0.0344087 0.0273766 0.0478615 
0.0361807 0.0262027 0.0676915 0.0226821 0.270094 0.0292649 0.0587591 0.0403977 0.0401112 0.0503859 0.0335427 0.043008 0.0738419 0.0416801 0.019775 0.02981 0.0232943 0.0345453 0.0256023 0.0331349 
0.04456 0.0768016 0.0288287 0.0323919 0.0139946 0.0865442 0.0172087 0.0340982 0.0258769 0.0337388 0.0183686 0.0321968 0.0257457 0.0506725 0.187011 0.0683574 0.11385 0.03435 0.0301525 0.0452519 
0.0495727 0.0751128 0.0294791 0.0314827 0.0150237 0.0823971 0.0175197 0.035572 0.0280325 0.0358312 0.0190388 0.0353675 0.0255419 0.0501964 0.165412 0.0750118 0.101151 0.0345334 0.0298011 0.0639238 
0.0548496 0.0709741 0.0321464 0.0294189 0.0171495 0.0753719 0.0180806 0.0381668 0.0320278 0.0397584 0.0196188 0.0414122 0.0254975 0.0496314 0.133262 0.0823658 0.0827372 0.0345089 0.0293618 0.0936621 
0.0574461 0.0641382 0.0386658 0.026339 0.0218793 0.066194 0.0192364 0.0418075 0.0377032 0.0454518 0.0200003 0.0506987 0.0262907 0.049406 0.0965117 0.086005 0.062488 0.0343094 0.0291216 0.126308 
0.0554529 0.0559813 0.0496903 0.0235438 0.0322741 0.0571697 0.0215795 0.0455072 0.0434623 0.051522 0.0203997 0.0613346 0.0290003 0.049995 0.0660395 0.082199 0.0464965 0.0341323 0.029259 0.144961 
0.0503322 0.0480275 0.0637374 0.0221965 0.0534327 0.0494459 0.0259752 0.0481171 0.0474788 0.0562401 0.0213859 0.0699188 0.0347774 0.0510097 0.0461465 0.071831 0.0365337 0.034134 0.0295208 0.139759 
0.0448067 0.0408852 0.0771443 0.0222935 0.0899402 0.0426368 0.0331189 0.0488958 0.048633 0.0582409 0.0234365 0.0729804 0.0447156 0.051174 0.0341028 0.058687 0.030593 0.0342916 0.0293631 0.114061 
0.0406468 0.034988 0.0850503 0.0229795 0.138002 0.0367405 0.0422953 0.0477369 0.0468093 0.0570345 0.0264185 0.0690731 0.0585659 0.0495206 0.0267951 0.0468772 0.027008 0.0344922 0.0284042 0.0805627 
0.0381319 0.0307853 0.0856282 0.0234111 0.18368 0.0324129 0.0512158 0.0455245 0.0432958 0.0538552 0.0295028 0.0610097 0.0737726 0.0466049 0.0225686 0.038905 0.0252029 0.0346619 0.0268473 0.0529853 
0.0366476 0.0282061 0.0816934 0.0234231 0.215932 0.0298014 0.0581296 0.043439 0.0397771 0.0505567 0.0319356 0.053137 0.0877296 0.0437778 0.0202352 0.034593 0.0246905 0.0348296 0.025218 0.036248 
0.0493324 0.0672097 0.0303643 0.0408655 0.0152966 0.0899423 0.01973 0.0379979 0.0253035 0.0336228 0.0208346 0.0333762 0.0311436 0.0467926 0.137882 0.0684484 0.134498 0.0359406 0.037381 0.0440383 
0.0571025 0.0655427 0.032583 0.0400657 0.0169418 0.0827832 0.020017 0.039702 0.0279783 0.036641 0.021359 0.0390725 0.0309285 0.0485526 0.1181 0.0794442 0.112081 0.0354281 0.0354186 0.0602603 
0.0630823 0.0618017 0.0388868 0.0373213 0.0199624 0.0723174 0.0204877 0.04228 0.0323456 0.0416423 0.0215667 0.0492836 0.0311803 0.0514069 0.0925251 0.0898428 0.0842725 0.0346561 0.0328588 0.0822802 
0.0630608 0.056046 0.0512941 0.0331141 0.0257484 0.0608457 0.0216358 0.0452291 0.0375491 0.0477757 0.0215119 0.0632804 0.0329888 0.0550352 0.067514 0.0928149 0.0590155 0.0341121 0.0305463 0.100883 
0.056982 0.0494353 0.0689478 0.0293053 0.0369003 0.0511052 0.0243592 0.0475879 0.0418164 0.0531611 0.0217347 0.0770867 0.0376528 0.0583706 0.0489369 0.0854138 0.0424182 0.0341841 0.0290303 0.105572 
0.0488332 0.0431145 0.0876189 0.0270751 0.0568564 0.0436162 0.0296526 0.0487523 0.0438976 0.0562361 0.022904 0.0857113 0.0465179 0.059891 0.0370182 0.071493 0.033619 0.0347146 0.028004 0.0944742 
0.0422133 0.0376973 0.101065 0.0261317 0.086762 0.0377525 0.0378949 0.0486712 0.0435414 0.0563052 0.0253098 0.085785 0.0606953 0.0583365 0.0293697 0.0571267 0.029245 0.0352704 0.0269227 0.0739046 
0.0383009 0.0335194 0.104791 0.0256096 0.121303 0.0333165 0.047969 0.0477261 0.0413896 0.0538882 0.0285692 0.0781117 0.0794133 0.0539369 0.02432 0.0464905 0.0272118 0.0355799 0.0256131 0.0529406 
0.0364077 0.0306653 0.100051 0.0250357 0.151073 0.0303685 0.0576794 0.0465543 0.0386207 0.0505355 0.0318305 0.0674772 0.0995188 0.0485678 0.0210326 0.0404229 0.0266004 0.0356848 0.0242629 0.0376144 
0.0354931 0.0289265 0.0917933 0.0244611 0.170457 0.0286714 0.0654287 0.0456336 0.0361895 0.0475521 0.0344931 0.0583147 0.117782 0.044024 0.0189068 0.0375536 0.0268209 0.0357911 0.0230692 0.0286425 
0.0480184 0.0586974 0.03074 0.0552529 0.0151678 0.0942951 0.0225837 0.0403575 0.0237088 0.0323658 0.0229699 0.0313236 0.03626 0.0410149 0.104444 0.0586985 0.161986 0.0378556 0.0520331 0.0322305 
0.056877 0.0586046 0.0323219 0.056165 0.0165484 0.0880096 0.0228284 0.0415432 0.0258193 0.0344689 0.0234376 0.0357295 0.0359462 0.0438074 0.0936955 0.0702006 0.138935 0.0372751 0.0485333 0.0392553 
0.0656881 0.0574196 0.0373257 0.0545626 0.0187793 0.0780676 0.0230116 0.0432772 0.0295727 0.0382978 0.0235324 0.0447017 0.0358047 0.0485968 0.0790169 0.0843637 0.108007 0.0363492 0.043138 0.0504877 
0.0692081 0.0544483 0.0488427 0.0492925 0.0223585 0.0656214 0.0234 0.0454077 0.0347069 0.043682 0.0231939 0.0593398 0.0366963 0.0551199 0.0626153 0.0945766 0.0757052 0.035602 0.0369963 0.0631867 
0.064386 0.049814 0.0677909 0.041998 0.0282332 0.053886 0.0248473 0.0472871 0.0395359 0.0490952 0.0229122 0.076814 0.0399545 0.0616665 0.0483845 0.093608 0.0512999 0.0357002 0.0319393 0.0708478 
0.0545119 0.0445726 0.0904089 0.0356891 0.0380642 0.0449619 0.0286025 0.0483902 0.0422697 0.0527691 0.0236014 0.0910684 0.0469722 0.0658999 0.0381744 0.0819129 0.0377361 0.036585 0.028631 0.069179 
0.0450354 0.0397477 0.109615 0.0316254 0.0534008 0.038625 0.035704 0.048788 0.0424119 0.053885 0.0259705 0.0968884 0.0593432 0.0661034 0.0311319 0.0664165 0.031612 0.0375337 0.0264578 0.0597046 
0.0387771 0.0358293 0.118771 0.0292014 0.073465 0.0340746 0.0462197 0.0488364 0.0405909 0.052641 0.0300937 0.0928611 0.0780918 0.0619727 0.0259776 0.0534801 0.0291977 0.037947 0.0248051 0.0471672 
0.0356397 0.0329397 0.116161 0.0275099 0.0938956 0.0309317 0.0585713 0.0487986 0.0379039 0.0500263 0.0352299 0.0822388 0.101584 0.0550956 0.0220847 0.0455404 0.0285809 0.0377854 0.0235023 0.0359807 
0.0343458 0.0310205 0.106089 0.0261889 0.109492 0.0289907 0.0701843 0.0487796 0.0353404 0.0472475 0.0402181 0.0704787 0.125522 0.0480367 0.0192288 0.0417795 0.0289009 0.0374127 0.0225316 0.028215 
0.0543144 0.0527588 0.03143 0.0793164 0.0154751 0.0879225 0.0259678 0.0429218 0.0252987 0.033709 0.025992 0.0324633 0.0388418 0.0375554 0.0693215 0.0578724 0.15036 0.0392628 0.0711612 0.0280581 
0.0637117 0.0530953 0.0346838 0.0795763 0.0172039 0.0802136 0.0261261 0.0441966 0.029344 0.0363658 0.0260171 0.038766 0.0384871 0.0423429 0.0619729 0.0712295 0.122311 0.0388331 0.062863 0.0326607 
0.0702784 0.0522775 0.0432608 0.074289 0.0198103 0.069404 0.0262353 0.0456934 0.035522 0.0405184 0.0255061 0.0508458 0.0387075 0.0497289 0.0532429 0.0849096 0.0899058 0.0386156 0.0520247 0.0392243 
0.0689847 0.0496633 0.059933 0.0632188 0.0234982 0.05748 0.0269152 0.0470957 0.0422899 0.0453483 0.0248573 0.0684719 0.0406071 0.0585422 0.0445555 0.0911364 0.0612927 0.0392538 0.0414215 0.0454348 
0.059981 0.0456115 0.0831791 0.0505677 0.0286972 0.0473116 0.0295478 0.0480344 0.0467292 0.0491939 0.025245 0.0865695 0.04554 0.0659197 0.0372827 0.0853798 0.0429383 0.0407766 0.0336317 0.0478636 
0.0487809 0.041254 0.106203 0.0406497 0.0361647 0.0400018 0.0357435 0.0485804 0.0472368 0.0509784 0.0280146 0.0982858 0.0550131 0.0691278 0.031609 0.0718302 0.0341639 0.0422684 0.028824 0.0452705 
0.0400824 0.037444 0.120825 0.0343645 0.046171 0.0349822 0.0465257 0.0491299 0.0444996 0.0507315 0.0339129 0.0998225 0.0706547 0.0670403 0.0269834 0.0580375 0.0308895 0.0427717 0.0258885 0.0392433 
0.0350565 0.0344788 0.122469 0.0305185 0.0573206 0.0315577 0.0612917 0.0498812 0.04028 0.0491334 0.0425341 0.0922081 0.0925335 0.0605411 0.023038 0.0484914 0.030159 0.0420897 0.0240755 0.0323429 
0.0327412 0.0323946 0.113205 0.0279843 0.0668142 0.0293739 0.0772354 0.0506862 0.0362048 0.0470747 0.0521258 0.0802403 0.117308 0.0522119 0.0197924 0.0436293 0.0305811 0.0407716 0.0230657 0.026562 
0.0318534 0.0311049 0.0995895 0.0262798 0.0726928 0.0281389 0.0909308 0.0513092 0.0331612 0.0452354 0.0606398 0.0690211 0.139881 0.0447516 0.0173579 0.0417876 0.0314664 0.0395537 0.0225686 0.022681 
0.0506513 0.049111 0.0301911 0.109012 0.0137535 0.0816675 0.029005 0.0436213 0.0256012 0.0341874 0.0290786 0.0299986 0.0389305 0.0320673 0.0505197 0.0464217 0.140677 0.0405786 0.102835 0.0220947 
0.0583538 0.0501778 0.0320033 0.111308 0.0149999 0.076784 0.029176 0.0447769 0.0303217 0.035997 0.029078 0.0335475 0.0384944 0.0356151 0.0470265 0.0560372 0.119293 0.0409478 0.09212 0.0239445 
0.0655572 0.0506032 0.0371662 0.107622 0.0169843 0.0694502 0.0292534 0.0459091 0.0382233 0.038944 0.0284716 0.0413919 0.0383709 0.0416517 0.0430077 0.0680889 0.0934394 0.0418747 0.0769346 0.0270559 
0.0678742 0.0495457 0.0489091 0.0946568 0.0198369 0.0599534 0.0296189 0.046867 0.0485534 0.0428429 0.0275132 0.0553531 0.0392485 0.0501852 0.0387588 0.0778296 0.0675471 0.0439188 0.0599528 0.0310345 
0.0624435 0.0466443 0.0685685 0.0750329 0.023485 0.0501618 0.0315028 0.0475621 0.0573491 0.0465241 0.0274662 0.0735672 0.0422822 0.0593034 0.0346193 0.0790038 0.0477843 0.0470214 0.045417 0.0342612 
0.0520303 0.042645 0.0918491 0.0560818 0.0279029 0.0421085 0.036938 0.0481459 0.0601826 0.0487107 0.0304788 0.0896346 0.0488278 0.0656875 0.0307574 0.070781 0.0367636 0.0498652 0.0356731 0.0349362 
0.041968 0.0386676 0.110224 0.0425742 0.0331837 0.036332 0.0478732 0.0489605 0.0564153 0.0491349 0.0384235 0.0973121 0.0603577 0.0668411 0.0270955 0.0588033 0.0322885 0.0508681 0.0299414 0.032736 
0.0351133 0.0353493 0.116599 0.0344 0.0389392 0.0323889 0.064758 0.0501494 0.0488633 0.0483399 0.0516361 0.0947645 0.0775852 0.0624576 0.0235611 0.0488482 0.0312148 0.0495393 0.0267061 0.0287873 
0.0314242 0.0329126 0.110228 0.0296337 0.0439553 0.0298462 0.0850018 0.0514565 0.0410056 0.0470393 0.0679049 0.0850624 0.0984973 0.0545528 0.0203403 0.0430451 0.0316314 0.0467189 0.0250918 0.0246538 
0.0297474 0.0313741 0.0969105 0.0268194 0.0470819 0.0283883 0.103842 0.052488 0.0350125 0.0457704 0.0833311 0.0736347 0.11866 0.0462797 0.0177508 0.0405857 0.0325839 0.043783 0.0245095 0.021448 
0.0522626 0.0485902 0.0299205 0.144311 0.0126132 0.0691081 0.0317218 0.0450116 0.0309367 0.0365798 0.0322969 0.0300989 0.0365096 0.0305523 0.0365919 0.0437867 0.101816 0.0419418 0.125861 0.0194896 
0.0579104 0.0496377 0.0325771 0.14325 0.0140208 0.0652485 0.0317638 0.0460349 0.0399742 0.0386536 0.0316851 0.0341426 0.0362801 0.0344464 0.0348107 0.0516964 0.0846582 0.0438851 0.107939 0.0213867 
0.0616741 0.0496249 0.0392884 0.131951 0.0162985 0.0594788 0.0319943 0.0466549 0.0537666 0.0416451 0.0305412 0.0427794 0.0365277 0.0406609 0.033011 0.0601245 0.0661744 0.047499 0.0861088 0.0241973 
0.0602405 0.0478094 0.0526477 0.10882 0.0194788 0.0520677 0.0333615 0.0469421 0.0691954 0.0449759 0.0298848 0.0570429 0.0380023 0.048834 0.0311075 0.0649082 0.0497442 0.0529723 0.0646405 0.0273249 
0.0530296 0.0442712 0.0719447 0.0805009 0.0232169 0.0444806 0.0379487 0.0473325 0.0787262 0.0474504 0.0323629 0.073773 0.0419312 0.0567142 0.0289251 0.0626392 0.0386676 0.0586486 0.0480838 0.0293535 
0.0435932 0.0400277 0.0908758 0.0564804 0.0270976 0.0381777 0.0485054 0.0482702 0.0770151 0.0483749 0.0413895 0.0863893 0.04966 0.0610835 0.0263907 0.0549328 0.0333445 0.0616383 0.0376311 0.0291228 
0.0357486 0.0360856 0.101149 0.0406951 0.0307889 0.0335749 0.0667157 0.0497831 0.065993 0.0480708 0.0587966 0.0899577 0.061968 0.0599786 0.0235566 0.0465544 0.0318163 0.0603369 0.0316542 0.0267767 
0.0308086 0.0330096 0.0989439 0.0317624 0.0337528 0.030507 0.0905887 0.0514389 0.0519996 0.047236 0.0823513 0.0845997 0.077623 0.0540787 0.0206754 0.0407502 0.0321194 0.0556997 0.0285411 0.0235159 
0.0282301 0.0310185 0.0880496 0.0270658 0.0354484 0.0287032 0.114263 0.0527142 0.0404956 0.0463746 0.106012 0.0748677 0.0931504 0.046332 0.018174 0.0378843 0.0330563 0.0502489 0.0272741 0.0206383 
0.0270328 0.0299697 0.0755328 0.0246744 0.035923 0.0277829 0.132553 0.0534013 0.0332602 0.045669 0.124582 0.0656281 0.105563 0.0396 0.0163315 0.0368262 0.0340324 0.0459414 0.0269717 0.0187258 
0.047455 0.0475828 0.0285677 0.172212 0.0106099 0.0606393 0.03356 0.0449213 0.0304982 0.037337 0.0349633 0.028309 0.0339756 0.0275725 0.0304122 0.0361251 0.080013 0.041902 0.15647 0.0168767 
0.0509798 0.0489148 0.029881 0.173261 0.0115342 0.0591222 0.0335236 0.0459702 0.03935 0.0388547 0.0344462 0.0300196 0.0337736 0.0297676 0.0295734 0.0403853 0.0699523 0.0442703 0.137997 0.0184246 
0.0541792 0.049589 0.0332586 0.165896 0.0132166 0.0564748 0.033601 0.0464754 0.0543727 0.0411573 0.033315 0.0343258 0.0337339 0.0335061 0.0288061 0.0455976 0.05882 0.0486424 0.114165 0.0208683 
0.0549019 0.0488028 0.0408342 0.144791 0.015947 0.0521024 0.0344809 0.0463814 0.0751001 0.0440958 0.0321538 0.0431594 0.0341346 0.0391476 0.0280111 0.0499857 0.0478418 0.055844 0.0882413 0.0240427 
0.0512509 0.0460576 0.0539108 0.111827 0.0196067 0.0462666 0.0379667 0.0462821 0.0942726 0.0468124 0.0333189 0.0566379 0.0358839 0.0460378 0.0268997 0.050883 0.0390299 0.0648684 0.0652363 0.0269514 
0.0441263 0.041844 0.0697884 0.0775083 0.0235442 0.040235 0.0471679 0.0470029 0.10072 0.0482954 0.0413558 0.0708162 0.0403689 0.0518984 0.0252766 0.0474634 0.033863 0.0718185 0.0488455 0.0280612 
0.0366073 0.0372835 0.0816622 0.0514506 0.027046 0.035164 0.0650903 0.0487067 0.0904296 0.0483963 0.0604747 0.0796941 0.048598 0.0539581 0.0231733 0.0420295 0.0320241 0.0726984 0.0388163 0.0266967 
0.0309504 0.0333552 0.0837034 0.0357549 0.0295988 0.0314878 0.0911242 0.0507376 0.070296 0.047746 0.0898355 0.0799433 0.0599118 0.0510895 0.0207885 0.0374468 0.0321694 0.0671706 0.0331794 0.0237121 
0.0275734 0.030657 0.0766546 0.0277813 0.0309204 0.0291979 0.118881 0.0523031 0.050919 0.0469871 0.121598 0.073576 0.0715251 0.0450399 0.0185172 0.0348328 0.033069 0.0588342 0.030453 0.0206816 
0.0258371 0.0292122 0.0664914 0.0241744 0.0311756 0.0279851 0.141156 0.0531173 0.0379633 0.0463856 0.147278 0.0655141 0.080781 0.0388429 0.0167314 0.0337192 0.0340028 0.0516069 0.0294559 0.0185706 
0.0463166 0.0480256 0.0285026 0.194457 0.00981661 0.0535629 0.034645 0.0456063 0.0369576 0.0390276 0.0363499 0.0281575 0.031803 0.0272647 0.0266567 0.0341054 0.0562253 0.0436344 0.162324 0.0165635 
0.0483877 0.0491162 0.0302067 0.190733 0.0109796 0.0527689 0.0345756 0.0461601 0.0508403 0.0408194 0.035409 0.0299898 0.0317072 0.0293608 0.0262901 0.0367681 0.050135 0.0478829 0.139116 0.0187543 
0.0495191 0.0492097 0.0342052 0.174768 0.0131182 0.0507573 0.0349902 0.045948 0.0728604 0.0433548 0.0340775 0.0346103 0.0315884 0.0327468 0.025949 0.0393941 0.0437742 0.0553314 0.111874 0.0219247 
0.0480865 0.04753 0.0420112 0.143423 0.0164715 0.0470269 0.037246 0.0453752 0.0993364 0.0461794 0.0338745 0.043545 0.0318832 0.0375511 0.0253759 0.0406579 0.0379284 0.0662605 0.0847145 0.0255246 
0.0434992 0.0439126 0.0533145 0.103444 0.0206364 0.0420411 0.0442403 0.0455246 0.117599 0.0482849 0.0391591 0.0559256 0.0338283 0.0428877 0.0242979 0.0395278 0.0337802 0.0774528 0.0626535 0.027991 
0.0372962 0.0391601 0.0641805 0.0675195 0.0246581 0.0369966 0.0598525 0.0470543 0.115381 0.0489786 0.0561893 0.0674017 0.0388124 0.0466426 0.0227124 0.0366827 0.031932 0.0829188 0.0478178 0.0278156 
0.0316451 0.0344568 0.069054 0.043114 0.0276754 0.0328355 0.0856451 0.0493832 0.0939234 0.0485217 0.0875202 0.072887 0.0469471 0.046711 0.0207862 0.0338407 0.031917 0.0791621 0.0388416 0.0251339 
0.0277123 0.0308502 0.06599 0.0299864 0.0292727 0.029975 0.116271 0.0513736 0.0667533 0.0476665 0.125855 0.0709275 0.0561327 0.0430399 0.0187925 0.0320422 0.0327745 0.0689814 0.033931 0.0216729 
0.0254663 0.0287663 0.0587441 0.024223 0.0296368 0.0283465 0.142526 0.0524629 0.046125 0.0469463 0.158913 0.0649463 0.0636775 0.0379552 0.017086 0.0312173 0.0337142 0.0585125 0.0317061 0.0190308 
0.024323 0.0278452 0.0518985 0.022007 0.0293264 0.0275359 0.160032 0.0528336 0.034527 0.0464573 0.181022 0.0589812 0.0687835 0.0336506 0.0158502 0.0308956 0.0344253 0.0511839 0.030896 0.0175293 
