20 hexa 10 10 gaussian
#SNAPSHOT FILE
#iterations: 12000 (200000 total)
0.0440836 0.0897066 0.0268376 0.0253645 0.0122763 0.0755018 0.0145972 0.0285425 0.0281431 0.036529 0.0151376 0.0323933 0.0185315 0.0544445 0.247112 0.0739082 0.0669596 0.0318825 0.0240284 0.0540216 
0.0457342 0.0872116 0.0265975 0.0237225 0.0129712 0.0734914 0.015053 0.0303484 0.0309969 0.0385621 0.0156131 0.0340379 0.0182457 0.0513681 0.217759 0.0760547 0.0623759 0.0329326 0.0245486 0.0823767 
0.0475368 0.080935 0.0271524 0.0210976 0.0149412 0.0698999 0.0160224 0.0336522 0.0362381 0.0419798 0.0161738 0.0370106 0.0180838 0.0466918 0.172211 0.0767334 0.0555067 0.0340177 0.0256859 0.128431 
0.0486962 0.0710164 0.0294758 0.0181048 0.0202638 0.0649683 0.0178828 0.038365 0.0435345 0.0466594 0.0168256 0.0412427 0.0185882 0.0416367 0.119783 0.0739657 0.0475231 0.0347206 0.0274655 0.179282 
0.0483853 0.0601696 0.0340039 0.0161024 0.033414 0.0595526 0.0210555 0.0433659 0.0508841 0.0516099 0.0177826 0.0457712 0.020527 0.0383165 0.0775678 0.0674866 0.040585 0.0348403 0.0294115 0.20917 
0.0466005 0.0503255 0.0405937 0.015916 0.0628097 0.0535246 0.0263495 0.0473549 0.056146 0.0557956 0.0196326 0.0492043 0.0248038 0.0374349 0.0511108 0.0584946 0.035054 0.034657 0.0308999 0.203293 
0.0437399 0.0414829 0.0483827 0.0174547 0.117008 0.0461745 0.0344806 0.0490291 0.0574694 0.058074 0.0229466 0.0499683 0.0323183 0.0382703 0.0355311 0.0481607 0.0300755 0.0344879 0.0312612 0.163685 
0.0404725 0.0339876 0.0549884 0.0197022 0.187961 0.0384943 0.0439817 0.0475642 0.0540414 0.0574847 0.027283 0.0473708 0.0422719 0.0396658 0.0265167 0.0385206 0.0258541 0.0344281 0.0300674 0.109345 
0.0376814 0.0288261 0.0584044 0.0213236 0.249577 0.0327966 0.0516285 0.0441934 0.0481525 0.0549464 0.031142 0.0431495 0.0517213 0.0407213 0.0220085 0.0318625 0.0233116 0.034436 0.0279822 0.0661357 
0.0357429 0.0259384 0.0592243 0.0220077 0.288223 0.0297043 0.0562638 0.0409006 0.0428591 0.0522795 0.0336906 0.039497 0.0589555 0.0413012 0.0200965 0.0282968 0.0223717 0.0344769 0.0260762 0.0420946 
0.0455165 0.0840049 0.0276068 0.027184 0.0131779 0.0796869 0.0157239 0.0315485 0.0281017 0.0363737 0.0167244 0.033004 0.0214464 0.0522333 0.211069 0.0744521 0.0823189 0.033216 0.0262213 0.0603903 
0.048642 0.0804512 0.0280368 0.0252344 0.0144748 0.0756854 0.0162863 0.0338764 0.0317159 0.0392715 0.0172828 0.0363784 0.0211572 0.0496794 0.177772 0.0788518 0.0724799 0.0338494 0.0265159 0.0923589 
0.0513171 0.0732472 0.0304094 0.0223669 0.0177121 0.0694801 0.017417 0.0375842 0.0375586 0.0438117 0.0178209 0.042095 0.0212299 0.0464425 0.133036 0.0811194 0.0596798 0.0342364 0.0272813 0.136155 
0.0517825 0.0635732 0.035872 0.0195855 0.02557 0.0623104 0.0195418 0.0421183 0.0444718 0.0493246 0.0183806 0.0495028 0.0225197 0.04387 0.0898583 0.0782835 0.0475344 0.0342675 0.028499 0.173134 
0.0496162 0.0538453 0.0444684 0.018162 0.0434255 0.055347 0.0233205 0.0463084 0.0503232 0.0545017 0.0193668 0.0566023 0.0260447 0.0429953 0.0594016 0.070184 0.0387367 0.034144 0.0297406 0.183466 
0.0458926 0.0450573 0.055007 0.0184862 0.0792337 0.0482443 0.0296752 0.0490066 0.0533719 0.0580958 0.0214029 0.0608448 0.0329386 0.0433575 0.0410037 0.0588829 0.0326146 0.0341293 0.0303782 0.162377 
0.0419175 0.0373855 0.0644205 0.0199796 0.135214 0.0408331 0.0385816 0.0491544 0.0524816 0.058811 0.0246983 0.0599482 0.0436508 0.0437283 0.0300427 0.0471234 0.0279858 0.0342724 0.0298181 0.119954 
0.038703 0.0315202 0.0692226 0.0214626 0.19624 0.0345315 0.0477099 0.0468468 0.0483227 0.0566023 0.028423 0.0544883 0.0561323 0.0433553 0.023872 0.0379024 0.0249274 0.0344661 0.02814 0.0771321 
0.0365533 0.0278515 0.069402 0.0222172 0.242739 0.0305657 0.0545746 0.0437055 0.0434155 0.0533041 0.0314198 0.0480374 0.0673154 0.0425307 0.0208499 0.0324213 0.023566 0.034627 0.0262157 0.0486887 
0.0352187 0.0258668 0.0674914 0.0224296 0.270219 0.0285926 0.0589276 0.0410623 0.0394883 0.0504627 0.0333582 0.0430952 0.0761865 0.0417926 0.019453 0.0296834 0.023348 0.0347562 0.0246852 0.0338869 
0.0444506 0.0767796 0.028736 0.0321164 0.0136343 0.0874778 0.0171786 0.0339928 0.0255861 0.0341659 0.0182605 0.0317487 0.0262939 0.0503677 0.187057 0.0695213 0.112927 0.0342676 0.0307332 0.0447048 
0.0491688 0.0753385 0.0291154 0.0311397 0.0146642 0.0832705 0.0175111 0.0355635 0.0278194 0.0364325 0.0188222 0.0350706 0.0260114 0.0498662 0.165468 0.0769297 0.0999686 0.034403 0.0301012 0.0633364 
0.0542223 0.0713363 0.0314297 0.0290573 0.0168441 0.0760053 0.0180849 0.0381585 0.031935 0.0404062 0.0192909 0.0415003 0.0257773 0.0493665 0.133276 0.0849333 0.0814741 0.034207 0.0293254 0.0933711 
0.0567882 0.0644061 0.0376627 0.0260311 0.0215691 0.0665698 0.0192523 0.0417219 0.0376922 0.0459673 0.0195887 0.0514273 0.0263864 0.0492689 0.0964119 0.0886382 0.0613634 0.0337806 0.0288559 0.126618 
0.0548553 0.0559999 0.0486738 0.0233149 0.031767 0.057356 0.0216432 0.0454464 0.0434305 0.0518185 0.0199335 0.0628404 0.0290486 0.0500016 0.0658852 0.0841166 0.0457224 0.033506 0.0289169 0.145723 
0.0497135 0.0478098 0.063107 0.0220317 0.0525032 0.0494052 0.0261601 0.0483312 0.047332 0.0564222 0.0208845 0.072052 0.0350414 0.0511292 0.0459472 0.0726757 0.036134 0.0336546 0.0291165 0.14055 
0.0440233 0.0405365 0.0771362 0.0221757 0.088544 0.0422564 0.0334987 0.0495408 0.048326 0.0584764 0.0229168 0.0752359 0.0455792 0.0513347 0.0337976 0.0586841 0.0304506 0.0341364 0.028772 0.114579 
0.0396694 0.0346229 0.0854574 0.0228744 0.13631 0.0360322 0.0428802 0.0486955 0.0463405 0.0573284 0.0258976 0.070816 0.0604052 0.0496346 0.0263824 0.0465253 0.0270325 0.0346646 0.0275492 0.0808827 
0.0370845 0.0304801 0.0860095 0.0232705 0.181809 0.0315644 0.0519258 0.046507 0.0427109 0.0540666 0.0289845 0.0619364 0.0766538 0.0466247 0.0221201 0.0385837 0.0253875 0.0350388 0.0258421 0.0534021 
0.0356997 0.0279805 0.0818176 0.0232358 0.213956 0.0290194 0.0588988 0.0442092 0.0391438 0.0505945 0.0314214 0.0533953 0.091266 0.0437096 0.0198346 0.0344345 0.025042 0.0352556 0.024282 0.0368039 
0.0486527 0.0667008 0.0300325 0.0398419 0.0150179 0.0909352 0.0197319 0.0381343 0.0248984 0.0340127 0.0207277 0.0332262 0.0320049 0.0465479 0.137331 0.0700338 0.133997 0.0358273 0.0389218 0.0434256 
0.0560424 0.0653047 0.0320022 0.0392579 0.0167191 0.0835287 0.0200001 0.0398383 0.0275883 0.0370805 0.0211096 0.0392121 0.0316464 0.048452 0.11787 0.0820953 0.111288 0.0351373 0.0361978 0.0596308 
0.0618227 0.0617659 0.0381121 0.0368781 0.0198405 0.0726109 0.0204589 0.0423087 0.0320086 0.0419877 0.0212108 0.0499952 0.0316486 0.0515475 0.0924508 0.0931679 0.0832915 0.0341114 0.0329177 0.0818643 
0.061776 0.056028 0.0505737 0.0330067 0.0256626 0.0607335 0.021661 0.0451609 0.0372805 0.0478847 0.0211088 0.0647865 0.0332613 0.0554093 0.067434 0.0957189 0.0581434 0.0334193 0.0302576 0.100694 
0.0557359 0.0493093 0.0686728 0.0293776 0.0366486 0.0507295 0.0245639 0.0475994 0.041602 0.0530244 0.0213054 0.0792977 0.0379374 0.0588667 0.0487662 0.0869643 0.0419031 0.0335998 0.0287529 0.105343 
0.0476321 0.0428904 0.088061 0.0272098 0.0561046 0.0430385 0.0301595 0.0490336 0.0436925 0.0559944 0.0224084 0.0881354 0.0471711 0.0603478 0.0366883 0.0716801 0.0334452 0.0344647 0.0277984 0.0940446 
0.0410678 0.0374651 0.102067 0.0262749 0.0851606 0.0370081 0.0387661 0.0492412 0.0432782 0.0560947 0.0246792 0.0877601 0.0621934 0.0586077 0.0288907 0.0566141 0.0293199 0.0354239 0.0266352 0.0734524 
0.0372586 0.0333557 0.105824 0.0257068 0.118722 0.0324899 0.0492111 0.0484267 0.0410083 0.0537142 0.02777 0.0792257 0.0821624 0.0539491 0.02378 0.0459208 0.0275286 0.0360537 0.0251292 0.0527625 
0.0355333 0.0305858 0.100652 0.0250384 0.14771 0.0295687 0.0592683 0.047199 0.0381001 0.0503286 0.0309001 0.0677692 0.103489 0.048336 0.020531 0.0400783 0.027193 0.0363145 0.0236441 0.0377617 
0.0348175 0.0289027 0.0918755 0.0243817 0.166699 0.0279924 0.0673181 0.0461346 0.0355346 0.0472945 0.0334991 0.0580881 0.122464 0.0436152 0.0185097 0.037489 0.0276467 0.0363732 0.0224848 0.0288837 
0.0472236 0.0575655 0.0304434 0.0526614 0.0151034 0.0952435 0.0226714 0.0404858 0.0232366 0.0327028 0.0230266 0.0312953 0.0373397 0.0407842 0.103078 0.0596551 0.161893 0.0377207 0.0561918 0.0316813 
0.0556638 0.0576488 0.031848 0.0542771 0.0164915 0.0889509 0.0228391 0.0416763 0.0251488 0.0347496 0.0232873 0.0358411 0.03704 0.0437776 0.0929129 0.0722976 0.138709 0.0369535 0.0513308 0.0385576 
0.0641812 0.0567671 0.0367243 0.0537589 0.0188132 0.0785978 0.0229436 0.0433405 0.0287457 0.0384652 0.0231988 0.0452052 0.0366973 0.0489099 0.0787343 0.0876421 0.107465 0.0357351 0.0443348 0.0497402 
0.0675702 0.0540527 0.0483277 0.0495022 0.0225173 0.0655786 0.0233251 0.045356 0.0338739 0.0436445 0.0227616 0.0605189 0.0373135 0.0557958 0.0625474 0.0981111 0.0749106 0.0347659 0.0370326 0.0624946 
0.0626872 0.0495369 0.0677213 0.0426825 0.0284462 0.0534227 0.0249392 0.0471758 0.0389145 0.048787 0.0224566 0.0786788 0.0403884 0.0625277 0.0482769 0.0959687 0.0506462 0.0349238 0.0316691 0.0701508 
0.0528631 0.044336 0.0910541 0.0363676 0.0380946 0.0442955 0.0290661 0.0483446 0.0419865 0.0522327 0.0230978 0.0931678 0.04747 0.0666656 0.0378617 0.0825092 0.0374347 0.0361566 0.0286109 0.0683852 
0.0435984 0.0395693 0.110868 0.0321439 0.0528208 0.0378903 0.0366717 0.0488817 0.0423914 0.0532531 0.0252851 0.098566 0.0603105 0.0665454 0.030587 0.0658148 0.0316117 0.0375719 0.0266944 0.0589244 
0.0376514 0.0357523 0.120146 0.0295716 0.0718425 0.033339 0.0477578 0.0490409 0.0406072 0.052032 0.0290784 0.0937102 0.0800345 0.06201 0.0253142 0.0525639 0.0294683 0.0384073 0.0250318 0.0466407 
0.0348307 0.0329665 0.117099 0.0277361 0.0911176 0.0302191 0.0607442 0.0490517 0.0377349 0.0494792 0.0338516 0.0822723 0.104833 0.054767 0.0214505 0.0448184 0.0291855 0.0385233 0.0235253 0.0357949 
0.0337967 0.0311096 0.106318 0.0262745 0.105821 0.0283221 0.0729951 0.0490601 0.0348882 0.046766 0.0385891 0.0699761 0.129854 0.047444 0.0187225 0.0413955 0.0298538 0.0382179 0.0223742 0.0282244 
0.0532733 0.051451 0.0310486 0.0749557 0.0157258 0.0888937 0.0260494 0.0427915 0.0245166 0.0340063 0.0260767 0.0324843 0.0399464 0.0375962 0.0681428 0.0591775 0.150125 0.0389065 0.0773618 0.0274727 
0.062432 0.0519441 0.034215 0.0776314 0.0174502 0.0810911 0.0260472 0.0440733 0.0280278 0.0364083 0.025794 0.0389226 0.0395658 0.0427288 0.0614017 0.0737308 0.122092 0.0381402 0.0664046 0.0318995 
0.0688852 0.0513954 0.0428516 0.0748963 0.0201148 0.0697886 0.0260394 0.0455877 0.0338397 0.0403308 0.0250488 0.0514219 0.0395868 0.0505274 0.0530735 0.0882441 0.089337 0.037587 0.0530792 0.0383649 
0.0674579 0.0490383 0.0598687 0.0652737 0.0238898 0.0573282 0.0267733 0.0469793 0.0407266 0.0449412 0.0242942 0.0696204 0.0412471 0.059609 0.0444813 0.0939788 0.0605703 0.0381707 0.0411764 0.0445751 
0.0583367 0.0452009 0.0837296 0.0526396 0.0291052 0.0468447 0.029718 0.0478768 0.0458186 0.0485701 0.0246358 0.0879959 0.046024 0.0669222 0.0370444 0.0865675 0.0424593 0.0400453 0.0334163 0.0470495 
0.047242 0.0410417 0.10735 0.0420756 0.0363533 0.0394428 0.0364306 0.0483762 0.0471445 0.0501925 0.0272384 0.0993902 0.0555776 0.0697512 0.0310844 0.071447 0.0340112 0.0421158 0.0291835 0.0445519 
0.0388899 0.0374146 0.122204 0.035198 0.0457748 0.0344467 0.0478259 0.048888 0.0449221 0.0498957 0.0327185 0.100205 0.0717129 0.0671662 0.0262504 0.0569633 0.0310007 0.0431751 0.0266319 0.0387173 
0.0342841 0.0345856 0.123579 0.03098 0.0560606 0.0310468 0.0633083 0.0496446 0.040706 0.0483551 0.0407357 0.0918943 0.0945605 0.0602355 0.0222846 0.0474384 0.0305679 0.042883 0.0247954 0.0320553 
0.0323147 0.0325679 0.113666 0.0282095 0.0646876 0.0288402 0.0800913 0.0505489 0.0362631 0.0464163 0.0497754 0.0794837 0.120455 0.0516036 0.0191737 0.0428683 0.0313536 0.0417202 0.0235292 0.0264343 
0.0316292 0.0312827 0.0993682 0.0263629 0.0698944 0.0275947 0.0945625 0.0513666 0.0327622 0.0447323 0.0579957 0.0680892 0.143746 0.0439798 0.0169375 0.0413949 0.0325379 0.0403909 0.0228001 0.0225752 
0.0500154 0.0480377 0.0298748 0.100085 0.0144554 0.0824921 0.0291473 0.0430106 0.0249447 0.0346895 0.0296044 0.0299353 0.0396402 0.0322758 0.0494721 0.0472724 0.14011 0.0402479 0.112993 0.0216985 
0.057668 0.0490397 0.0316409 0.106598 0.0155799 0.0778797 0.029096 0.0441891 0.0287366 0.0360426 0.0291494 0.0333518 0.0393502 0.0361193 0.0464226 0.0577057 0.119103 0.0402361 0.0987514 0.0233417 
0.0648886 0.0495426 0.0368411 0.107914 0.0174558 0.0703432 0.0289488 0.0455324 0.0356958 0.0386333 0.0281265 0.0412928 0.0391922 0.0424844 0.0427718 0.0706208 0.0930506 0.0406904 0.0797385 0.0262363 
0.067132 0.0486521 0.0487552 0.0986872 0.0202567 0.0603993 0.0292072 0.0467423 0.0456389 0.0423233 0.0268816 0.0555668 0.0399436 0.0512438 0.0386783 0.0804822 0.0668458 0.0424656 0.0599861 0.0301122 
0.0614706 0.0460042 0.0687665 0.0799656 0.0238997 0.0502286 0.03122 0.0475264 0.0550815 0.0458759 0.0267048 0.0740327 0.0427973 0.0603211 0.0344616 0.0806037 0.0471596 0.0458195 0.0446527 0.0334078 
0.0508974 0.0423355 0.0924872 0.0597729 0.0282671 0.0419899 0.037012 0.0479827 0.0593544 0.0479438 0.0295733 0.0899571 0.0491809 0.0663689 0.0303493 0.0708618 0.0364583 0.0494029 0.0355383 0.0342662 
0.0409543 0.0386785 0.111161 0.0446338 0.0333267 0.0361817 0.048397 0.0485626 0.0569587 0.048284 0.0371171 0.0971552 0.0607566 0.0670501 0.0264245 0.0579009 0.0322534 0.0512569 0.0306715 0.0322759 
0.0344256 0.0355707 0.117553 0.0353563 0.0386556 0.0322346 0.0657897 0.0495725 0.0500159 0.0475 0.0496219 0.0941755 0.0784662 0.0622701 0.0227858 0.0477235 0.0313983 0.0505403 0.0278409 0.0285034 
0.031077 0.0332035 0.110891 0.0300162 0.0431497 0.0296102 0.0867331 0.0508898 0.0419386 0.0463102 0.0651227 0.0842778 0.100295 0.054112 0.0196552 0.0421039 0.0320777 0.0479404 0.0261323 0.0244653 
0.029634 0.0316355 0.0970731 0.0269297 0.0458039 0.0280192 0.106433 0.0521448 0.0353311 0.0452155 0.0800546 0.0728137 0.121321 0.0456971 0.0172701 0.0399401 0.0332999 0.0448678 0.0252411 0.0212756 
0.052256 0.047992 0.0296093 0.135239 0.0136063 0.0702286 0.031631 0.0438424 0.0294524 0.0367339 0.0328316 0.0296523 0.0368895 0.0312387 0.0363009 0.0450549 0.101798 0.0413555 0.135187 0.0191015 
0.0581076 0.0489244 0.0323348 0.141662 0.0147476 0.066453 0.0313809 0.0451733 0.0370368 0.0383056 0.0316228 0.0335219 0.0367293 0.0353757 0.0347218 0.0535052 0.0844616 0.0427148 0.112499 0.0207225 
0.0619255 0.0488469 0.0391209 0.137264 0.0167649 0.0604767 0.0313651 0.0463591 0.049645 0.0410243 0.0299718 0.042176 0.0369997 0.0416738 0.0330072 0.0621854 0.0655606 0.0457884 0.0865427 0.0233018 
0.0602932 0.0471025 0.0525058 0.117553 0.0197639 0.0528013 0.0326463 0.0470955 0.0650899 0.0442889 0.0290124 0.0564951 0.0384331 0.0496865 0.0310422 0.066474 0.0490446 0.0511957 0.0630915 0.0263842 
0.05276 0.0438691 0.0718369 0.0883584 0.0234067 0.0450182 0.0373204 0.047513 0.0763015 0.0467447 0.0313199 0.0731224 0.0421706 0.057205 0.0286764 0.0630982 0.0382555 0.0576108 0.0468254 0.0285875 
0.0431293 0.0400588 0.0908643 0.0613633 0.0271994 0.038613 0.0480062 0.0481053 0.0770405 0.0476085 0.0400346 0.0854869 0.0496495 0.0611633 0.0258994 0.0543773 0.0332464 0.061886 0.037649 0.0286193 
0.0353283 0.0364504 0.10129 0.0429677 0.0307339 0.0339491 0.0662914 0.0491922 0.0677722 0.0472659 0.0568316 0.0889505 0.0619468 0.0597819 0.0228958 0.0455689 0.0318955 0.061728 0.0326883 0.026472 
0.0305587 0.0334794 0.0992336 0.0325593 0.0334808 0.0307435 0.0903931 0.0506263 0.0541327 0.046495 0.0797001 0.0837993 0.0781016 0.0537951 0.0200183 0.0398238 0.0323138 0.0575682 0.0298935 0.0232853 
0.0281421 0.0314111 0.0883154 0.0272155 0.0349553 0.028701 0.114679 0.0520016 0.0419785 0.0457943 0.102968 0.0743509 0.0944643 0.0460325 0.0176746 0.0372041 0.0333792 0.0518993 0.0284377 0.0203971 
0.0270297 0.0302303 0.075587 0.0246021 0.035239 0.0275623 0.133797 0.0530293 0.033878 0.0452928 0.121591 0.0652497 0.107442 0.0392733 0.0160501 0.0364127 0.0344558 0.0470165 0.027786 0.0184772 
0.0478806 0.0477532 0.0282439 0.158701 0.0119323 0.0615557 0.0334585 0.0433279 0.0294183 0.037593 0.036047 0.0277713 0.0338867 0.028346 0.0305672 0.03729 0.0804381 0.0415841 0.167516 0.0166917 
0.0517824 0.0489138 0.0296761 0.168722 0.0125366 0.0603199 0.0331154 0.0446227 0.0366593 0.0385398 0.0347869 0.0291062 0.0337677 0.0307995 0.0297935 0.0417999 0.0700878 0.0433416 0.143662 0.0179679 
0.0551892 0.0493435 0.0331611 0.170761 0.0138182 0.0577186 0.0328685 0.0458498 0.0498673 0.0404917 0.0329413 0.0332385 0.0338213 0.0345605 0.0290163 0.047138 0.0584193 0.0469768 0.114716 0.0201034 
0.0558358 0.0483476 0.0406288 0.156324 0.0161731 0.0533079 0.0335062 0.046586 0.0695161 0.0433677 0.0312649 0.041941 0.0343381 0.0399094 0.0281089 0.0512684 0.0471725 0.0536627 0.0856597 0.023081 
0.0518904 0.0456739 0.0533306 0.124671 0.0195736 0.0474202 0.0368347 0.0468838 0.0896609 0.0461589 0.0321641 0.0551768 0.0360323 0.0462882 0.0268284 0.0514666 0.0385598 0.0630115 0.0623297 0.0260452 
0.0444218 0.0418592 0.0688208 0.0870118 0.0233894 0.0413087 0.0458215 0.047359 0.0991915 0.047648 0.0399555 0.0690944 0.0401821 0.0516693 0.0250136 0.0472121 0.0337578 0.0714223 0.0474307 0.0274309 
0.0366728 0.0377434 0.0805913 0.0564697 0.0268436 0.0361408 0.0633202 0.0484622 0.0921702 0.0476718 0.05863 0.0780037 0.04803 0.0534989 0.0227311 0.0412435 0.0321374 0.0741915 0.0390993 0.0263487 
0.0309277 0.0340121 0.0829293 0.0376568 0.0293716 0.0322938 0.0889155 0.0499862 0.0736025 0.0470041 0.0875556 0.0787963 0.0593335 0.050715 0.0202648 0.0365907 0.032305 0.0698425 0.0344119 0.0234862 
0.0275286 0.0312221 0.076325 0.0281856 0.0306704 0.0296986 0.116738 0.0514106 0.0538912 0.0463583 0.119358 0.0731674 0.0714567 0.0448758 0.0180612 0.0341883 0.0331524 0.0614633 0.0318209 0.0204283 
0.0257894 0.0295615 0.0664078 0.0240382 0.0308949 0.0281382 0.13968 0.0524407 0.0398092 0.045954 0.145571 0.0655425 0.081329 0.0387865 0.0164521 0.0333322 0.0340476 0.053408 0.0305397 0.0182785 
0.0472571 0.048767 0.0282944 0.18724 0.0109765 0.0544542 0.0342632 0.0439862 0.0349471 0.0387268 0.0371352 0.0271989 0.031455 0.0282487 0.0271848 0.0352686 0.056692 0.0430782 0.168507 0.0163194 
0.0496612 0.0495795 0.0301793 0.193946 0.0117329 0.0539187 0.0338626 0.045198 0.0468981 0.0401351 0.0353207 0.0287306 0.0314615 0.0304361 0.0267582 0.0379419 0.0500483 0.0465431 0.139445 0.0182037 
0.0508768 0.0492626 0.0341423 0.186966 0.0134096 0.052091 0.0339731 0.045993 0.0670007 0.0425872 0.0332676 0.0331467 0.0315378 0.0335486 0.0262603 0.0403815 0.0432792 0.0531428 0.108055 0.0210791 
0.049299 0.0473383 0.0414641 0.159933 0.0163563 0.0485097 0.0359512 0.0462 0.0930423 0.0455463 0.0326602 0.0417442 0.0319431 0.0377606 0.0254896 0.0412008 0.0374701 0.0637266 0.0797956 0.0245697 
0.0444372 0.0439045 0.0519844 0.118087 0.0202815 0.0435687 0.0425222 0.0464069 0.113815 0.0477525 0.0377125 0.0536985 0.0336351 0.0424697 0.024248 0.039456 0.03366 0.0759333 0.0591895 0.027238 
0.0379223 0.0396008 0.0622602 0.0766421 0.0242481 0.0384526 0.0573561 0.0473583 0.115932 0.0483718 0.0544128 0.0650441 0.0380616 0.0458791 0.0225223 0.0360658 0.0321048 0.0836937 0.0466459 0.0274282 
0.0320013 0.0352089 0.0671466 0.0471623 0.0273295 0.0341315 0.0820946 0.0489817 0.0977068 0.0478019 0.0854538 0.0710702 0.0457679 0.0460307 0.0204781 0.0330199 0.0321363 0.082091 0.0393953 0.0249925 
0.027845 0.0315698 0.0646594 0.0311501 0.0290435 0.03097 0.112057 0.0505707 0.071133 0.0469729 0.124164 0.0701688 0.0550314 0.0427349 0.0184527 0.0313748 0.0328335 0.072575 0.0351511 0.0215425 
0.0254349 0.0292311 0.0580478 0.0242205 0.0295075 0.0289346 0.138548 0.0516747 0.0493502 0.0464167 0.1584 0.0650498 0.0630117 0.0379645 0.0168371 0.030829 0.0335744 0.0613134 0.032846 0.0188098 
0.0241958 0.0280564 0.0515628 0.0216851 0.0292546 0.0277701 0.156932 0.0523396 0.0363607 0.0461382 0.181854 0.0593679 0.0684293 0.0337338 0.0157586 0.0307187 0.0341511 0.0527139 0.0316852 0.0172942 
