20 hexa 10 10 gaussian
#SNAPSHOT FILE
#iterations: 8000 (40000 total)
0.0502991 0.0658285 0.0386003 0.0391074 0.0274653 0.0677157 0.0204224 0.0367781 0.0386428 0.0422222 0.0196794 0.0418501 0.0263295 0.0515196 0.132082 0.0741423 0.059755 0.0351067 0.0363901 0.0960634 
0.050086 0.0634919 0.0420384 0.0386597 0.034075 0.0650536 0.0222761 0.0375273 0.0393672 0.0430622 0.0209331 0.043923 0.0288165 0.0523014 0.123164 0.0737022 0.0576511 0.0354341 0.0362537 0.0921838 
0.0496639 0.0607293 0.0461795 0.0379493 0.0429787 0.0618139 0.0247462 0.0384076 0.0401609 0.0439728 0.0225599 0.0462931 0.0319665 0.0531138 0.112784 0.0726921 0.0550546 0.0358471 0.0359256 0.0871615 
0.0489636 0.0575127 0.0509534 0.0369611 0.0544427 0.0580269 0.0279159 0.0393931 0.0409793 0.044915 0.0246005 0.0488726 0.0358109 0.0538704 0.101059 0.0709584 0.0519629 0.036362 0.035369 0.0810707 
0.0479479 0.0538935 0.0561576 0.0357141 0.0683946 0.0538234 0.0317825 0.0404274 0.0417589 0.045835 0.0270455 0.0515008 0.0402786 0.0544646 0.0883936 0.0684247 0.0484637 0.0369819 0.03457 0.0741417 
0.046634 0.0500208 0.061463 0.0342709 0.084297 0.0494362 0.036223 0.0414332 0.0424312 0.0466728 0.0298179 0.0539673 0.0451745 0.0547932 0.0754717 0.0651381 0.0447422 0.0376894 0.0335546 0.0667696 
0.0450984 0.0461185 0.066481 0.0327324 0.10118 0.0451556 0.0409971 0.0423329 0.0429436 0.0473788 0.0327781 0.0560669 0.050206 0.0547865 0.0631234 0.0612845 0.0410478 0.0384478 0.0323912 0.0594502 
0.0434561 0.0424252 0.0708726 0.0312138 0.117866 0.0412558 0.0458025 0.043071 0.0432752 0.0479294 0.0357573 0.0576636 0.055057 0.0544317 0.0520996 0.0571486 0.0376295 0.0392101 0.031174 0.052661 
0.0418263 0.0391267 0.0744383 0.0298159 0.133282 0.0379247 0.0503546 0.0436274 0.0434408 0.048333 0.0386031 0.0587255 0.0594726 0.0537739 0.0428775 0.0530347 0.0346702 0.0399329 0.0299958 0.0467445 
0.0403024 0.0363208 0.0771458 0.0286039 0.146683 0.0352361 0.0544509 0.044014 0.0434799 0.0486223 0.0412139 0.0593159 0.0633111 0.0528965 0.0355923 0.0491907 0.0322552 0.0405865 0.0289258 0.0418542 
0.0502201 0.0628463 0.0402764 0.0441844 0.0290466 0.0665259 0.0223701 0.0378599 0.0403554 0.0427821 0.0212298 0.0429261 0.028429 0.0501347 0.119017 0.0708591 0.0612056 0.036362 0.0402502 0.0931193 
0.04986 0.0604055 0.0440857 0.04337 0.0361194 0.0635145 0.0246602 0.0387037 0.0411106 0.0437018 0.0228364 0.0452649 0.0313358 0.0509858 0.109949 0.0702275 0.0586606 0.0367868 0.0398746 0.0885468 
0.0492426 0.0575601 0.0485749 0.0421641 0.0454266 0.0599357 0.0276504 0.0396758 0.0418919 0.0446748 0.0248863 0.047881 0.0349441 0.0518454 0.0996 0.0690056 0.0555961 0.0373041 0.0392173 0.0829235 
0.0483154 0.0543174 0.0536124 0.0405782 0.0570724 0.0558708 0.031391 0.0407328 0.042636 0.0456493 0.0274044 0.0506467 0.0392381 0.0526187 0.0882117 0.0670835 0.0520612 0.0379204 0.0382512 0.0763887 
0.0470708 0.0507692 0.0589312 0.0386798 0.0707872 0.0515053 0.0358216 0.0418031 0.0432707 0.046562 0.0303492 0.0533667 0.0440832 0.0531972 0.0762933 0.0644418 0.0482047 0.0386248 0.0369925 0.0692461 
0.0455617 0.0470907 0.0641629 0.0365932 0.0858756 0.047108 0.0407509 0.0428035 0.0437361 0.0473524 0.0336011 0.0558184 0.0492254 0.0534858 0.0645559 0.061183 0.0442616 0.0393862 0.0355115 0.0619364 
0.0438914 0.0435007 0.0689301 0.0344761 0.101337 0.0429685 0.0458868 0.0436624 0.0440035 0.0479813 0.0369846 0.0578167 0.0543446 0.0534328 0.0537386 0.057522 0.0404989 0.0401594 0.0339218 0.0549431 
0.042184 0.0401986 0.0729511 0.0324812 0.116123 0.0393215 0.050911 0.0443389 0.0440841 0.0484428 0.040313 0.0592685 0.0591395 0.0530445 0.0444072 0.0537307 0.0371436 0.0408983 0.032349 0.04867 
0.0405494 0.0373155 0.0761037 0.0307199 0.129393 0.0362969 0.0555586 0.0448288 0.0440197 0.0487631 0.0434369 0.0601873 0.0634014 0.0523789 0.0368317 0.050064 0.0343315 0.0415677 0.0308968 0.0433554 
0.0390629 0.0349006 0.0784191 0.0292486 0.140649 0.0339145 0.0596665 0.0451563 0.0438658 0.0489853 0.04627 0.0606668 0.0670405 0.0515226 0.0309917 0.0467065 0.0320968 0.0421498 0.0296296 0.0390579 
0.0503317 0.0619375 0.038617 0.051014 0.0249253 0.0678226 0.0226456 0.0382501 0.0414551 0.0424161 0.0216582 0.0418293 0.0282117 0.0477569 0.113338 0.0674984 0.065115 0.0373908 0.0450885 0.0926984 
0.0500133 0.0597726 0.0420692 0.050151 0.030418 0.0650317 0.0247762 0.0390513 0.0421747 0.0433304 0.0232531 0.0441108 0.0308804 0.0486042 0.105513 0.0671526 0.0625986 0.0378389 0.0446884 0.0885721 
0.0494596 0.0572607 0.0462124 0.0487635 0.0377805 0.0616768 0.0275929 0.0399963 0.0429221 0.0443208 0.0253098 0.0467216 0.0342379 0.0495127 0.0965332 0.0663542 0.0595539 0.0383704 0.0439482 0.0834726 
0.0486082 0.0543807 0.0509809 0.0468477 0.0472203 0.0577949 0.0311911 0.0410563 0.0436346 0.0453399 0.0278872 0.04957 0.0383154 0.0504059 0.0865155 0.06498 0.0559945 0.0389943 0.0428264 0.0774565 
0.0474314 0.0511761 0.0561797 0.044466 0.0586734 0.0535204 0.0355733 0.0421706 0.0442367 0.0463243 0.0309838 0.0524886 0.043039 0.0511826 0.0758031 0.0629649 0.0520294 0.0397046 0.041323 0.0707295 
0.0459573 0.0477711 0.0614883 0.0417577 0.0717053 0.0490849 0.0406094 0.0432561 0.0446597 0.0472056 0.0345137 0.0552559 0.0482081 0.0517358 0.0649583 0.0603393 0.0478667 0.0404751 0.0395019 0.0636499 
0.0442724 0.0443507 0.0665241 0.0389223 0.0855397 0.0447732 0.0460391 0.0442299 0.0448644 0.0479292 0.0383095 0.0576525 0.0535219 0.0519831 0.0546496 0.0572419 0.0437761 0.0412634 0.0374896 0.0566677 
0.0424987 0.0411116 0.0709459 0.0361736 0.0992341 0.0408524 0.0515293 0.0450317 0.0448549 0.0484715 0.0421604 0.0595264 0.0586525 0.0518916 0.0454745 0.0538907 0.0400194 0.0420215 0.0354446 0.0502147 
0.0407594 0.038207 0.0745428 0.0336889 0.111926 0.0375051 0.0567601 0.0456377 0.0446742 0.0488453 0.0458684 0.0608319 0.0633309 0.051485 0.0378068 0.0505245 0.0367835 0.0427093 0.0335144 0.044599 
0.0391487 0.0357181 0.0772651 0.0315746 0.123014 0.0348024 0.0614966 0.0460588 0.0443853 0.0490907 0.0492927 0.0616229 0.0673998 0.0508302 0.0317462 0.0473424 0.0341495 0.0433027 0.0318024 0.0399569 
0.0501307 0.0589044 0.0401394 0.0582484 0.0257585 0.0663529 0.025048 0.0394244 0.0433206 0.0428612 0.0237677 0.0428129 0.0305615 0.0460336 0.0996663 0.0636016 0.066828 0.0389711 0.0503426 0.0872262 
0.0496245 0.0566849 0.0438938 0.0567497 0.0314362 0.0632252 0.0276987 0.0403306 0.0440363 0.0438504 0.0258281 0.045377 0.0336587 0.0469431 0.0920005 0.0631315 0.0637916 0.0395272 0.0495505 0.0826618 
0.0488368 0.0541383 0.0483089 0.0545554 0.0388723 0.0595562 0.0311415 0.041375 0.0447215 0.044897 0.0284471 0.0482509 0.0374848 0.0478973 0.0833721 0.0622191 0.060215 0.0401689 0.0483014 0.0772407 
0.0477247 0.0512729 0.0532628 0.0517104 0.0481404 0.0554312 0.0354379 0.0425102 0.0452981 0.0459412 0.0316659 0.0513029 0.0420226 0.0488109 0.0739841 0.0607748 0.0561666 0.0408941 0.0465746 0.071074 
0.046293 0.0481657 0.0585012 0.048355 0.0590241 0.051034 0.0405263 0.0436602 0.0456882 0.0469108 0.0354424 0.0543296 0.0471328 0.0495789 0.0642438 0.0587747 0.0518186 0.0416814 0.0444174 0.0644223 
0.044607 0.0449613 0.0636689 0.0447198 0.0709795 0.0466266 0.0461975 0.0447363 0.0458396 0.0477383 0.0396349 0.0570964 0.0525538 0.0501004 0.0547089 0.0562853 0.0474282 0.0424912 0.0419575 0.057669 
0.0427805 0.0418393 0.0683953 0.0410822 0.0832285 0.0424895 0.0521263 0.0456618 0.0457451 0.0483806 0.0440238 0.059402 0.0579542 0.0503086 0.0459531 0.0534598 0.0432785 0.0432742 0.0393813 0.0512356 
0.0409441 0.0389633 0.0723949 0.0377 0.0949557 0.0388493 0.0579519 0.0463921 0.0454445 0.0488324 0.0483682 0.0611371 0.0630183 0.0501896 0.0384112 0.0504994 0.0396037 0.0439851 0.0368846 0.0454748 
0.0392106 0.0364408 0.0755318 0.0347544 0.105508 0.0358305 0.063367 0.0469209 0.0450078 0.0491239 0.0524666 0.0623023 0.0675215 0.0497814 0.0322869 0.047599 0.0365374 0.0445938 0.0346221 0.0405943 
0.0376544 0.0343124 0.077818 0.0323289 0.114496 0.0334517 0.068174 0.0472729 0.0445107 0.0493046 0.0561933 0.0629836 0.0713597 0.0491557 0.0275579 0.0449046 0.0341056 0.0450887 0.0326836 0.0366439 
0.0502171 0.0578834 0.0383127 0.0674595 0.0220195 0.0674761 0.0254174 0.0397907 0.0445047 0.0423082 0.0243231 0.0413728 0.0303398 0.043363 0.0927237 0.0597525 0.0712673 0.0401367 0.056718 0.0846141 
0.0497463 0.0559172 0.0416556 0.0659531 0.0262905 0.0645679 0.0279094 0.0406489 0.0451899 0.0432745 0.0263811 0.043849 0.0331703 0.0442341 0.0862744 0.0595158 0.0682271 0.0407245 0.0559202 0.0805504 
0.0490126 0.0536682 0.0456573 0.0635762 0.031989 0.0611283 0.0311847 0.0416603 0.0458516 0.044326 0.0290197 0.0466899 0.0367176 0.0451958 0.0789866 0.0589672 0.0646388 0.0413923 0.0545903 0.0757481 
0.0479623 0.0511211 0.0502613 0.0603454 0.0392649 0.0571975 0.0353571 0.0427933 0.0464106 0.0454098 0.0323213 0.0498025 0.041013 0.0461833 0.0709547 0.0580095 0.0605331 0.0421405 0.0526865 0.0702328 
0.0465801 0.0483143 0.0552879 0.0563836 0.0480626 0.0529079 0.0404355 0.0439831 0.046781 0.0464548 0.0362943 0.0530154 0.0459802 0.0471039 0.0624443 0.0565844 0.0560404 0.0429523 0.0502302 0.0641641 
0.044908 0.045351 0.0604357 0.0519331 0.058049 0.0484839 0.0462774 0.0451424 0.046896 0.0473851 0.0408388 0.0560984 0.0514118 0.0478526 0.0538831 0.0547001 0.0513911 0.0437909 0.0473355 0.0578362 
0.0430452 0.0423844 0.0653377 0.0473243 0.0686351 0.0441997 0.0525903 0.0461829 0.0467324 0.0481395 0.0457474 0.0588178 0.0569964 0.0483386 0.0457764 0.0524434 0.0468736 0.0446064 0.0442038 0.051625 
0.0411237 0.0395767 0.0696585 0.0429017 0.0791095 0.0403119 0.0589927 0.04704 0.0463209 0.0486912 0.0507493 0.0610037 0.0623911 0.0485126 0.0385737 0.0499639 0.0427603 0.0453483 0.0410754 0.0458947 
0.0392716 0.0370541 0.0731811 0.0389428 0.0888224 0.0369952 0.0651122 0.0476874 0.0457346 0.049054 0.0555822 0.0625935 0.0673104 0.0483783 0.0325542 0.0474334 0.0392393 0.0459794 0.0381669 0.0409074 
0.0375841 0.0348836 0.0758396 0.0356085 0.0973223 0.0343172 0.0706684 0.048136 0.0450621 0.0492713 0.0600511 0.0636293 0.0715811 0.0479844 0.0277898 0.0450011 0.0363846 0.0464824 0.0356239 0.0367799 
0.0498345 0.0550478 0.0395376 0.0760343 0.022215 0.065707 0.0281603 0.0409212 0.0463336 0.0426174 0.0269001 0.0421653 0.0327393 0.0415006 0.0797369 0.0557198 0.0727433 0.0419015 0.0628541 0.0773308 
0.0491474 0.0530602 0.0430933 0.0736103 0.0264696 0.0625002 0.0312561 0.0418848 0.0469743 0.0436485 0.0295321 0.0449156 0.0359875 0.0424258 0.0736855 0.0554349 0.0691499 0.0426001 0.0615079 0.0731162 
0.0481572 0.0508019 0.0472719 0.0701279 0.0320205 0.0587935 0.0352654 0.042993 0.0475233 0.0447455 0.0328687 0.0480129 0.0399933 0.0434286 0.0669618 0.0548628 0.0650149 0.0433772 0.059498 0.068282 
0.0468319 0.0482821 0.0519663 0.0656748 0.0389155 0.0546695 0.0402645 0.0441961 0.047889 0.0458435 0.0369708 0.0513258 0.0447392 0.0444357 0.0597148 0.0539297 0.0604244 0.0442198 0.0568146 0.0628926 
0.0451902 0.0455667 0.056945 0.0604794 0.0469901 0.0503045 0.0461881 0.045414 0.0479897 0.0468638 0.0417936 0.0546472 0.0500814 0.0453497 0.052243 0.0526028 0.0555706 0.0450944 0.0535432 0.0571427 
0.0433118 0.0427775 0.0618756 0.0549004 0.0558413 0.0459492 0.0527993 0.0465536 0.0477825 0.0477319 0.0471636 0.057732 0.055749 0.0460694 0.044956 0.0509116 0.0507296 0.045951 0.0498795 0.0513353 
0.0413225 0.0400653 0.0664036 0.0493604 0.0648963 0.0418717 0.0597234 0.0475337 0.0472827 0.0483988 0.0528016 0.0603619 0.0613959 0.0465176 0.0382753 0.0489488 0.0461983 0.046734 0.046097 0.0458116 
0.039361 0.0375671 0.0702473 0.0442457 0.0735571 0.0382887 0.0665384 0.0483062 0.0465594 0.0488567 0.0583934 0.0624074 0.0666885 0.0466633 0.032521 0.0468478 0.0422156 0.0473984 0.0424749 0.0408623 
0.0375428 0.0353732 0.0732616 0.0398227 0.0813482 0.0353191 0.0728792 0.0488642 0.0457116 0.0491359 0.0636682 0.063852 0.071385 0.0465252 0.0278427 0.0447462 0.0389108 0.0479195 0.0392298 0.0366621 
0.0359409 0.0335172 0.0754422 0.0362089 0.0879934 0.0329796 0.0785052 0.0492335 0.044837 0.0492889 0.06845 0.0647718 0.0753672 0.0461583 0.0242224 0.0427532 0.0362991 0.0482942 0.0364815 0.0332558 
0.0499003 0.0541614 0.0375757 0.0865136 0.0190651 0.0666592 0.0283899 0.0411239 0.0474228 0.0419138 0.0273195 0.0403795 0.0323378 0.0388587 0.0728306 0.0519617 0.0772035 0.0429959 0.0700649 0.0733225 
0.0492546 0.0524027 0.0406805 0.0842067 0.0221667 0.0636777 0.0312953 0.042028 0.0480427 0.0428996 0.0299158 0.0429857 0.0352756 0.0397153 0.0678717 0.051848 0.0736141 0.0437256 0.068784 0.06961 
0.0483235 0.0504012 0.044392 0.0806518 0.0262928 0.0602104 0.0351038 0.0430914 0.0485875 0.0439812 0.0332348 0.0459934 0.0389559 0.0406849 0.0623443 0.0515569 0.0694788 0.0445335 0.0667593 0.0654228 
0.0470624 0.0481461 0.0486666 0.0758907 0.0315455 0.0562949 0.0399512 0.044281 0.0489625 0.0451032 0.0373866 0.0493139 0.0434127 0.0417157 0.0563102 0.0510131 0.064842 0.0454103 0.0639512 0.0607405 
0.0454684 0.0456722 0.0533469 0.0701108 0.0378803 0.0520563 0.0458528 0.0455293 0.0490733 0.0461905 0.0423891 0.0527778 0.0485682 0.0427272 0.0499549 0.050162 0.0598497 0.0463261 0.0604053 0.0556595 
0.043598 0.0430689 0.0581589 0.0636656 0.045055 0.0477063 0.0526474 0.0467455 0.0488552 0.0471611 0.0481229 0.0561502 0.0542084 0.0436207 0.0435823 0.0489898 0.054749 0.0472316 0.05629 0.0503935 
0.041564 0.0404683 0.0627607 0.0570287 0.0526458 0.0435063 0.0599964 0.0478371 0.0483011 0.0479479 0.0543273 0.059184 0.0600086 0.0443026 0.0375555 0.0475365 0.0498428 0.0480669 0.0518881 0.0452314 
0.0395088 0.0380099 0.0668316 0.0506906 0.0601432 0.0397011 0.0674535 0.0487359 0.0474686 0.0485189 0.0606549 0.0616891 0.065608 0.0447119 0.0321993 0.04589 0.0454118 0.0487782 0.0475324 0.0404625 
0.0375655 0.0358029 0.0701554 0.0450434 0.0670849 0.0364581 0.074578 0.0494133 0.0464606 0.0488846 0.0667623 0.063581 0.0707018 0.0448349 0.0277177 0.0441622 0.0416437 0.0493314 0.0435176 0.0363009 
0.0358293 0.0339047 0.0726558 0.0403118 0.0731559 0.0338415 0.0810332 0.049881 0.0453917 0.0490889 0.0723886 0.0648857 0.0751015 0.0447018 0.0241636 0.0424575 0.0386039 0.0497178 0.0400385 0.0328473 
0.0493479 0.0517703 0.038468 0.0948239 0.0189028 0.0646824 0.0312562 0.042081 0.0490238 0.0421221 0.0301191 0.0409798 0.0345721 0.0371772 0.0619601 0.0484138 0.0778996 0.0447114 0.0760959 0.0655933 
0.048475 0.0499957 0.0417046 0.0914022 0.0219008 0.061456 0.0348315 0.0430833 0.0495666 0.0431609 0.0333682 0.043831 0.0379048 0.0380779 0.0574746 0.0483069 0.0737925 0.0455474 0.0741625 0.0619583 
0.0472842 0.0479801 0.0455098 0.0865636 0.0258042 0.0577761 0.0394583 0.0442346 0.0499614 0.0442754 0.0374862 0.047069 0.0420196 0.0390799 0.0525384 0.0480456 0.0691614 0.0464573 0.0713538 0.0579414 
0.0457544 0.0457337 0.0497957 0.0804361 0.0306426 0.0537175 0.0452282 0.0454836 0.0501043 0.0453991 0.0425544 0.0505695 0.0469011 0.0401238 0.0472477 0.0475688 0.0641035 0.0474158 0.0676714 0.0535492 
0.0439172 0.0433158 0.0543585 0.073331 0.0362979 0.0494447 0.0520688 0.0467484 0.04991 0.0464502 0.0485227 0.0541282 0.0524022 0.0411237 0.0418071 0.0468366 0.0588227 0.0483753 0.0632373 0.048902 
0.0418666 0.0408352 0.0588973 0.0657318 0.0424855 0.045194 0.0597066 0.0479329 0.0493442 0.047349 0.0551764 0.0574929 0.0582419 0.041983 0.0365039 0.0458473 0.053608 0.0492727 0.0583154 0.0442156 
0.03974 0.0384258 0.0630823 0.0582073 0.0488032 0.041221 0.0677039 0.0489519 0.0484433 0.0480412 0.0621638 0.0604283 0.0640579 0.0426195 0.0316382 0.0446436 0.048766 0.0500454 0.0532683 0.0397492 
0.0376835 0.03621 0.066644 0.0512783 0.0548337 0.0377336 0.0755643 0.0497547 0.0473054 0.0485136 0.0690826 0.0627815 0.069497 0.0429892 0.027441 0.0433029 0.0445391 0.0506484 0.0484648 0.0357324 
0.0358142 0.0342687 0.0694356 0.0453042 0.0602495 0.0348459 0.0828559 0.0503335 0.0460576 0.0487939 0.0755826 0.0645142 0.0742999 0.0430935 0.0240223 0.0419139 0.0410522 0.0510638 0.044189 0.03231 
0.0342015 0.0326313 0.0714411 0.0404413 0.0648686 0.0325732 0.0892924 0.0507162 0.0448193 0.0489343 0.0814324 0.0656866 0.0783363 0.0429706 0.0213707 0.0405539 0.0383097 0.0513 0.0405952 0.0295255 
0.0494404 0.0512154 0.0364848 0.104905 0.0164903 0.0655485 0.0311115 0.0420475 0.0499046 0.0413594 0.0301141 0.0389864 0.0338755 0.0348943 0.0563149 0.0452925 0.0819012 0.0455199 0.083108 0.061486 
0.0486241 0.0496416 0.0392663 0.101832 0.0186273 0.0625521 0.0344311 0.0429766 0.0504428 0.042332 0.0332467 0.0416261 0.0368535 0.0357043 0.0526964 0.0452888 0.0778459 0.0463763 0.0813833 0.0582526 
0.047508 0.0478413 0.0425898 0.097168 0.021469 0.0591186 0.0387791 0.0440687 0.0508619 0.0434092 0.0372526 0.0447015 0.0405919 0.0366389 0.0487039 0.045212 0.0732675 0.0473134 0.0787089 0.0547961 
0.0460559 0.0458063 0.0464245 0.0909765 0.0250821 0.0552781 0.0443138 0.0452898 0.0510534 0.0445362 0.0422701 0.0481345 0.0451286 0.0376598 0.0443683 0.0450042 0.0682158 0.0483109 0.0750487 0.0510429 
0.0442766 0.0435695 0.0506379 0.0834984 0.0294336 0.0511441 0.051054 0.0465723 0.0509138 0.0456374 0.0483253 0.0517647 0.050386 0.0387006 0.039811 0.0446153 0.0628434 0.0493247 0.0704681 0.047024 
0.0422398 0.0412137 0.0549887 0.0751806 0.0343551 0.0469141 0.0588148 0.0478238 0.0503806 0.0466286 0.0552737 0.055359 0.0561448 0.0396725 0.0352405 0.0440163 0.0574056 0.0502904 0.0651846 0.0428731 
0.0400706 0.0388603 0.0591678 0.0666254 0.0395539 0.0428358 0.0672039 0.0489492 0.049461 0.0474383 0.0627926 0.0586602 0.0620675 0.0404848 0.0309118 0.043212 0.0522141 0.0511374 0.0595578 0.0387962 
0.0379199 0.0366381 0.0628776 0.0584609 0.0446791 0.0391436 0.0757011 0.0498771 0.048237 0.0480289 0.0704479 0.0614571 0.0677757 0.0410695 0.0270573 0.042243 0.0475552 0.0518082 0.0540103 0.0350129 
0.0359244 0.0346488 0.0659107 0.0511932 0.0494156 0.0359991 0.0837912 0.0505772 0.0468402 0.0484064 0.0778071 0.0636402 0.0729463 0.0413988 0.0238254 0.041174 0.0436162 0.0522735 0.0489177 0.0316943 
0.0341769 0.0329459 0.0681866 0.045114 0.0535543 0.0334648 0.0910816 0.0510613 0.0454099 0.0486113 0.08454 0.0652131 0.0773769 0.0414868 0.0212574 0.0400733 0.040456 0.0525349 0.0445279 0.0289277 
0.0487809 0.0493711 0.0371044 0.111433 0.0162494 0.0635314 0.0339066 0.0427901 0.0512196 0.0415384 0.0328779 0.0394775 0.0358203 0.033622 0.0482789 0.0426206 0.0815682 0.0470032 0.0881139 0.0546932 
0.0477407 0.0477645 0.0399641 0.107194 0.0182846 0.0603398 0.0379356 0.0438071 0.0516604 0.0425531 0.0367065 0.0423259 0.0391674 0.0344653 0.0450606 0.0426471 0.0770785 0.0479569 0.0857126 0.0516357 
0.0463762 0.0459255 0.0433289 0.101236 0.0209351 0.056738 0.0431481 0.0449752 0.0519075 0.0436518 0.0415673 0.0455986 0.04331 0.0354223 0.0415387 0.042613 0.0720955 0.0489842 0.0822393 0.0484092 
0.0446759 0.0438645 0.0471292 0.0937166 0.0242187 0.0527902 0.0496484 0.0462438 0.0518452 0.0447693 0.0475604 0.0491846 0.0482353 0.0364474 0.0377701 0.0424684 0.0667176 0.0500463 0.0777051 0.0449628 
0.0426838 0.0416386 0.0511913 0.0850071 0.0280539 0.0486469 0.0573533 0.0475315 0.0513843 0.0458245 0.0546268 0.0528892 0.0537953 0.0374682 0.033892 0.0421714 0.0611526 0.0510804 0.0722618 0.0413474 
0.0405049 0.0393503 0.05525 0.0756882 0.0322465 0.0445298 0.0659494 0.0487414 0.0504978 0.0467358 0.0625064 0.05646 0.0597017 0.0383967 0.0301042 0.0417005 0.0556942 0.0520098 0.066231 0.0377016 
0.0382864 0.0371272 0.0590081 0.066451 0.0365224 0.0406828 0.0749333 0.0497863 0.049241 0.0474452 0.0707694 0.0596476 0.0655789 0.0391509 0.0266201 0.0410637 0.0506541 0.0527645 0.060055 0.0342123 
0.0361785 0.0350866 0.062216 0.0579363 0.0405987 0.0373064 0.0837335 0.0506126 0.0477381 0.0479341 0.0789222 0.0622752 0.0710578 0.0396786 0.0236075 0.0402976 0.046277 0.0533011 0.0541867 0.0310559 
0.0342977 0.0333067 0.0647318 0.0505924 0.0442566 0.0345121 0.0918538 0.0512112 0.0461422 0.0482251 0.0865342 0.0642776 0.0758635 0.0399671 0.0211487 0.0394543 0.0426851 0.0536109 0.0489777 0.0283517 
0.0327074 0.0318167 0.0665331 0.0446191 0.047381 0.0323155 0.0989674 0.0516103 0.0445924 0.0483678 0.0933211 0.0656942 0.0798564 0.0400394 0.019239 0.0385856 0.0398753 0.0537161 0.0446203 0.0261425 
