20 hexa 10 10 gaussian
#SNAPSHOT FILE
#iterations: 4000 (200000 total)
0.0419672 0.088473 0.0272666 0.025862 0.0123931 0.0748073 0.0145489 0.0295161 0.0283778 0.0350193 0.0150078 0.0337625 0.0188463 0.0552387 0.243674 0.074257 0.0688511 0.0323408 0.0241271 0.0556656 
0.0437603 0.0854616 0.0273225 0.0242496 0.0130834 0.0726798 0.0149889 0.031262 0.0312529 0.0369422 0.0157418 0.0355134 0.0186937 0.0524022 0.214887 0.0758025 0.0643336 0.0334292 0.024768 0.0834265 
0.0460614 0.0791393 0.0282499 0.0216109 0.0150824 0.0690258 0.0159407 0.0344309 0.0365984 0.0405378 0.0166312 0.0382203 0.0186163 0.0478473 0.170079 0.076093 0.0572411 0.0346026 0.0260386 0.127955 
0.0478168 0.0697899 0.0309069 0.018602 0.0206106 0.0639855 0.0177887 0.0389231 0.0440617 0.0455154 0.017557 0.0417823 0.0191345 0.0427436 0.118672 0.0734397 0.0488771 0.0354551 0.0279021 0.176438 
0.0482081 0.0598174 0.0355172 0.0166139 0.0341668 0.0584829 0.0209336 0.0435649 0.0515953 0.050705 0.0186278 0.0453476 0.0209883 0.0392 0.0772571 0.0675709 0.0415299 0.0356532 0.0299216 0.2043 
0.0472963 0.0507441 0.0417796 0.0164812 0.0636539 0.0525955 0.0260714 0.0470449 0.057057 0.0549752 0.0203315 0.047794 0.025058 0.0380143 0.0512153 0.0593415 0.0357132 0.0353605 0.0315867 0.197886 
0.0453425 0.0424208 0.0488567 0.0181219 0.116583 0.0457307 0.0337705 0.0481952 0.0586433 0.0572936 0.0231794 0.0479591 0.032184 0.0385372 0.0358855 0.0495663 0.0306646 0.0349896 0.0322993 0.159779 
0.0426622 0.0351087 0.0547608 0.020549 0.185331 0.0386512 0.0427153 0.0464421 0.0555626 0.0569952 0.026888 0.045424 0.0416123 0.0396351 0.0269909 0.0399877 0.0265144 0.0347953 0.0315256 0.10785 
0.0399698 0.0298024 0.0579057 0.0223664 0.245824 0.0332561 0.050091 0.0430762 0.0498568 0.05494 0.0303214 0.0416985 0.0507014 0.0404825 0.0224695 0.0329646 0.0240231 0.0347501 0.0296143 0.0658868 
0.0378092 0.0266673 0.0588625 0.0230865 0.284175 0.0301695 0.0547995 0.0400281 0.0444594 0.0526252 0.0328156 0.0386621 0.0578076 0.0409946 0.0205001 0.0290373 0.0230496 0.0348007 0.0275161 0.0421382 
0.0436287 0.0826977 0.0281462 0.0278956 0.013383 0.078794 0.0157531 0.0322055 0.0283516 0.0349417 0.0167017 0.0343979 0.0217161 0.0532101 0.208609 0.0739221 0.0839706 0.0336461 0.026323 0.0617082 
0.0469935 0.078784 0.0289239 0.025923 0.0145801 0.0748422 0.016303 0.03451 0.0320258 0.0379457 0.0176074 0.0376336 0.0215276 0.050774 0.17578 0.077485 0.0742514 0.0343653 0.0268579 0.0928876 
0.0500445 0.0717506 0.03166 0.0229734 0.0177447 0.0687332 0.0174 0.0381703 0.038024 0.0428597 0.0184591 0.0427206 0.0216451 0.0474578 0.131802 0.0794201 0.061305 0.0349282 0.0278326 0.13507 
0.0509962 0.0627438 0.0372887 0.0201086 0.0257321 0.0616145 0.0194818 0.0425317 0.0451512 0.0488088 0.0191748 0.0490299 0.022895 0.0446033 0.0893391 0.0771677 0.0488051 0.0351153 0.0291708 0.170242 
0.0495433 0.0538107 0.0456316 0.0186422 0.0438515 0.0547566 0.0231606 0.0463288 0.0512577 0.0542613 0.0200914 0.0548243 0.0262583 0.0433477 0.0592726 0.0702532 0.0395919 0.0349455 0.0305239 0.179648 
0.04671 0.0456475 0.0554561 0.0189813 0.0794646 0.0479754 0.0292318 0.0484727 0.0546155 0.0578852 0.0218008 0.0580483 0.0327995 0.0433832 0.0411104 0.0600321 0.0332033 0.0346862 0.0313911 0.159106 
0.0435175 0.0382996 0.0640499 0.0205826 0.134349 0.0410417 0.0376427 0.0481539 0.0540888 0.0586024 0.0245762 0.0569502 0.0428894 0.0435607 0.0303457 0.0487247 0.0285002 0.0345933 0.0311882 0.118343 
0.0406853 0.0324059 0.068474 0.0222708 0.194419 0.0350496 0.0463445 0.0456702 0.0502006 0.0565995 0.0278407 0.0520906 0.0546455 0.0431171 0.0242682 0.0392379 0.0254322 0.0346906 0.029773 0.0767865 
0.0385274 0.0285006 0.0687644 0.0231814 0.240912 0.0310731 0.053086 0.0426289 0.0452846 0.0535736 0.0306891 0.0465015 0.0652554 0.0423087 0.0212394 0.0332138 0.0240083 0.034863 0.0277789 0.0486112 
0.0369722 0.0262974 0.0672229 0.0233456 0.268282 0.0289679 0.0574884 0.0403158 0.0412086 0.0508866 0.0328352 0.0424093 0.0735038 0.0416788 0.0198016 0.0300939 0.0236619 0.035115 0.0259226 0.033997 
0.0433288 0.0763485 0.0289629 0.0333115 0.0139623 0.0864632 0.0172832 0.0341384 0.0259107 0.0331866 0.0180715 0.0328104 0.0261895 0.0512744 0.185748 0.0688798 0.113101 0.0345868 0.0302414 0.0462034 
0.0479856 0.0743857 0.0296365 0.0322041 0.0148673 0.0823514 0.017659 0.03577 0.0282079 0.0354728 0.0189758 0.036125 0.0260185 0.0508307 0.164321 0.0749263 0.100835 0.0347892 0.0300446 0.0645941 
0.0530939 0.0701474 0.032298 0.0298641 0.0167936 0.0753964 0.0182098 0.0385079 0.0324568 0.0397749 0.0198018 0.0420733 0.0258823 0.0501624 0.132541 0.0818093 0.0827915 0.0347651 0.0297627 0.0938697 
0.0557949 0.0634512 0.0387327 0.0265269 0.0213352 0.066273 0.019302 0.0421855 0.0383887 0.0458722 0.0202941 0.0509548 0.0265623 0.0496695 0.0961595 0.0855946 0.0627978 0.0345387 0.0296255 0.125942 
0.0542775 0.0556264 0.0495342 0.0235715 0.0315979 0.0572627 0.0215688 0.0458029 0.0443082 0.052215 0.0206045 0.0609344 0.0292127 0.0499064 0.0658795 0.0825767 0.0468615 0.0342849 0.0297921 0.144183 
0.0498498 0.0480412 0.0632606 0.0221594 0.0525442 0.0495296 0.0258545 0.0482975 0.0484327 0.0570162 0.0213208 0.0688149 0.0350188 0.0506414 0.0460399 0.0730508 0.0368536 0.0341952 0.0300319 0.139048 
0.0449215 0.0411559 0.0763977 0.0222898 0.0885969 0.0426829 0.0327821 0.049007 0.0497231 0.0589708 0.0229954 0.0714233 0.0450303 0.0507233 0.0340241 0.0602705 0.0308916 0.0343556 0.0298256 0.113933 
0.0410808 0.0353062 0.0842672 0.0231162 0.136269 0.0366799 0.0416555 0.047818 0.0480434 0.0576928 0.02564 0.0674847 0.0588936 0.0491776 0.0267388 0.0482139 0.0273163 0.0347087 0.0288003 0.0810972 
0.0386776 0.0309659 0.0850239 0.0237172 0.182176 0.0321747 0.050319 0.0455476 0.0445743 0.0544284 0.0286019 0.0596841 0.0739423 0.0464471 0.0225186 0.0396564 0.0255085 0.0350952 0.0271378 0.0538063 
0.0372542 0.0282132 0.0813302 0.0237918 0.215088 0.0294176 0.0570726 0.0433781 0.0410081 0.0509985 0.0312278 0.0522291 0.08723 0.0438182 0.0202058 0.0348178 0.0249511 0.0354616 0.0253783 0.0371305 
0.0483923 0.0668307 0.0300979 0.0420302 0.0153118 0.08985 0.0199244 0.0377741 0.0254329 0.0334185 0.0206632 0.0339785 0.0315528 0.0474073 0.137646 0.0679168 0.13317 0.0361362 0.0373922 0.0450751 
0.0555882 0.0650087 0.0323603 0.0406729 0.016726 0.0827933 0.0202509 0.0397058 0.0283221 0.0367624 0.0214624 0.0397092 0.0312962 0.0490104 0.11818 0.0780466 0.111523 0.0356143 0.0357564 0.0612121 
0.0611319 0.0612866 0.0386856 0.0373624 0.0194656 0.0724125 0.0206453 0.0425309 0.0329395 0.0421934 0.0218456 0.0497069 0.031469 0.0515337 0.0928749 0.0881509 0.0844184 0.0348319 0.0334404 0.0830753 
0.0610862 0.0557256 0.0509929 0.0327739 0.0250733 0.060939 0.0216696 0.0456465 0.0382971 0.0487133 0.0217564 0.063232 0.0332747 0.0547257 0.0678464 0.091867 0.0595028 0.0342267 0.0312127 0.101439 
0.0554636 0.0493959 0.0684313 0.028819 0.0361684 0.0511643 0.0242867 0.0480519 0.0426038 0.0542748 0.0217514 0.0763883 0.0380464 0.0576774 0.0490687 0.0857479 0.0428923 0.0341808 0.0296522 0.105935 
0.0479678 0.0433042 0.086932 0.0265997 0.0560453 0.043663 0.0294606 0.0491707 0.0447195 0.0572678 0.0225912 0.0843929 0.047075 0.0590345 0.0369922 0.0727612 0.0339751 0.0346387 0.0285167 0.0948926 
0.0418788 0.0379574 0.100451 0.0257665 0.0857959 0.037759 0.0374999 0.048993 0.0444645 0.0570971 0.024685 0.0841616 0.0613105 0.0576154 0.0292986 0.05857 0.029517 0.0352861 0.0272844 0.074609 
0.0383133 0.0336649 0.104505 0.0254033 0.120429 0.0331785 0.0473049 0.0479151 0.0424448 0.0544179 0.0277961 0.0765959 0.0797924 0.0535588 0.024255 0.047483 0.027422 0.0358475 0.025781 0.0538922 
0.0366928 0.0306042 0.100102 0.024944 0.150876 0.0300109 0.0567482 0.0465807 0.0397805 0.0508412 0.0311991 0.0663393 0.0991198 0.0485684 0.0209815 0.0407528 0.026736 0.0362571 0.0242194 0.0386483 
0.0360125 0.0286956 0.092056 0.024373 0.171384 0.0281434 0.064233 0.0455157 0.0374964 0.0477272 0.0343932 0.0577226 0.115427 0.0443818 0.0188959 0.0373163 0.0268546 0.0366992 0.022903 0.0297739 
0.0479083 0.0585515 0.030117 0.0578672 0.0153251 0.0942106 0.0227078 0.039727 0.0238416 0.0321263 0.0226189 0.0317559 0.0366496 0.0415682 0.104666 0.0580618 0.159756 0.0380463 0.051151 0.033347 
0.0561143 0.0582847 0.031713 0.0575717 0.0165434 0.0880151 0.0230883 0.0410654 0.0261181 0.03452 0.0233626 0.0363393 0.0363661 0.0441751 0.0941865 0.06843 0.137816 0.0374584 0.0483682 0.040466 
0.0641988 0.0570868 0.0367983 0.0546438 0.0184896 0.0781386 0.0232461 0.0431028 0.0301106 0.0387523 0.0237103 0.045344 0.036162 0.048613 0.0798399 0.0817866 0.107955 0.036572 0.0436182 0.0518316 
0.0671861 0.0542441 0.0483619 0.0483709 0.0218343 0.0656258 0.0234709 0.0456034 0.0354081 0.0445784 0.0234331 0.0598527 0.0370798 0.0546708 0.0634337 0.0922943 0.0762983 0.0358315 0.037816 0.0646066 
0.0623029 0.0498204 0.0672542 0.0406917 0.0276563 0.0537647 0.0247373 0.0477786 0.0402117 0.0502802 0.0229901 0.0769738 0.0405234 0.060763 0.0488711 0.0926747 0.0519713 0.0358216 0.032753 0.0721607 
0.0528426 0.0447717 0.089801 0.0344722 0.037576 0.0448133 0.0283648 0.0489992 0.0428167 0.0539255 0.0233979 0.0906367 0.0478203 0.0647074 0.0383271 0.0823988 0.0382253 0.0365415 0.0292573 0.0703054 
0.0439458 0.0400186 0.109131 0.0306646 0.0530401 0.0385286 0.03533 0.049332 0.0429079 0.054738 0.025488 0.0958462 0.060389 0.0649319 0.0311281 0.0676281 0.0319238 0.0374296 0.0268393 0.06076 
0.0382038 0.0359966 0.118716 0.028491 0.0733067 0.0339632 0.0456062 0.0491939 0.0411893 0.0531024 0.0294452 0.0915241 0.0789991 0.0611646 0.0259494 0.0546112 0.0293748 0.0379882 0.0249046 0.0482704 
0.0355241 0.0328713 0.116647 0.0269765 0.0942635 0.0306551 0.0576152 0.0489219 0.0387083 0.050166 0.0346398 0.0810304 0.101792 0.0548368 0.022064 0.0460958 0.0286335 0.0381357 0.0232957 0.037128 
0.0346558 0.0307055 0.106901 0.0257258 0.110925 0.0284666 0.0688511 0.0486842 0.0364068 0.0472033 0.0400201 0.0696941 0.124123 0.0483127 0.0192172 0.041651 0.0288374 0.0381555 0.0220828 0.0293854 
0.0543915 0.0524057 0.0306011 0.0828325 0.0156173 0.0880106 0.0260791 0.0420308 0.0255812 0.0335077 0.0256311 0.0330207 0.0393681 0.0378425 0.0696121 0.05632 0.148853 0.0394988 0.0696548 0.0291452 
0.063168 0.0527103 0.033914 0.0804418 0.0171696 0.0802937 0.0263454 0.0434657 0.0298598 0.0365333 0.0259601 0.0395987 0.0389463 0.0423011 0.0626554 0.0685663 0.122122 0.0392155 0.0628288 0.0339048 
0.0690373 0.0520377 0.042624 0.0727922 0.0195662 0.0693124 0.0263597 0.0453512 0.0362652 0.041124 0.0256325 0.0519248 0.039157 0.0492669 0.054133 0.0819344 0.0906269 0.0391768 0.0530085 0.0406701 
0.0671885 0.0496551 0.0594283 0.0605266 0.0231705 0.0570907 0.0268182 0.0472501 0.0430217 0.0463379 0.0249398 0.0696686 0.0412592 0.0576601 0.0452392 0.0890837 0.0621857 0.0398327 0.0426706 0.0469732 
0.0580686 0.0458181 0.0827443 0.0479629 0.0284539 0.0467794 0.0292593 0.0485618 0.0471344 0.0502824 0.0251218 0.0874874 0.0465729 0.0646943 0.0375946 0.0848532 0.0435986 0.0411269 0.0346042 0.0492817 
0.0472108 0.0415699 0.10589 0.0387365 0.0361188 0.0395677 0.0353198 0.0492146 0.0472773 0.0518171 0.0276481 0.0985079 0.0564201 0.0677674 0.0316879 0.0724945 0.0345714 0.0423112 0.0293635 0.0465066 
0.0390404 0.0376976 0.120895 0.0331 0.0464074 0.0347027 0.0458925 0.0496286 0.0444451 0.0511442 0.0333467 0.099324 0.0721665 0.0658918 0.0270089 0.0591239 0.0311084 0.0426836 0.0260036 0.0403898 
0.0345714 0.0344979 0.12317 0.0296502 0.0579909 0.0312916 0.0602713 0.0501168 0.0404446 0.0491621 0.0418872 0.0913666 0.0936374 0.0599267 0.0230795 0.04931 0.0302128 0.042151 0.0237852 0.0334771 
0.0328054 0.0321067 0.114454 0.0272886 0.0681967 0.0289413 0.0757318 0.0506551 0.0367573 0.0468756 0.0516271 0.0795002 0.117357 0.0522354 0.0198369 0.0438403 0.0304961 0.0411849 0.0224241 0.0276876 
0.0323694 0.0305539 0.101027 0.0256137 0.0752048 0.0274697 0.0890021 0.0510722 0.0341657 0.044992 0.060671 0.0686984 0.13778 0.0453384 0.0174026 0.0413448 0.0312892 0.0404547 0.021754 0.0238022 
0.0512883 0.0485549 0.0294019 0.116093 0.0138928 0.0819584 0.0287779 0.0425789 0.0259077 0.0337171 0.0283812 0.0303916 0.0395423 0.032334 0.0503282 0.0454758 0.1388 0.0408321 0.0988307 0.0229165 
0.058677 0.0494746 0.0312059 0.114296 0.015115 0.0769458 0.0291926 0.0436379 0.0308077 0.0358417 0.0286882 0.0344135 0.0390163 0.0355774 0.0471339 0.0539573 0.118816 0.0414947 0.0909069 0.0248025 
0.0654066 0.0500287 0.0364807 0.106232 0.0170078 0.0693276 0.0293551 0.0449511 0.0390543 0.0391754 0.0283665 0.0427943 0.0387901 0.0412567 0.0434962 0.0652958 0.0941086 0.042867 0.0779949 0.0280107 
0.0670651 0.0492678 0.0484503 0.0902788 0.0198076 0.059347 0.0296001 0.0464145 0.0495737 0.0434921 0.0275114 0.05732 0.0397901 0.0494662 0.0393125 0.0753087 0.0685735 0.0452487 0.062045 0.0321271 
0.0610174 0.0466738 0.0683517 0.0700578 0.0235077 0.0491863 0.0312996 0.0477111 0.0579651 0.0474301 0.0273791 0.0757774 0.0432467 0.0583134 0.0349275 0.0776519 0.0485877 0.048236 0.0472969 0.0353834 
0.0504514 0.0428863 0.0917897 0.0523067 0.028068 0.0411523 0.0366106 0.0486728 0.0599368 0.0495354 0.0302158 0.0914186 0.0503455 0.0645113 0.0308182 0.0707715 0.0372715 0.0504998 0.0367902 0.035948 
0.0406998 0.0389545 0.110418 0.0403278 0.0335686 0.0356459 0.0473799 0.0495213 0.0555551 0.0496155 0.0379355 0.0982248 0.062269 0.0657137 0.0270865 0.0596633 0.0325842 0.0508895 0.0303023 0.0336451 
0.0343681 0.0354803 0.117317 0.033161 0.03964 0.0319371 0.0638643 0.0505015 0.0480466 0.0484336 0.0508992 0.0948943 0.0794692 0.0616983 0.0236034 0.049871 0.0313356 0.0493307 0.0264652 0.0296837 
0.0312599 0.0327394 0.111561 0.0288375 0.0450943 0.0294368 0.0834955 0.0515353 0.0407226 0.0468719 0.0670162 0.0848139 0.0998402 0.0543557 0.020438 0.0437009 0.0316015 0.0467094 0.0243909 0.0255808 
0.0301067 0.0308831 0.0985941 0.0261334 0.048796 0.0278567 0.101777 0.0523493 0.0353838 0.0455071 0.0825518 0.0734108 0.118915 0.0466192 0.0178612 0.0406883 0.0324647 0.0442041 0.0235213 0.0223779 
0.053037 0.0475305 0.0293412 0.150488 0.0127213 0.0694703 0.0313866 0.0438537 0.0313401 0.0362477 0.0315757 0.0307469 0.0370444 0.0305918 0.0361273 0.0425219 0.100924 0.0425011 0.122571 0.0199811 
0.0585328 0.0485593 0.0320351 0.143292 0.0141636 0.0651958 0.0316816 0.044743 0.0407607 0.038611 0.0313093 0.035488 0.0365785 0.034171 0.0347352 0.0496358 0.0849119 0.0451415 0.10867 0.0217863 
0.0618941 0.0488218 0.0389143 0.126641 0.0164777 0.0588038 0.0319917 0.0456321 0.0550916 0.0419682 0.0304025 0.0449513 0.0367796 0.0401226 0.0332071 0.0578601 0.0670197 0.049529 0.0892823 0.02461 
0.0597297 0.047389 0.0525812 0.10104 0.0197268 0.050779 0.0333093 0.0465569 0.0704348 0.0456596 0.0297991 0.0599542 0.0385949 0.04813 0.0312592 0.0632479 0.0505275 0.0553237 0.0681531 0.0278051 
0.051895 0.0441832 0.0721371 0.0736843 0.0235513 0.0429955 0.0378864 0.0475864 0.0787153 0.0482851 0.0322074 0.076818 0.0432055 0.0558943 0.0288627 0.0620977 0.0392107 0.0604046 0.050565 0.0298152 
0.0423675 0.0401411 0.0912523 0.0522747 0.0275416 0.0369429 0.0484292 0.0488134 0.075474 0.0490793 0.041038 0.0888307 0.0516325 0.0602659 0.026217 0.0554719 0.0337096 0.0622138 0.0387942 0.029511 
0.0348605 0.0362043 0.101862 0.0386638 0.0314044 0.0327297 0.0663482 0.0502379 0.0638749 0.0484861 0.0580638 0.0914846 0.0643008 0.0593884 0.0234484 0.0476535 0.032033 0.0600098 0.0317747 0.0271724 
0.0304446 0.03293 0.100134 0.030814 0.0346201 0.0299376 0.0895275 0.0516467 0.0504336 0.0473788 0.0811738 0.0853364 0.0798237 0.0538836 0.0207112 0.0417978 0.0321947 0.0552077 0.0279798 0.024027 
0.0283952 0.0306361 0.0895919 0.0264356 0.0366145 0.0282243 0.112383 0.0527108 0.0399432 0.0463673 0.104575 0.0751449 0.0948174 0.0465382 0.0183216 0.0385501 0.033032 0.05012 0.0263222 0.0212773 
0.0275967 0.0293256 0.0771744 0.0240553 0.037413 0.0272702 0.130077 0.0532577 0.0336083 0.0456172 0.123115 0.0658339 0.106327 0.0401274 0.0165278 0.0370612 0.0339703 0.0463452 0.0258893 0.0194078 
0.0483448 0.046446 0.0283468 0.181159 0.0106411 0.0613989 0.032903 0.0441129 0.0308674 0.037043 0.0339913 0.0285317 0.0345615 0.0277541 0.0296578 0.0355929 0.0791129 0.0422749 0.150091 0.0171724 
0.0518751 0.0474928 0.029654 0.1756 0.0116532 0.0593105 0.0331633 0.0448295 0.039897 0.0387315 0.0338567 0.0309695 0.0339791 0.0296653 0.0290987 0.0391497 0.069754 0.0454292 0.137428 0.0184638 
0.0549432 0.0482672 0.0330864 0.161194 0.0134375 0.055934 0.0334782 0.0452726 0.0556189 0.0412791 0.0330683 0.0361642 0.033687 0.0331524 0.0286695 0.0439723 0.0592139 0.0508831 0.117936 0.0207427 
0.0551476 0.0478159 0.0408681 0.135227 0.0162812 0.0507751 0.0344772 0.0455982 0.0768682 0.0445665 0.0320909 0.0459906 0.034223 0.0386581 0.0279963 0.048523 0.0483731 0.0589904 0.0936266 0.0239028 
0.0507168 0.0454427 0.0542349 0.101647 0.020013 0.0444806 0.0381243 0.0462158 0.0950175 0.0476157 0.0332996 0.0601721 0.0366252 0.0455005 0.0267364 0.0501438 0.0394831 0.067894 0.0698263 0.0268115 
0.0431191 0.0415468 0.0703154 0.0703093 0.0239668 0.0385374 0.0475758 0.0474844 0.0990556 0.0492561 0.0412349 0.0743324 0.0420531 0.0513889 0.0249247 0.047733 0.0342575 0.0734416 0.0516248 0.027843 
0.0356486 0.037175 0.0824097 0.0478346 0.0275066 0.0338725 0.0655249 0.0492768 0.0870232 0.0493014 0.0599357 0.0825853 0.0510382 0.0536356 0.0228115 0.043102 0.0323497 0.0726337 0.0398826 0.0264527 
0.0303813 0.0332377 0.0847495 0.0343374 0.0301862 0.0306161 0.0910178 0.0510852 0.0670248 0.0484473 0.0886081 0.0819439 0.0625725 0.0510664 0.0206037 0.0387557 0.0323848 0.0662672 0.0330939 0.0236222 
0.0275077 0.0303498 0.0779149 0.0271544 0.0317043 0.028616 0.117753 0.0524238 0.0490102 0.0474762 0.119767 0.0747314 0.0739131 0.0452835 0.018569 0.0359341 0.0331745 0.0580832 0.0297642 0.0208701 
0.0262031 0.0286654 0.0678186 0.0236587 0.0321425 0.0275456 0.139019 0.0531083 0.0374733 0.0467373 0.145085 0.0661414 0.0826901 0.0392695 0.0169552 0.034495 0.0340417 0.0514318 0.0285352 0.0189851 
0.0472026 0.0467158 0.0286202 0.198684 0.00987465 0.0541907 0.0340812 0.0449366 0.0373429 0.0389839 0.0356398 0.028548 0.0320677 0.0273688 0.0260613 0.0335819 0.0560599 0.0444087 0.159128 0.0165049 
0.0492278 0.0476201 0.0303227 0.187646 0.0111394 0.0525904 0.0342811 0.0452442 0.0516437 0.0408893 0.0351286 0.0312092 0.0315451 0.0292248 0.0260115 0.035848 0.0502124 0.0497441 0.142086 0.0183874 
0.0500608 0.0478441 0.0343991 0.165206 0.0133987 0.0497081 0.0349092 0.0451526 0.0744266 0.0436617 0.0341127 0.0368479 0.0313323 0.0324535 0.0258924 0.038415 0.0440138 0.0584309 0.118327 0.0214081 
0.0479702 0.0464317 0.0424145 0.131053 0.0168175 0.0453199 0.0374342 0.0451398 0.100485 0.0468589 0.0340752 0.0468191 0.0321123 0.0372049 0.0252588 0.0400788 0.038243 0.0698951 0.0914382 0.0249519 
0.0427415 0.0431228 0.0539322 0.0931494 0.0209232 0.040196 0.0449035 0.0459521 0.116068 0.0493417 0.0393953 0.0597906 0.0350889 0.0425607 0.0239282 0.0397473 0.0341921 0.0800366 0.0676399 0.0272906 
0.0363191 0.0386687 0.0649923 0.0616891 0.0248483 0.0354485 0.0609446 0.0477708 0.110853 0.0502777 0.0560825 0.0711903 0.0411849 0.0464669 0.0221777 0.0377651 0.0323961 0.0833853 0.050549 0.0269918 
0.0308666 0.0341518 0.0700932 0.0408063 0.027882 0.0317089 0.0866012 0.049922 0.0886385 0.0498223 0.0865068 0.0760625 0.0499337 0.0468199 0.0203301 0.0353681 0.0323234 0.0780188 0.0397446 0.0244012 
0.0273721 0.0305425 0.0671338 0.0292486 0.0296443 0.0292235 0.116312 0.0516104 0.0629706 0.0487553 0.123803 0.0731615 0.0590364 0.0433936 0.018611 0.0334824 0.03306 0.0675682 0.0337889 0.0212829 
0.025591 0.0283125 0.0598543 0.0238281 0.0302149 0.0278673 0.141237 0.0525283 0.0444252 0.0477853 0.15612 0.0663107 0.0661634 0.0384243 0.0172039 0.032367 0.03389 0.0576958 0.0311384 0.0190458 
0.0247902 0.0272508 0.0530455 0.0215828 0.0300347 0.0272148 0.157568 0.0528198 0.0343834 0.0470763 0.177529 0.0599037 0.0709753 0.0341962 0.0161627 0.0317937 0.0345312 0.0511112 0.0302444 0.017791 
