20 hexa 10 10 gaussian
#SNAPSHOT FILE
#iterations: 7000 (40000 total)
0.0505104 0.0660066 0.0381349 0.0393773 0.0286305 0.0675336 0.0205631 0.0367645 0.0382618 0.0420731 0.02024 0.043038 0.0265211 0.0520339 0.13188 0.074491 0.060497 0.0352351 0.0369862 0.0912232 
0.0501472 0.0636191 0.0414917 0.0392289 0.0352422 0.064785 0.0224842 0.0374786 0.0389575 0.0428871 0.0215957 0.0452045 0.0290432 0.0526842 0.122835 0.0739122 0.058331 0.0356485 0.0370265 0.0873981 
0.0495667 0.0608017 0.0455599 0.0388422 0.0439798 0.0614841 0.0250126 0.0383118 0.0397232 0.0437841 0.0233173 0.0476413 0.0322346 0.0533368 0.112411 0.0727886 0.0556913 0.0361567 0.0368516 0.0825045 
0.0487175 0.0575404 0.0502646 0.0381768 0.0550371 0.0576782 0.0282121 0.0392442 0.0405262 0.0447313 0.025432 0.0502559 0.0361166 0.0539138 0.10075 0.0709737 0.0525904 0.0367683 0.0364186 0.0766526 
0.0475815 0.0538984 0.0554075 0.0372203 0.0682988 0.0535058 0.0320637 0.0402293 0.0413147 0.0456799 0.0279181 0.052892 0.0406114 0.0543264 0.0882537 0.0684016 0.0491232 0.0374772 0.0357072 0.0700897 
0.0461897 0.0500277 0.0606781 0.0360039 0.0832488 0.0491919 0.0364387 0.0412008 0.0420287 0.0465726 0.0306923 0.0553529 0.0455263 0.0544947 0.0755701 0.065127 0.0454669 0.0382582 0.0347363 0.0631946 
0.0446224 0.0461451 0.0657152 0.0346042 0.0990145 0.0450062 0.0411081 0.0420904 0.0426165 0.0473571 0.0336182 0.0574493 0.0505804 0.0543716 0.0634665 0.0613306 0.0418496 0.0390688 0.0335695 0.0564163 
0.0429881 0.0424766 0.0702003 0.0331272 0.114563 0.0411983 0.0457923 0.0428462 0.043049 0.0479998 0.0365377 0.0590544 0.0554713 0.0539578 0.0526317 0.0572794 0.0384936 0.0398594 0.0323015 0.0501725 
0.0413945 0.0391985 0.0739357 0.0316803 0.128959 0.037939 0.0502318 0.043445 0.0433256 0.0484948 0.0393116 0.0601342 0.0599507 0.0533 0.0435081 0.0532547 0.0355612 0.0405859 0.031033 0.0447576 
0.0399223 0.0364058 0.0768691 0.0303481 0.141548 0.0352962 0.0542428 0.0438913 0.0434694 0.04886 0.0418491 0.0607409 0.0638713 0.0524727 0.0362318 0.0494867 0.0331287 0.0412197 0.0298472 0.0403003 
0.050418 0.0630128 0.0394279 0.0441427 0.0300998 0.0662998 0.0224919 0.0378053 0.0400822 0.0426901 0.0217227 0.0440387 0.0284708 0.0503352 0.118601 0.0711324 0.0617515 0.0365069 0.0409013 0.0900693 
0.049903 0.0605253 0.0431118 0.0437493 0.0370776 0.0632114 0.0248601 0.0386105 0.0407828 0.0435842 0.0234539 0.0464384 0.0313996 0.0510273 0.109479 0.070396 0.0591606 0.0370231 0.0407556 0.0854507 
0.0491296 0.0576324 0.0474812 0.0429898 0.0460991 0.0595898 0.0279123 0.039536 0.0415134 0.044544 0.0256187 0.0490885 0.0350315 0.0517083 0.0991693 0.0690949 0.0560842 0.0376369 0.0403029 0.0798372 
0.0480644 0.0543528 0.0524057 0.0418405 0.0572168 0.0555296 0.0316783 0.0405464 0.0422262 0.0455241 0.0282255 0.0518625 0.0393432 0.0522971 0.0879211 0.0671251 0.0525823 0.0383467 0.0395072 0.0734047 
0.0467175 0.050785 0.0576322 0.0403265 0.0701534 0.0512168 0.0360837 0.0415802 0.0428631 0.0464663 0.0312187 0.054576 0.0441986 0.0527068 0.0762225 0.0644744 0.0488019 0.0391327 0.0383735 0.0664705 
0.0451505 0.0471033 0.06282 0.038532 0.0842724 0.0469051 0.0409382 0.0425642 0.0433713 0.0473116 0.0344745 0.0570228 0.0493522 0.0528661 0.0647342 0.0612463 0.0449598 0.039957 0.0369605 0.0594581 
0.0434654 0.0435187 0.0676203 0.0365882 0.0986887 0.0428608 0.0459658 0.0434324 0.0437193 0.0480156 0.0378224 0.0590311 0.0544979 0.0527414 0.0541347 0.0576459 0.0412949 0.040771 0.0353745 0.0528114 
0.0417771 0.0402224 0.0717658 0.0346412 0.112486 0.0392973 0.0508724 0.0441439 0.0439053 0.0485605 0.0410878 0.0605098 0.0593452 0.0523458 0.0449451 0.0539271 0.0380074 0.0415266 0.0337428 0.0468908 
0.0401831 0.0373426 0.0751251 0.0328171 0.12493 0.0363332 0.055415 0.044688 0.0439532 0.0489574 0.0441343 0.0614634 0.0636844 0.0517317 0.0374227 0.0503273 0.035217 0.0421888 0.0321818 0.0419043 
0.0387481 0.0349306 0.0777019 0.0312001 0.135577 0.0339873 0.0594442 0.0450799 0.0439016 0.0492365 0.0468859 0.0619706 0.0674143 0.0509717 0.0315615 0.0470208 0.0329553 0.042741 0.0307752 0.0378974 
0.0506583 0.062139 0.0375481 0.050103 0.0258808 0.0676614 0.0226599 0.0381849 0.041348 0.0424258 0.0219201 0.0427567 0.0280872 0.0478063 0.112933 0.0678634 0.0654831 0.0374495 0.0454662 0.0916259 
0.0501962 0.0599373 0.0408273 0.0497558 0.0313307 0.0647817 0.0248831 0.0389576 0.0419915 0.0433066 0.0236597 0.0450817 0.0307579 0.0484952 0.105033 0.0674169 0.0629151 0.037981 0.0453813 0.0873106 
0.049488 0.0573803 0.0448034 0.0489418 0.0385048 0.0613618 0.0277886 0.0398653 0.0426563 0.0442693 0.0258647 0.0477149 0.0341229 0.0492271 0.0960583 0.0665394 0.0598518 0.0386044 0.0449386 0.0820186 
0.0484897 0.0544552 0.0494086 0.0476215 0.0475579 0.0574565 0.0314497 0.0408848 0.043297 0.0452724 0.0285742 0.0505634 0.0382048 0.0499356 0.0861372 0.0651084 0.0563212 0.039321 0.0440866 0.0758544 
0.047193 0.0512141 0.0544571 0.045808 0.0584008 0.0532081 0.0358482 0.0419637 0.0438567 0.0462592 0.0317666 0.0534675 0.0429251 0.0505377 0.0756059 0.0630644 0.0524363 0.0401159 0.042811 0.0690609 
0.0456396 0.0477843 0.0596527 0.0435853 0.070626 0.0488408 0.0408446 0.0430289 0.0442805 0.0471663 0.0353426 0.056222 0.0480884 0.0509499 0.0649912 0.060442 0.0483927 0.0409563 0.0411574 0.0620091 
0.0439192 0.044348 0.0646465 0.0411052 0.0835409 0.0446198 0.0461863 0.0440048 0.0445338 0.0479389 0.0391326 0.0586238 0.0534066 0.0511109 0.0549081 0.057377 0.0444328 0.0417951 0.0392351 0.0551349 
0.0421478 0.0410965 0.0691233 0.0385553 0.0963209 0.0407888 0.0515607 0.0448332 0.0446126 0.0485463 0.0429348 0.0605285 0.0585664 0.0509999 0.0459045 0.0540761 0.0407871 0.042582 0.0371952 0.0488405 
0.0404372 0.0381806 0.0728779 0.036114 0.108212 0.0375139 0.0566719 0.0454865 0.0445424 0.0489886 0.0465653 0.0618842 0.0633041 0.0506392 0.0383289 0.0507624 0.0376186 0.0432759 0.0351912 0.0434052 
0.03887 0.0356837 0.0758424 0.0339131 0.118683 0.0348608 0.061303 0.0459672 0.0443672 0.0492919 0.0498969 0.0627291 0.0674561 0.050084 0.0322839 0.0476234 0.034999 0.0438533 0.0333454 0.0389468 
0.0504445 0.0591191 0.0387232 0.0567978 0.0266321 0.066187 0.0250363 0.0393272 0.0433089 0.0429484 0.0239029 0.0435795 0.0302737 0.0458197 0.0993109 0.0639931 0.0669362 0.0390041 0.0506757 0.0879801 
0.049793 0.0568585 0.0422727 0.0559929 0.0321985 0.0629748 0.0277964 0.0402073 0.0439155 0.043901 0.0261339 0.0461438 0.033363 0.0465563 0.0916036 0.063442 0.0638691 0.0396426 0.0502809 0.0830548 
0.0488579 0.0542629 0.0464838 0.0545537 0.039368 0.0592537 0.0313343 0.0412199 0.0444919 0.0449148 0.0289202 0.0489995 0.03718 0.0473283 0.0830127 0.0624637 0.0603094 0.0403711 0.0494114 0.0772631 
0.047616 0.051348 0.0512375 0.0524741 0.0481803 0.0551234 0.0356862 0.0423243 0.044981 0.0459361 0.0322778 0.0520199 0.0417001 0.048065 0.073745 0.060971 0.0563359 0.0411788 0.0480313 0.0707687 
0.0460892 0.0481968 0.0562985 0.0498277 0.0584218 0.0507689 0.0407717 0.0434526 0.0453249 0.0469005 0.0361424 0.0550166 0.0467844 0.0486825 0.0641886 0.0589458 0.0521148 0.0420377 0.0461648 0.0638701 
0.0443506 0.0449552 0.0613456 0.0467767 0.069603 0.0464389 0.0463794 0.0445247 0.0454836 0.0477449 0.0403612 0.0577738 0.0521822 0.0491027 0.0548595 0.0564571 0.0478802 0.0429032 0.0439133 0.0569644 
0.0425119 0.0418006 0.0660434 0.0435462 0.0810414 0.0423909 0.0521989 0.0454683 0.045449 0.0484252 0.0447186 0.0601037 0.0575789 0.0492751 0.0462828 0.0536536 0.0438816 0.0437237 0.0414427 0.050464 
0.0406934 0.0388954 0.0701274 0.0403732 0.0920266 0.0388311 0.0578937 0.0462374 0.0452471 0.0489275 0.0489873 0.061896 0.0626714 0.0491897 0.0388585 0.0507253 0.0403224 0.0444529 0.038943 0.0447012 
0.0389957 0.0363495 0.0734572 0.0374521 0.101984 0.0358728 0.0631795 0.0468195 0.0449276 0.0492693 0.0529827 0.0631372 0.0672352 0.048876 0.0327808 0.0478552 0.0373182 0.0450604 0.0365829 0.0398641 
0.0374829 0.0342086 0.0760195 0.0349053 0.110564 0.0335335 0.0678737 0.04723 0.0445473 0.0494885 0.056594 0.0638922 0.0711548 0.0483885 0.0280393 0.0451825 0.034892 0.0455359 0.0344795 0.0359883 
0.0506458 0.0581584 0.0368113 0.0646926 0.0228605 0.0674276 0.0252684 0.0396889 0.0446853 0.0425149 0.024146 0.0419607 0.0299095 0.0430944 0.0926377 0.0602976 0.0711756 0.0400563 0.0565129 0.0874557 
0.0500446 0.0561551 0.0399243 0.0639833 0.0270795 0.0644194 0.0278824 0.0405325 0.0452414 0.0434422 0.026384 0.0444071 0.0327191 0.0437986 0.086096 0.0599784 0.0680867 0.0407129 0.0562124 0.0829003 
0.04917 0.0538553 0.0436953 0.0625067 0.03261 0.0609 0.031278 0.0415228 0.0457628 0.0444509 0.0292138 0.0472029 0.0362463 0.0445842 0.0787771 0.0593562 0.0644948 0.0414565 0.0553742 0.0775427 
0.0479873 0.0512494 0.0480649 0.0602329 0.0395657 0.0569292 0.0355402 0.0426317 0.0461924 0.0454925 0.032689 0.0502583 0.0405118 0.0453968 0.070788 0.0583332 0.0604463 0.0422799 0.0539424 0.0714684 
0.0465002 0.0483824 0.0528645 0.0572144 0.0478781 0.0526498 0.0406513 0.0438012 0.0464685 0.0465039 0.0367881 0.0534142 0.0454346 0.0461615 0.0623905 0.0568559 0.0560739 0.0431591 0.0519142 0.0648938 
0.044763 0.045362 0.0578218 0.0536085 0.0572422 0.0482803 0.0464559 0.0449518 0.0465436 0.0474175 0.0413906 0.0564607 0.0508145 0.0467954 0.053986 0.0549391 0.0515917 0.044053 0.0493708 0.0581517 
0.0428765 0.0423427 0.06261 0.0496659 0.0671406 0.0440763 0.0526685 0.0460018 0.046402 0.0481765 0.046285 0.0591834 0.056357 0.0472269 0.0460386 0.0526714 0.0472559 0.0449097 0.0464791 0.0516327 
0.0409645 0.0394864 0.0669279 0.0456799 0.0769551 0.0402709 0.0589309 0.0468884 0.046067 0.0487521 0.0512127 0.0614195 0.061738 0.0474165 0.0389585 0.0501972 0.0433029 0.0456784 0.0434585 0.045695 
0.0391425 0.0369224 0.0705708 0.0419188 0.0861186 0.0370226 0.0648981 0.0475811 0.0455929 0.0491487 0.0559313 0.0630967 0.0666813 0.0473637 0.0330045 0.0476785 0.0398937 0.0463217 0.0405269 0.0405856 
0.0374938 0.0347233 0.0734593 0.0385734 0.0942289 0.034393 0.0703106 0.0480829 0.0450464 0.0493985 0.0602663 0.0642346 0.0710095 0.0471023 0.0282495 0.0452565 0.0370915 0.0468222 0.0378533 0.0364048 
0.0502453 0.0553599 0.0377851 0.0726322 0.0230176 0.0656972 0.0279929 0.0408127 0.046581 0.0429061 0.0265736 0.0425578 0.0321606 0.0410635 0.0798987 0.0563453 0.0724287 0.0417694 0.0625433 0.0816294 
0.0494292 0.0533211 0.0410987 0.0712252 0.0271807 0.0623858 0.0312259 0.0417662 0.0470566 0.0438921 0.0294076 0.0452317 0.0353808 0.0418225 0.0737489 0.0559834 0.0688022 0.0425288 0.0617947 0.076718 
0.0483099 0.0509977 0.0450273 0.0688657 0.0325242 0.0586038 0.0353528 0.042859 0.0474399 0.0449361 0.0329421 0.0482405 0.0393487 0.0426575 0.0669853 0.0553344 0.0646929 0.0433686 0.0603773 0.0711366 
0.0468753 0.0484052 0.049466 0.0655755 0.0390742 0.0544517 0.0404168 0.044045 0.0476651 0.0459793 0.0372018 0.0514624 0.044037 0.0435088 0.0597654 0.0543274 0.0601984 0.0442691 0.0582599 0.0650158 
0.0451602 0.045616 0.0542035 0.0614907 0.0466743 0.0501097 0.0463293 0.0452512 0.0476761 0.0469527 0.0421115 0.05471 0.0493027 0.0442986 0.0523781 0.0529374 0.0555041 0.0451927 0.055493 0.0586087 
0.0432496 0.0427555 0.0589466 0.0568675 0.0549682 0.0458159 0.0528507 0.0463921 0.0474461 0.0477907 0.0474839 0.0577621 0.0548895 0.044946 0.0452038 0.051201 0.050859 0.0460878 0.0522282 0.0522559 
0.041264 0.0399762 0.0633836 0.0520437 0.0634598 0.0418161 0.0596261 0.047391 0.046991 0.0484488 0.0530476 0.0604166 0.0604744 0.0453883 0.0386272 0.0492121 0.0465219 0.0469004 0.0487001 0.0463116 
0.0393296 0.0374181 0.0672613 0.0473628 0.0716315 0.0383055 0.0662646 0.0481992 0.0463653 0.0489159 0.0585111 0.0625428 0.065743 0.0455957 0.0329404 0.0470993 0.0426969 0.0475859 0.0451709 0.0410607 
0.0375482 0.0351775 0.0704372 0.0431 0.079064 0.0353911 0.0724303 0.0488036 0.0456452 0.0492135 0.0636304 0.0641053 0.0704586 0.0455763 0.0282833 0.044992 0.0394929 0.0481195 0.0418687 0.0366628 
0.0359823 0.0332948 0.0728849 0.0394215 0.0855026 0.033088 0.0779004 0.0492217 0.0449057 0.0493846 0.0682516 0.0651514 0.0744941 0.0453658 0.0246448 0.0429936 0.0369214 0.048498 0.0389484 0.0331448 
0.050401 0.0545528 0.0358722 0.0815605 0.0198663 0.0668193 0.0280806 0.0410266 0.0478867 0.0423154 0.0266688 0.0406649 0.0316625 0.0384538 0.073402 0.0527356 0.0767977 0.0427655 0.0690242 0.0794437 
0.0496418 0.0527437 0.0387361 0.0803501 0.0229308 0.0637136 0.0311315 0.0419305 0.0483243 0.0432604 0.029465 0.0431636 0.0345666 0.0391571 0.06829 0.0525476 0.0731384 0.0435384 0.0684333 0.0749372 
0.0485894 0.050674 0.0421992 0.0780415 0.0269366 0.060138 0.0350777 0.0429875 0.0486735 0.0442871 0.0329946 0.0460509 0.0382053 0.0399709 0.0626483 0.0521763 0.0689852 0.0443931 0.067107 0.069864 
0.047219 0.0483381 0.0462115 0.0746232 0.0319614 0.0561537 0.0400179 0.0441651 0.0488666 0.0453428 0.0373276 0.0492444 0.0425976 0.0408525 0.0565555 0.0515459 0.0644019 0.0453135 0.0649898 0.0642722 
0.0455463 0.0457775 0.0506252 0.0701947 0.0379547 0.0518992 0.045934 0.0454005 0.0488382 0.0463609 0.0424423 0.0525915 0.0476594 0.0417368 0.0502017 0.0506087 0.059539 0.0462663 0.0620955 0.058328 
0.0436377 0.0430879 0.0551975 0.0649945 0.0446996 0.0475829 0.0526511 0.0466104 0.0485478 0.0472707 0.0481944 0.0558835 0.0531857 0.0425442 0.0438768 0.049361 0.0546262 0.0472015 0.058545 0.0523014 
0.0416037 0.0404046 0.0596322 0.0593815 0.0518296 0.0434476 0.0598434 0.0477095 0.0479984 0.0480151 0.0543235 0.0588981 0.0588753 0.0431984 0.0379148 0.0478501 0.0499307 0.048062 0.0545679 0.0465138 
0.0395749 0.0378702 0.0636499 0.053764 0.0589061 0.0397136 0.0670982 0.0486322 0.0472394 0.0485653 0.0605056 0.0614554 0.064395 0.0436455 0.0326105 0.0461647 0.0456926 0.0487968 0.0504576 0.0412625 
0.0376695 0.035599 0.0670539 0.0485089 0.0655265 0.0365304 0.0740127 0.0493472 0.0463521 0.0489284 0.066431 0.0634603 0.0694571 0.0438663 0.0281498 0.0444114 0.0420693 0.0493727 0.0465011 0.0367524 
0.0359696 0.0336562 0.0697596 0.0438718 0.0714068 0.0339555 0.0802779 0.0498588 0.0454257 0.0491398 0.0718697 0.0649109 0.0738734 0.0438749 0.0245835 0.0426885 0.0391139 0.0497798 0.0429182 0.0330659 
0.049817 0.0521899 0.0366338 0.0894579 0.0196854 0.0648962 0.0309632 0.0420075 0.0495288 0.0425857 0.0293658 0.0410855 0.0337947 0.0366839 0.0627538 0.0492298 0.077403 0.0444429 0.0750141 0.0724612 
0.0488338 0.0503473 0.0396355 0.0873563 0.0226243 0.0615336 0.0346882 0.0430114 0.0498543 0.043575 0.0328268 0.0437883 0.0370845 0.0374444 0.0580995 0.0490479 0.073226 0.0453076 0.0738645 0.0678511 
0.047537 0.0482471 0.0431901 0.083984 0.0263895 0.0577456 0.0394302 0.0441566 0.050032 0.0446219 0.0371412 0.0468666 0.0411338 0.0383096 0.0530332 0.0486986 0.0685907 0.0462442 0.071848 0.0628005 
0.0459254 0.0459065 0.0472087 0.0793955 0.030997 0.0536287 0.0452397 0.0453934 0.0499895 0.0456647 0.0423433 0.0502086 0.0459133 0.0392302 0.0476657 0.0481243 0.0636102 0.0472235 0.0689432 0.0573887 
0.0440451 0.0433923 0.0515067 0.0737898 0.0363376 0.049354 0.0520182 0.0466459 0.0496716 0.0466328 0.0483463 0.0536345 0.0512769 0.0401367 0.0422017 0.0472958 0.0584842 0.0481983 0.0652283 0.0518037 
0.0419914 0.040818 0.0558241 0.0675168 0.0421637 0.0451463 0.0594947 0.0478261 0.0490635 0.0474595 0.0549253 0.0569229 0.0569636 0.0409497 0.0369112 0.0462223 0.0534735 0.0491098 0.0609066 0.0463112 
0.0398923 0.0383208 0.0598791 0.0610257 0.0481312 0.0412374 0.0672639 0.0488556 0.0482025 0.0481004 0.0617486 0.0598608 0.0626429 0.041599 0.0320678 0.0449532 0.0488426 0.0499007 0.0562818 0.0411937 
0.0378772 0.0360272 0.0634372 0.0547687 0.0538805 0.0378118 0.0748754 0.0496846 0.0471691 0.0485446 0.0684541 0.0622975 0.0679911 0.0420412 0.0278797 0.0435657 0.0447949 0.050529 0.0516894 0.0366813 
0.0360478 0.0340247 0.0663596 0.0491041 0.0591213 0.0349702 0.0819373 0.0503005 0.0460634 0.0488151 0.074733 0.0641737 0.0727613 0.0422661 0.0244471 0.0421436 0.0414322 0.0509767 0.0474188 0.0329038 
0.0344635 0.032351 0.0686123 0.0442447 0.0636803 0.0327257 0.088185 0.0507229 0.0449779 0.048957 0.0803841 0.0655153 0.0768175 0.0422933 0.0217612 0.0407584 0.0387543 0.0512489 0.0436645 0.0298825 
0.0499661 0.0517032 0.0348008 0.0981075 0.0172643 0.0659536 0.0307068 0.0420016 0.05065 0.0419029 0.0291086 0.0390819 0.0330635 0.0344708 0.057442 0.0461701 0.081501 0.045213 0.0812512 0.0696416 
0.0490522 0.050065 0.0373668 0.0963801 0.0193799 0.0628021 0.0341796 0.0429379 0.0509587 0.0428353 0.0324438 0.0415523 0.0359975 0.0351576 0.0536258 0.0461035 0.0773229 0.0460806 0.0803719 0.0653869 
0.0478356 0.0481811 0.040463 0.0932445 0.0221456 0.0592267 0.038659 0.0440295 0.0511344 0.0438513 0.0366524 0.0444426 0.0396725 0.0359712 0.0494557 0.0459471 0.0726738 0.0470264 0.0785637 0.0608241 
0.0463008 0.0460499 0.0440486 0.0887114 0.0256121 0.0552859 0.0442567 0.0452405 0.0510998 0.0448964 0.0418214 0.0476824 0.0441067 0.0368792 0.0449826 0.0456435 0.0676309 0.0480265 0.0757766 0.0559488 
0.0444734 0.0437121 0.0479978 0.0829243 0.029744 0.0511096 0.0509541 0.0465065 0.0507865 0.0459032 0.0479295 0.051131 0.0492144 0.0378262 0.0403383 0.04515 0.0623563 0.0490375 0.0720422 0.050863 
0.04243 0.0412573 0.0520994 0.0761946 0.0343933 0.0468935 0.0585558 0.0477433 0.0501597 0.0468011 0.0548084 0.0545872 0.0547885 0.0387394 0.0357266 0.0444499 0.0570903 0.0500005 0.06752 0.0457614 
0.0402888 0.0388103 0.0560915 0.0689783 0.0393096 0.0428654 0.0666946 0.0488647 0.0492376 0.0475325 0.0621477 0.0578261 0.0605231 0.0395419 0.0313832 0.0435591 0.0521064 0.050853 0.062498 0.0408884 
0.0381844 0.0365026 0.0597219 0.0617904 0.0441932 0.0392335 0.0749021 0.0498046 0.048092 0.0480687 0.069556 0.0606535 0.0660781 0.040172 0.0275181 0.0425235 0.0476464 0.0515438 0.0573397 0.0364757 
0.0362353 0.0344407 0.0628074 0.0550925 0.0487694 0.0361392 0.0827163 0.0505318 0.0468281 0.0484161 0.0766535 0.0629518 0.0711569 0.0405965 0.0242645 0.041406 0.0438637 0.0520449 0.0523993 0.0326863 
0.0345212 0.0326858 0.0652635 0.0492053 0.0528458 0.0336366 0.0897801 0.0510513 0.0455549 0.0486103 0.0831529 0.0646946 0.0755628 0.0408143 0.0216598 0.0402701 0.0408024 0.052355 0.0479474 0.0295866 
0.049254 0.049851 0.0354017 0.104699 0.0169949 0.0639607 0.0335654 0.0427855 0.0519804 0.0421051 0.031872 0.0394313 0.0349595 0.0331568 0.049449 0.0434488 0.0811991 0.0466978 0.0863623 0.0628253 
0.048121 0.0481667 0.0380613 0.101997 0.0189924 0.0606035 0.0377341 0.0438056 0.0521622 0.0430689 0.0359008 0.042079 0.0382456 0.0338962 0.0460328 0.0434113 0.0765732 0.047644 0.084874 0.0586312 
0.0466741 0.0462345 0.0412063 0.097747 0.0215545 0.0568648 0.04303 0.0449661 0.0521519 0.0440928 0.0409258 0.0451345 0.0422903 0.0347541 0.0423369 0.0432933 0.071522 0.048656 0.0823366 0.054229 
0.0449212 0.0440738 0.0447625 0.0920339 0.0246909 0.052834 0.0495105 0.0462164 0.0518704 0.0451153 0.0469914 0.0485006 0.0470639 0.0356915 0.0384351 0.0430486 0.0661683 0.049696 0.07874 0.0496357 
0.0429172 0.0417491 0.048573 0.0851071 0.0283276 0.0486701 0.0570673 0.047481 0.0512634 0.0460663 0.0540008 0.0520105 0.0524208 0.0366478 0.0344698 0.0426458 0.0607195 0.0507071 0.0741888 0.0449673 
0.0407651 0.0393675 0.052412 0.0773915 0.032298 0.0445829 0.0654 0.0486727 0.0503253 0.0468802 0.0616928 0.0554487 0.0580988 0.0375489 0.0306313 0.0420764 0.0554418 0.0516235 0.068931 0.0404116 
0.0385971 0.0370582 0.056031 0.0694306 0.0363695 0.0407904 0.0740563 0.0497135 0.0491107 0.0475122 0.0696777 0.0585965 0.0637642 0.0383229 0.0271143 0.041358 0.0506019 0.0523849 0.0633308 0.03618 
0.0365436 0.0349407 0.0592176 0.0617713 0.0402985 0.0374672 0.0825296 0.0505535 0.0477218 0.0479502 0.0775236 0.0612856 0.069087 0.0389182 0.0240688 0.04053 0.0464017 0.0529526 0.0577895 0.0324494 
0.0347041 0.0330988 0.0618414 0.05485 0.043889 0.0347095 0.0903762 0.0511803 0.0462793 0.0482155 0.0848579 0.0634325 0.0738127 0.0393124 0.0215687 0.0396421 0.0429372 0.0533157 0.0526547 0.0293227 
0.0331336 0.0315694 0.0638645 0.0489268 0.047027 0.0325303 0.0972931 0.0516136 0.0448911 0.0483516 0.091432 0.06504 0.0777983 0.0395118 0.0196098 0.0387414 0.0401994 0.0534895 0.0481595 0.0268189 
