20 hexa 10 10 gaussian
#SNAPSHOT FILE
#iterations: 24000 (40000 total)
0.0494433 0.0792054 0.0289545 0.0285809 0.0144639 0.0757922 0.0160328 0.0328877 0.0329105 0.0387921 0.0164382 0.0342947 0.0208721 0.0524876 0.189519 0.0758464 0.0738807 0.0323408 0.0284806 0.0787783 
0.0505446 0.0758875 0.0306504 0.0268708 0.0171 0.0727366 0.0167461 0.0347604 0.0361446 0.0407437 0.0168336 0.0362339 0.0215489 0.0508879 0.169602 0.0756454 0.0694579 0.0328157 0.028748 0.0960429 
0.0513285 0.071172 0.0334534 0.0248881 0.0225871 0.068648 0.018034 0.037177 0.040286 0.0432357 0.0174931 0.0389576 0.022811 0.0490563 0.144505 0.0746443 0.0635777 0.0334419 0.0291317 0.115572 
0.0513984 0.0651529 0.0376679 0.0228711 0.0331655 0.0635509 0.0202273 0.0398538 0.0448739 0.046021 0.018538 0.042303 0.0250566 0.0473321 0.116544 0.0723837 0.056567 0.0341542 0.0294912 0.132847 
0.050468 0.058241 0.0432756 0.0212165 0.0514549 0.0576759 0.0236698 0.0423122 0.049043 0.0486615 0.0201249 0.0457549 0.0286786 0.046079 0.0891679 0.0685289 0.0491033 0.0348858 0.0296468 0.142012 
0.0485453 0.0510789 0.0497132 0.0202772 0.0789874 0.0514578 0.0285097 0.04404 0.0518275 0.0506932 0.022364 0.0485417 0.0338074 0.0454607 0.0656558 0.0630858 0.0420066 0.035604 0.0294539 0.13889 
0.0459797 0.0443762 0.0559375 0.0201403 0.114278 0.0454817 0.034454 0.044741 0.0526715 0.0518497 0.0251828 0.0499886 0.0400589 0.0453226 0.0478819 0.0565578 0.0359763 0.0363093 0.028894 0.123918 
0.0433085 0.0387203 0.0609014 0.0205769 0.152374 0.0403318 0.0407487 0.0444973 0.0517587 0.0521782 0.028275 0.0499222 0.0465821 0.04532 0.0359402 0.0498528 0.0314095 0.0369999 0.0280966 0.102206 
0.0409861 0.0344068 0.0641286 0.0212172 0.187115 0.0363656 0.0465349 0.0436963 0.0498395 0.051958 0.0312506 0.0487624 0.0524925 0.045176 0.0286657 0.0438922 0.0283362 0.0376523 0.0272597 0.0802647 
0.0392114 0.0313971 0.0658598 0.0217771 0.214236 0.0335978 0.0512887 0.042777 0.0477241 0.0515015 0.0338667 0.0472088 0.0573164 0.0448211 0.0245074 0.0392101 0.0265015 0.0382399 0.0265382 0.0624196 
0.0510089 0.0745418 0.0307548 0.0325412 0.0153852 0.0759866 0.0172432 0.0349392 0.0342698 0.039365 0.0175958 0.0355589 0.0231799 0.0509234 0.166756 0.074094 0.0807614 0.0334221 0.0316199 0.0800534 
0.0520892 0.0708258 0.0334859 0.0303017 0.018892 0.071936 0.0181342 0.0370823 0.0380785 0.0417059 0.0180231 0.0386347 0.024328 0.049727 0.145677 0.0741979 0.0743542 0.033969 0.0315811 0.0969766 
0.0524857 0.065835 0.0377818 0.0277529 0.025907 0.0667416 0.0197363 0.0396241 0.0426135 0.0445298 0.0187492 0.0427227 0.0263384 0.048585 0.120798 0.0733812 0.066248 0.0346396 0.0314628 0.114067 
0.0517901 0.0597958 0.0438191 0.0252609 0.0386798 0.0606284 0.0224192 0.0421727 0.0471605 0.0474511 0.0199408 0.047391 0.0296513 0.0477848 0.0948986 0.0711052 0.0572056 0.0353666 0.0311279 0.126351 
0.0499011 0.0532176 0.0511739 0.023297 0.0592138 0.0540652 0.02648 0.0442178 0.0507234 0.049942 0.0217804 0.0517513 0.0345442 0.0474765 0.0712845 0.067058 0.0483142 0.0361006 0.0304793 0.128979 
0.0471432 0.046749 0.0587373 0.0221646 0.0876824 0.0476648 0.0318973 0.0453569 0.052501 0.0515759 0.024338 0.0547718 0.0408462 0.0475258 0.0524151 0.0614132 0.040579 0.0368325 0.0295276 0.120279 
0.0441226 0.0409891 0.0651308 0.0218223 0.121262 0.0420242 0.0381739 0.0455095 0.052349 0.0522413 0.0274489 0.0558268 0.0478418 0.0475864 0.0390726 0.0548858 0.0345938 0.0375706 0.0284097 0.103139 
0.0414135 0.0363285 0.0694306 0.0219615 0.154908 0.0375433 0.044495 0.0449423 0.0508168 0.0521516 0.0307527 0.0550535 0.054565 0.0473548 0.0305602 0.0484623 0.0304558 0.0383024 0.0273244 0.0831777 
0.0393156 0.0328729 0.0715922 0.0222428 0.183822 0.0343105 0.0501401 0.0440778 0.0487326 0.0516601 0.0339022 0.0531907 0.0602871 0.046757 0.0255066 0.0429507 0.0278916 0.0389934 0.0264287 0.0653253 
0.0378373 0.0304905 0.0722504 0.0224638 0.205375 0.0321487 0.0547845 0.0432662 0.0467455 0.0510619 0.0367496 0.0510964 0.0647698 0.0459257 0.022596 0.0387107 0.0264723 0.039613 0.0257827 0.0518593 
0.0513585 0.0717235 0.0308961 0.0413317 0.0143382 0.0792424 0.0183338 0.0356052 0.0328163 0.0380017 0.0188187 0.0345489 0.025267 0.0497946 0.156715 0.070881 0.0935859 0.0344677 0.0369315 0.0653423 
0.0526741 0.0689411 0.0335147 0.0388184 0.01653 0.0753095 0.018931 0.0374337 0.0362497 0.0400874 0.019058 0.0378167 0.0263804 0.049288 0.140114 0.0718762 0.0869984 0.0349442 0.0363872 0.0786473 
0.0534084 0.0650535 0.0377828 0.0356638 0.0210039 0.0700791 0.0200576 0.0397316 0.0405866 0.0427978 0.0195108 0.0424621 0.0282379 0.0489047 0.119514 0.0724212 0.0780459 0.0355704 0.0356007 0.0935676 
0.0530288 0.0600989 0.0440971 0.0321289 0.0294526 0.0637305 0.0220759 0.0422194 0.0452898 0.045854 0.0203477 0.0482365 0.0313019 0.0488413 0.0967379 0.0718658 0.0674525 0.0362855 0.0344569 0.106498 
0.0512729 0.0544043 0.0522634 0.0287653 0.0437387 0.0567576 0.0253742 0.0444429 0.0494152 0.0487353 0.0218091 0.0542676 0.0359611 0.049177 0.0746107 0.0696004 0.056526 0.037024 0.0329374 0.112917 
0.0483785 0.048512 0.0612234 0.0261351 0.0648357 0.0498564 0.0301504 0.0459515 0.052002 0.0508869 0.0240976 0.0592457 0.0422368 0.0497367 0.0558275 0.0654095 0.0466856 0.0377549 0.0311579 0.109916 
0.0449983 0.0429924 0.0693401 0.0244843 0.0916576 0.0436954 0.0361892 0.0465318 0.0526147 0.0520082 0.0272143 0.0620441 0.0495964 0.0501343 0.0417978 0.0596939 0.0388869 0.0384876 0.0293405 0.0982924 
0.0418418 0.0382713 0.0751976 0.0236629 0.120918 0.0387115 0.0428518 0.0463094 0.051562 0.0521811 0.0308951 0.0623334 0.0571008 0.0500165 0.0323929 0.053345 0.0333819 0.0392332 0.0277242 0.0820703 
0.0393433 0.0345498 0.0782955 0.0233242 0.148482 0.0350269 0.0493575 0.0456337 0.04961 0.0517437 0.034743 0.0606769 0.0638388 0.049286 0.0265572 0.047329 0.0298803 0.0399742 0.0264677 0.0658808 
0.0375812 0.0318149 0.0790947 0.0231694 0.171159 0.0324998 0.0551402 0.0448647 0.0475012 0.0510609 0.0384506 0.0580829 0.0692956 0.0481131 0.023074 0.0422948 0.0278638 0.0406724 0.0256097 0.0526577 
0.0529658 0.0657199 0.0333467 0.0517184 0.014977 0.0782484 0.0204156 0.0381669 0.035015 0.0385313 0.0206147 0.0364193 0.0286931 0.0474572 0.127616 0.0675367 0.0997078 0.036382 0.0445641 0.0619046 
0.0539588 0.0628766 0.0373984 0.0479408 0.0177469 0.0731791 0.0211903 0.0401513 0.0391023 0.0409789 0.0208589 0.0412909 0.0304372 0.0478266 0.111861 0.069129 0.0905359 0.0370053 0.0430224 0.0735094 
0.0539316 0.0590939 0.0436767 0.0431719 0.0230859 0.0667828 0.022668 0.0424454 0.0438225 0.0439781 0.0213992 0.0478174 0.033267 0.048621 0.0935021 0.0701683 0.0789324 0.0377482 0.0408082 0.0850796 
0.0524414 0.0544893 0.0522972 0.0379522 0.0324487 0.0595007 0.0252909 0.0446951 0.0483335 0.0470973 0.022526 0.0553127 0.0376555 0.049841 0.0744712 0.06985 0.0662176 0.0385266 0.0379607 0.0930925 
0.0495516 0.049438 0.0624096 0.0331267 0.0469621 0.0520934 0.029435 0.0464603 0.0515765 0.0497243 0.024577 0.0623524 0.0438006 0.0512236 0.057193 0.0675575 0.0541736 0.0392691 0.0347633 0.0943126 
0.0458839 0.0444415 0.0722603 0.02938 0.0665279 0.0453631 0.0351537 0.0474358 0.0528556 0.051373 0.0277445 0.0673455 0.0513679 0.0522877 0.0434614 0.0632675 0.0442733 0.0399604 0.0316483 0.0879688 
0.0422672 0.0399341 0.0799808 0.0268886 0.0893875 0.0398477 0.0420436 0.0476141 0.0522358 0.0519394 0.0319139 0.0693813 0.0595219 0.0525849 0.0337414 0.0576277 0.0371146 0.0406318 0.0290022 0.0763422 
0.0392993 0.0361722 0.0845158 0.0253891 0.11267 0.0357093 0.0493811 0.0472439 0.0503935 0.0516797 0.0366956 0.0686361 0.0672677 0.0519576 0.0274145 0.0516236 0.032474 0.0413106 0.027026 0.0631407 
0.0371714 0.0332309 0.0859625 0.0244902 0.13356 0.0328191 0.0564389 0.0466492 0.0481361 0.0509872 0.0416317 0.0660769 0.0738506 0.0505871 0.0234771 0.0461204 0.029737 0.0419881 0.025725 0.0513608 
0.0357668 0.0310543 0.085219 0.0239003 0.150211 0.0309088 0.0627418 0.0460752 0.0460343 0.0501923 0.0463995 0.062852 0.0789289 0.048843 0.0210475 0.0416027 0.02827 0.0426288 0.0249815 0.0423428 
0.0529081 0.0617275 0.0328405 0.0696964 0.0138367 0.0799813 0.0224562 0.0391053 0.0344907 0.0372277 0.022602 0.0345203 0.0308521 0.0443249 0.109747 0.0615465 0.109613 0.0381198 0.0566379 0.0477667 
0.053989 0.0597385 0.0364511 0.0654888 0.0155279 0.0753482 0.0230053 0.0407511 0.0383444 0.0392993 0.0227295 0.0391881 0.0324797 0.0452346 0.0985935 0.0636712 0.101068 0.0388107 0.0544761 0.0558048 
0.0542571 0.0570504 0.0422695 0.0595299 0.0187939 0.0692704 0.02408 0.0427542 0.0430294 0.0420417 0.023056 0.0458831 0.035041 0.0467518 0.0851574 0.065855 0.0895084 0.0396691 0.0511718 0.0648302 
0.0531394 0.0535958 0.0507479 0.0521701 0.0246518 0.0620349 0.0261416 0.0448857 0.0478327 0.0451757 0.023903 0.0542721 0.0390653 0.0488571 0.0703796 0.0672943 0.0759684 0.0405926 0.0467181 0.0725741 
0.0504631 0.0495357 0.0614221 0.0444352 0.034071 0.054341 0.0297139 0.0467732 0.051649 0.0481364 0.0257405 0.0630753 0.0449146 0.0512196 0.0559486 0.067075 0.0622823 0.0414462 0.0415341 0.0762235 
0.046693 0.0452403 0.072641 0.0375795 0.0473521 0.0470991 0.0351138 0.0480681 0.0535219 0.050306 0.028989 0.0703914 0.0524679 0.0532249 0.0436033 0.0646819 0.0503963 0.0421427 0.0363737 0.0741144 
0.0426995 0.0411271 0.0821968 0.0323889 0.0636769 0.0410271 0.0422006 0.048645 0.0532389 0.0513624 0.0337484 0.0746748 0.0610326 0.054262 0.0342732 0.0603549 0.041461 0.0426957 0.0319623 0.0669727 
0.0392481 0.037499 0.0884515 0.0288989 0.0812863 0.0364046 0.0503746 0.0486427 0.0513758 0.0514106 0.0396998 0.0755306 0.0696054 0.0540505 0.0278569 0.0549447 0.035532 0.0431851 0.028681 0.0573219 
0.0366846 0.0344997 0.091006 0.0266827 0.0981602 0.0331363 0.058823 0.0483265 0.0488205 0.0508174 0.0462602 0.0736841 0.0772676 0.0527382 0.0236758 0.0494349 0.0319816 0.043677 0.0265339 0.0477897 
0.0349698 0.0321489 0.0905528 0.025265 0.112696 0.0309501 0.0668161 0.0479265 0.0462951 0.0499693 0.0528377 0.0703659 0.0834366 0.0507515 0.0209972 0.0445448 0.0300414 0.0441838 0.0253079 0.0399441 
0.0534973 0.0563668 0.034981 0.0877669 0.0139007 0.0758907 0.0252037 0.0413469 0.0382685 0.0379918 0.0249118 0.0364501 0.0339156 0.0415481 0.0822437 0.0569212 0.106781 0.0406531 0.0695849 0.0417761 
0.053908 0.054547 0.0399397 0.0811078 0.0158762 0.0705237 0.0260143 0.0430103 0.0429115 0.0403267 0.0251324 0.0426421 0.0361478 0.0434209 0.073257 0.0595649 0.0964228 0.0417135 0.0655598 0.0479739 
0.0531752 0.0521245 0.0475831 0.0718964 0.0194439 0.0638579 0.0276384 0.0449063 0.0479826 0.0432336 0.0257724 0.051062 0.0396803 0.0460997 0.0629712 0.062165 0.0835228 0.0429226 0.059699 0.0542637 
0.0509134 0.049058 0.057954 0.0610247 0.0253328 0.0563672 0.0306996 0.0467768 0.0523942 0.0462967 0.0273971 0.0608726 0.0450167 0.0492944 0.0521857 0.0637632 0.0695206 0.0440796 0.0523624 0.0586904 
0.047313 0.0455278 0.0698043 0.0502036 0.0339443 0.0489074 0.0357731 0.0482903 0.0549326 0.048879 0.0306745 0.0701974 0.0522718 0.0523144 0.0421378 0.0634386 0.0564515 0.0449679 0.0445623 0.0594091 
0.043142 0.0418791 0.0808186 0.0411008 0.0449456 0.0423628 0.043024 0.0492274 0.0550092 0.0504585 0.0360053 0.076931 0.0609386 0.0543386 0.0338882 0.0608838 0.0460137 0.0454959 0.037545 0.0559924 
0.0392822 0.0384545 0.0887949 0.034467 0.0572734 0.0372346 0.0520261 0.0496057 0.0530218 0.0509249 0.043231 0.0799263 0.0700403 0.0548622 0.0278041 0.056608 0.0388 0.0457496 0.0321471 0.0497466 
0.0362649 0.0354737 0.0927292 0.0300772 0.0695725 0.0335505 0.0619224 0.0496159 0.049961 0.0505504 0.0516848 0.0794362 0.0785405 0.0539191 0.0236172 0.0515769 0.0343874 0.0458959 0.0285356 0.0426897 
0.0341757 0.0330261 0.0929788 0.0272864 0.0806878 0.0310623 0.0717536 0.0494628 0.0467722 0.0497412 0.060488 0.0766222 0.0856711 0.0519517 0.0208222 0.0466938 0.0319517 0.0460605 0.0264184 0.0363739 
0.0328338 0.0311122 0.0907212 0.0255068 0.0899312 0.0294573 0.080725 0.0492693 0.0440267 0.04884 0.0688429 0.0728128 0.0910364 0.0495385 0.0189705 0.0425152 0.0307394 0.0462828 0.0253615 0.031477 
0.0526487 0.0534782 0.0332523 0.112399 0.0126055 0.0745893 0.027394 0.0417951 0.0386051 0.0371865 0.0270944 0.0336023 0.0345225 0.0375808 0.0661654 0.0501633 0.106341 0.0421561 0.0865938 0.0318273 
0.0530164 0.0522436 0.0371332 0.10589 0.0138175 0.0701453 0.0280559 0.0431246 0.0431764 0.0390614 0.0273179 0.0387718 0.0363729 0.0393841 0.0604748 0.0526079 0.0978512 0.0434319 0.0825087 0.0356147 
0.052565 0.0506057 0.0434021 0.0958252 0.0159893 0.0644827 0.0293607 0.0447141 0.0484813 0.0415618 0.0278409 0.0463367 0.0393026 0.0421268 0.053956 0.0555484 0.0868565 0.0450044 0.0759872 0.0400529 
0.0508105 0.0483934 0.052563 0.0825751 0.0196259 0.0577785 0.0319596 0.0464354 0.053546 0.0444671 0.0292505 0.0560702 0.0439011 0.0456813 0.046741 0.0582592 0.0741432 0.0466559 0.0670737 0.0440695 
0.0476449 0.0455901 0.064033 0.0677956 0.025112 0.0506221 0.036642 0.0480413 0.0569708 0.0472544 0.032418 0.06657 0.0505298 0.0494537 0.0393946 0.0597092 0.0612964 0.0480315 0.0566973 0.0461937 
0.0435744 0.042401 0.0757946 0.0539293 0.032373 0.0438903 0.0439277 0.0492716 0.0576809 0.0492991 0.0381172 0.0755287 0.0589441 0.0524946 0.0327244 0.0590901 0.0501775 0.0488254 0.0465332 0.0454233 
0.0394728 0.0391666 0.085251 0.0428864 0.0407498 0.0383201 0.0536517 0.0500177 0.0556904 0.0502503 0.0464878 0.0809826 0.068248 0.0539953 0.0273337 0.0563634 0.0419737 0.0489938 0.0381551 0.0420099 
0.0360493 0.0361927 0.0906844 0.0351762 0.0492843 0.0341846 0.0649501 0.0503662 0.0520197 0.0502041 0.056859 0.0824084 0.0772899 0.0537359 0.0233523 0.052255 0.0367442 0.0487569 0.0322576 0.0372293 
0.0335635 0.0336565 0.0919498 0.0302177 0.0571415 0.0313481 0.0766298 0.0504837 0.0479237 0.0495346 0.0680602 0.0806672 0.0851241 0.0520865 0.0205633 0.0477477 0.0338035 0.0484056 0.0286481 0.0324455 
0.0319202 0.0316161 0.0900922 0.0271336 0.0638507 0.0295072 0.0875749 0.0504914 0.044277 0.0486338 0.0788793 0.0771828 0.0912192 0.049692 0.0186593 0.0436062 0.0323318 0.0481334 0.026727 0.0284723 
0.0518804 0.0505647 0.0344262 0.130597 0.0123061 0.0683346 0.029844 0.0430951 0.0434242 0.0383108 0.0292984 0.0350815 0.0358554 0.0355538 0.0492829 0.0463229 0.094131 0.0445219 0.0996154 0.0275537 
0.0515498 0.0494464 0.0391389 0.12097 0.0136618 0.0638083 0.0309189 0.0443676 0.0488359 0.0403443 0.0297894 0.0412213 0.0381427 0.0379153 0.0453372 0.0489173 0.0854971 0.0463955 0.0933794 0.0303635 
0.050246 0.047878 0.0464792 0.106949 0.0159384 0.0582712 0.0330949 0.045842 0.0545014 0.0428964 0.031 0.0498454 0.0418506 0.0412441 0.040897 0.0518661 0.0751379 0.0485818 0.084058 0.033423 
0.0476603 0.0457001 0.0565521 0.0895105 0.0194584 0.0519564 0.0372756 0.0473934 0.0590139 0.0456383 0.0338896 0.060317 0.0475354 0.0452065 0.0360195 0.0543614 0.0639104 0.0506787 0.0720895 0.0358334 
0.0439613 0.0429416 0.0680636 0.0711621 0.0242955 0.0454939 0.0443354 0.0488044 0.0608324 0.047991 0.0395916 0.0707139 0.0552925 0.048958 0.0310791 0.0553987 0.0532901 0.0521421 0.059074 0.0365793 
0.0398441 0.0398663 0.0784703 0.0549296 0.0300704 0.0396968 0.0545029 0.049878 0.0593152 0.0494227 0.0487077 0.0785622 0.0644448 0.0514679 0.0266097 0.0543802 0.0447369 0.0526199 0.0472399 0.0352349 
0.0361185 0.0368438 0.0853867 0.0426844 0.0360648 0.0351287 0.067018 0.0505663 0.0552329 0.0497901 0.0607367 0.0823397 0.0737698 0.0521391 0.022991 0.0515445 0.0388996 0.0522056 0.038214 0.0323258 
0.0332507 0.0341662 0.0879416 0.0345112 0.0415969 0.0318902 0.0804468 0.050961 0.0501336 0.0493563 0.0742504 0.0822292 0.0820974 0.0511077 0.0202963 0.0477489 0.0354812 0.0513199 0.0323338 0.028881 
0.031281 0.0319725 0.0868575 0.0294429 0.046298 0.0297615 0.0933038 0.0511753 0.0453486 0.0485327 0.087569 0.0795554 0.0887269 0.049003 0.0183937 0.0438988 0.0337399 0.0503914 0.0290021 0.0257464 
0.0300202 0.0302789 0.0836369 0.026399 0.0501446 0.0284344 0.104472 0.0512677 0.0415541 0.0476571 0.099321 0.0758166 0.0934648 0.0465362 0.0170986 0.0405768 0.0329771 0.0496663 0.0273699 0.023308 
0.050791 0.0495703 0.0322131 0.152257 0.0111828 0.0657583 0.0312067 0.0429696 0.0433995 0.0379784 0.0308776 0.0321127 0.0349383 0.0325192 0.0409018 0.0414645 0.0873888 0.0449694 0.114737 0.0227641 
0.0504538 0.0487721 0.0355366 0.144065 0.0120601 0.062217 0.0321062 0.0439698 0.0486874 0.0395889 0.0313958 0.0367132 0.0366382 0.0343004 0.038447 0.0433913 0.0807763 0.0469688 0.109486 0.0244258 
0.0494552 0.047651 0.0409479 0.130941 0.0135329 0.057878 0.0338942 0.0451645 0.0547039 0.0417133 0.0324456 0.0436457 0.039447 0.0370021 0.0357836 0.045931 0.072899 0.0495261 0.100916 0.0265221 
0.0474318 0.045983 0.0489861 0.112958 0.0158474 0.0527009 0.0374684 0.0465365 0.0602515 0.0442078 0.034937 0.0529683 0.0439966 0.0405644 0.0327308 0.048636 0.0640019 0.0523292 0.0888569 0.0286072 
0.0442744 0.0436409 0.0592189 0.0918203 0.0191503 0.0469557 0.0439587 0.0479738 0.0635654 0.0466521 0.0402241 0.063585 0.0507048 0.0444562 0.029311 0.0506694 0.0548943 0.0547332 0.074261 0.0299505 
0.0403763 0.0407393 0.069722 0.0708314 0.0232807 0.0412815 0.0540897 0.0492796 0.0632449 0.0484718 0.049453 0.0731829 0.0592827 0.0476933 0.0258116 0.0511449 0.0468074 0.0560228 0.0593868 0.0298974 
0.0364967 0.0376388 0.077841 0.0533202 0.0277224 0.0364062 0.0674325 0.050289 0.0593731 0.0492937 0.0625733 0.0794247 0.0686136 0.0493543 0.0226448 0.0497376 0.0407536 0.0559092 0.0467839 0.0283913 
0.0332858 0.0347499 0.0818751 0.0408168 0.0318684 0.0327382 0.0824064 0.0509715 0.0535047 0.0491834 0.0780727 0.0814538 0.0773064 0.049181 0.0200957 0.0469274 0.0369545 0.0547362 0.0378387 0.0260338 
0.0309756 0.0323352 0.0819354 0.0328611 0.0353462 0.0302539 0.0970829 0.0513976 0.0474956 0.0485115 0.0937678 0.0801124 0.0843929 0.047627 0.0182189 0.043598 0.0349374 0.053158 0.0324007 0.023592 
0.0294602 0.0304693 0.0793761 0.0281301 0.0381145 0.0286897 0.109962 0.0516398 0.04252 0.0476669 0.107774 0.0769746 0.0895659 0.0454345 0.0169201 0.0404936 0.034033 0.0517069 0.0295133 0.0215559 
0.0495167 0.048481 0.0328761 0.162953 0.0109512 0.0603121 0.0329112 0.0435895 0.0479914 0.0391784 0.0325796 0.0332917 0.0351781 0.031639 0.0336266 0.0393756 0.0748313 0.0468991 0.122775 0.0210439 
0.0486845 0.047662 0.0366537 0.1518 0.01194 0.0569487 0.0343552 0.0445373 0.0539725 0.0409022 0.0335207 0.0384876 0.0372194 0.0336134 0.0319472 0.0412549 0.0688915 0.0495553 0.11564 0.0224138 
0.0471011 0.0463993 0.0425916 0.135184 0.0135121 0.0528843 0.0372821 0.0456752 0.0601782 0.0430509 0.0355897 0.0460522 0.040656 0.0364379 0.030035 0.0435964 0.0622096 0.0527928 0.104761 0.02401 
0.0445156 0.0444719 0.0508879 0.113666 0.0158294 0.0480983 0.0429044 0.0469971 0.0649664 0.0453865 0.0401507 0.05572 0.0460899 0.0399172 0.0277341 0.0458961 0.0550255 0.0560697 0.0902731 0.0254 
0.041019 0.0418231 0.0605264 0.0897504 0.018886 0.0429088 0.0523975 0.0483894 0.0664257 0.0474287 0.0487835 0.0659308 0.0536687 0.0433652 0.0250918 0.0473388 0.0480539 0.0584817 0.0737299 0.026001 
0.0371658 0.0387013 0.0692085 0.0673807 0.0223672 0.037967 0.0659181 0.0496503 0.0636719 0.0486778 0.0621349 0.0741915 0.0626334 0.0457994 0.0223973 0.0472339 0.0422563 0.0592491 0.0579452 0.025451 
0.033683 0.0355766 0.0746622 0.0498226 0.02575 0.0339128 0.0820304 0.0506214 0.0577145 0.0489624 0.0789889 0.0786175 0.0715365 0.0465677 0.0200163 0.0455536 0.0382514 0.0583155 0.0454771 0.0239399 
0.0310203 0.0328662 0.0761593 0.0379794 0.028615 0.0310102 0.0983918 0.0512768 0.0507097 0.0485227 0.0967771 0.0791263 0.0790831 0.0457723 0.0181651 0.0429382 0.0359682 0.0563552 0.0372104 0.0220529 
0.0292161 0.0307559 0.0746211 0.030806 0.0308419 0.0291347 0.112974 0.0516754 0.044477 0.0477624 0.112983 0.0770383 0.0847172 0.0440532 0.0168558 0.0401863 0.0348924 0.0542078 0.0324784 0.0203239 
0.0280815 0.0292292 0.0716233 0.0267224 0.0325638 0.0279992 0.124657 0.0518781 0.0398169 0.0469983 0.126031 0.0739261 0.0885616 0.0421049 0.015988 0.03783 0.034486 0.0524164 0.0300841 0.0190033 
