20 hexa 10 10 gaussian
#SNAPSHOT FILE
#iterations: 23000 (40000 total)
0.0495007 0.0785393 0.0295163 0.0290634 0.014839 0.0752638 0.0162365 0.0332037 0.0333411 0.039168 0.0167235 0.0345216 0.0212432 0.0523132 0.185474 0.075586 0.0734493 0.0325347 0.0290779 0.0804046 
0.0503491 0.075149 0.0313566 0.027332 0.0177767 0.0722219 0.0170073 0.0350384 0.0365178 0.0411206 0.0171364 0.0365385 0.0220427 0.050841 0.166162 0.0753376 0.0691326 0.0330095 0.0292825 0.096648 
0.0508743 0.0704485 0.0342724 0.0253506 0.0236706 0.068218 0.0183555 0.0373595 0.0404862 0.0435534 0.0178055 0.0393008 0.0234346 0.0491925 0.142186 0.0743461 0.0634614 0.0336184 0.0295476 0.114519 
0.0507693 0.0645412 0.0385341 0.0233493 0.0346257 0.0632479 0.0205949 0.0398999 0.0448101 0.0462307 0.0188622 0.0426274 0.0257854 0.0476601 0.115568 0.0721717 0.0567135 0.0343041 0.0297524 0.129952 
0.049811 0.0578129 0.0441008 0.0216933 0.0529409 0.0575091 0.0240365 0.0422252 0.048717 0.048756 0.0204661 0.0460204 0.0294375 0.0465417 0.0893293 0.0684807 0.0494826 0.0350118 0.0297548 0.137873 
0.048005 0.0508721 0.0504224 0.0207069 0.0797423 0.0514244 0.0287902 0.0438756 0.0513611 0.0507129 0.0227175 0.0487638 0.0344733 0.0459655 0.0664758 0.063264 0.0425305 0.0357136 0.0294529 0.13473 
0.045637 0.0443947 0.0565188 0.0204796 0.113411 0.0455759 0.034559 0.0445855 0.0522579 0.0518609 0.025536 0.0502458 0.040512 0.0458001 0.0488838 0.0569879 0.0365479 0.0364059 0.0288534 0.120947 
0.0431582 0.0389251 0.0614241 0.0208157 0.149438 0.0405257 0.0406524 0.0444248 0.0515603 0.0522399 0.0286302 0.0503092 0.0467825 0.0457556 0.0368154 0.0504927 0.0319471 0.0370835 0.0280785 0.100941 
0.0409635 0.0347206 0.0646876 0.0213794 0.18244 0.036604 0.0463039 0.0437333 0.0499062 0.0520957 0.0316373 0.0493219 0.0525022 0.045589 0.0292872 0.0446337 0.0287816 0.0377262 0.0272939 0.0803934 
0.0392427 0.0317364 0.0665 0.0218955 0.208658 0.0338249 0.0510344 0.0429039 0.0479959 0.051703 0.0343193 0.0479077 0.0572409 0.0452251 0.0248731 0.0399314 0.0268271 0.0383112 0.0266212 0.0632487 
0.0507994 0.0739542 0.0314173 0.0332526 0.0158379 0.0752222 0.0174732 0.0352147 0.0348097 0.0397773 0.0178962 0.0358759 0.0235973 0.0507842 0.163308 0.0737438 0.0797486 0.0336335 0.0323768 0.0812768 
0.0515251 0.0701836 0.0342825 0.0309811 0.0196868 0.0712656 0.0184319 0.0373006 0.0385243 0.0420816 0.0183401 0.038967 0.0248854 0.0497078 0.143019 0.0737667 0.0736249 0.0341889 0.0322454 0.0969911 
0.0516375 0.0652274 0.0386346 0.0284189 0.0270975 0.0662452 0.0201032 0.0397347 0.0428506 0.0448009 0.0190865 0.0429802 0.0270165 0.0487103 0.119302 0.0729278 0.0659385 0.034854 0.031985 0.11245 
0.0508379 0.0593114 0.0446036 0.0259107 0.0401151 0.0603385 0.0228305 0.0421539 0.0471339 0.0475812 0.020313 0.0474905 0.0303755 0.0480253 0.0945802 0.0707213 0.0573368 0.0355672 0.0314888 0.123285 
0.0490564 0.0529178 0.0517651 0.0238927 0.0603987 0.0539707 0.0268717 0.0440976 0.0504918 0.0499531 0.0221998 0.0516804 0.0351813 0.0477601 0.0718025 0.0668472 0.0487799 0.0362843 0.0307003 0.125349 
0.0465505 0.0466609 0.0590841 0.0226571 0.0878397 0.0477355 0.0321781 0.0452056 0.0522206 0.0515397 0.0248042 0.0546241 0.041245 0.0477897 0.0532943 0.0614574 0.0412133 0.0369952 0.0296628 0.117243 
0.0438078 0.0411017 0.0653049 0.0221892 0.11972 0.0422193 0.0382768 0.0454045 0.0521903 0.0522411 0.027958 0.0557661 0.0479136 0.0478218 0.0399402 0.055203 0.0352475 0.0377055 0.0285208 0.101468 
0.0413057 0.036589 0.0695866 0.0222204 0.151549 0.0378067 0.0444322 0.0449295 0.0508726 0.0522424 0.0313167 0.0552182 0.05434 0.0475963 0.0312265 0.0489847 0.0310283 0.0384083 0.027452 0.0828959 
0.0393122 0.0332034 0.0718594 0.0224304 0.179137 0.0345823 0.0499965 0.0441576 0.0489867 0.0518499 0.0345456 0.053617 0.0598858 0.0470368 0.0259276 0.0435565 0.0283333 0.0390781 0.026583 0.0659208 
0.0378584 0.0308203 0.0726652 0.0226085 0.200124 0.0323868 0.0546575 0.04341 0.0471144 0.0513194 0.0374811 0.051723 0.0643208 0.0462443 0.0228089 0.0392894 0.0267763 0.0396871 0.0259516 0.0527528 
0.0511955 0.0713911 0.0314587 0.0422805 0.0146044 0.0782129 0.0185143 0.0358302 0.0334977 0.0384283 0.0190872 0.0348952 0.0255376 0.0496384 0.153795 0.0705993 0.0916281 0.034657 0.0378585 0.0668908 
0.0520867 0.068509 0.0342262 0.0397062 0.017058 0.0743627 0.0191796 0.0376378 0.0369143 0.0405035 0.0193514 0.0381601 0.026792 0.0491799 0.137629 0.0714372 0.0853528 0.0351661 0.037259 0.079488 
0.0524218 0.064579 0.0385647 0.0365086 0.0218813 0.0693336 0.0203899 0.039867 0.0411192 0.0431276 0.0198343 0.0426799 0.0287818 0.048862 0.11786 0.0718383 0.0769559 0.0358154 0.0363648 0.0932156 
0.0518215 0.0596659 0.0447949 0.0329473 0.0306608 0.0632614 0.0224886 0.0422489 0.0455981 0.0460337 0.0207232 0.0481896 0.0319084 0.0488469 0.096104 0.0712099 0.0670438 0.0365405 0.0350847 0.104828 
0.0501121 0.05409 0.0526922 0.0295356 0.0450304 0.0565708 0.0258288 0.0443677 0.0494988 0.0487583 0.022264 0.0538882 0.0364892 0.0491797 0.0748496 0.0689982 0.0567293 0.0372764 0.0334307 0.11041 
0.0474894 0.0483639 0.0612686 0.0268032 0.0656925 0.0499022 0.0305701 0.0458176 0.051967 0.050816 0.024648 0.0586131 0.0425079 0.0496913 0.0565528 0.0650017 0.0472784 0.0379908 0.0315453 0.107481 
0.0444662 0.043023 0.0690448 0.0250081 0.0914573 0.043903 0.0364894 0.046406 0.0526109 0.0519427 0.0278602 0.0613725 0.0494718 0.0500476 0.0426217 0.0595721 0.03962 0.0386902 0.0296643 0.0967285 
0.0416107 0.038457 0.0747539 0.0240445 0.119273 0.0390092 0.0429928 0.0462429 0.0516947 0.0522056 0.0316333 0.0618668 0.0565593 0.0499475 0.03308 0.0535065 0.034075 0.0393911 0.0280202 0.0816361 
0.0392885 0.0348355 0.0779298 0.0235994 0.145469 0.0353504 0.0493726 0.0456426 0.0498949 0.0518937 0.0355775 0.0605638 0.0629873 0.0492986 0.0270276 0.0476844 0.0304423 0.0400889 0.0267522 0.0663014 
0.0375878 0.0321343 0.0789475 0.0233762 0.167231 0.032801 0.0551076 0.0449356 0.0478839 0.05132 0.0393799 0.0583283 0.068302 0.0482324 0.0233412 0.0427245 0.0282705 0.0407557 0.0258803 0.0534608 
0.0524543 0.065588 0.0339284 0.0526423 0.0152893 0.0770624 0.0205893 0.0383114 0.0358363 0.0389656 0.0208487 0.0368045 0.0288962 0.047366 0.125831 0.067251 0.0970584 0.0365645 0.0454767 0.0632358 
0.0529734 0.0626495 0.0380701 0.0487982 0.0183322 0.0721868 0.0214524 0.0402663 0.039862 0.041356 0.0211318 0.0415276 0.0307767 0.0477199 0.110533 0.0686086 0.0884873 0.0372328 0.0438764 0.0741589 
0.0526031 0.058826 0.0442753 0.0440128 0.0239917 0.0661042 0.023035 0.0424913 0.044413 0.0442181 0.0217397 0.0477114 0.0336885 0.0484706 0.092876 0.0694259 0.077744 0.0380111 0.0415875 0.0847752 
0.0510483 0.0542557 0.0525868 0.0387967 0.0335994 0.0591841 0.0257487 0.0446532 0.0487116 0.0471604 0.0229741 0.0547175 0.038021 0.0496008 0.0745747 0.0689919 0.0659293 0.0388092 0.038668 0.0919689 
0.0483885 0.0493015 0.0621972 0.0339295 0.0480969 0.052096 0.0299269 0.046351 0.0518049 0.0496496 0.0251629 0.0612918 0.0439119 0.0508643 0.0577972 0.0667614 0.0545701 0.0395521 0.0354062 0.0929406 
0.0451156 0.044435 0.0715269 0.0300666 0.0672387 0.0455861 0.0355928 0.0473073 0.0530595 0.0512628 0.0284732 0.0660475 0.0510408 0.0518371 0.0442344 0.0627019 0.0450124 0.0402205 0.0322318 0.0870088 
0.0418824 0.0400589 0.0789151 0.0274194 0.089284 0.040189 0.0423525 0.0475105 0.0525155 0.0519022 0.0327686 0.0681761 0.0586731 0.0521311 0.034436 0.0573715 0.0379028 0.0408471 0.0295303 0.0761343 
0.0391735 0.0364003 0.0834156 0.0257785 0.111574 0.0360909 0.0495339 0.0471841 0.0507744 0.0517799 0.0376531 0.0677964 0.0659576 0.0516031 0.0279272 0.051644 0.0331474 0.0414708 0.0275012 0.0635942 
0.0371619 0.0335141 0.0850837 0.0247777 0.13158 0.033189 0.0564685 0.0466294 0.0485799 0.0512298 0.0426667 0.0657157 0.072252 0.0503955 0.0238039 0.0463156 0.0302415 0.0420978 0.0261457 0.0521522 
0.0357738 0.0313416 0.0846885 0.0241178 0.147653 0.0312357 0.0627079 0.0460834 0.0464815 0.0505348 0.0474723 0.0629259 0.07725 0.04882 0.021227 0.041867 0.0286113 0.0426999 0.0253421 0.0431672 
0.0525405 0.0619029 0.0332832 0.0702928 0.0140023 0.0787036 0.0225347 0.0391674 0.0353811 0.0376489 0.0227413 0.0349703 0.0308414 0.0443478 0.109001 0.0615432 0.106302 0.0382445 0.0572956 0.049256 
0.053151 0.0598059 0.0370044 0.065991 0.015886 0.0742196 0.0231669 0.0408147 0.0392146 0.0396969 0.0229104 0.0395112 0.0325974 0.0451939 0.0979992 0.0634161 0.098271 0.0389856 0.0551164 0.0570478 
0.0529995 0.0570203 0.0427948 0.0600381 0.0194113 0.0684329 0.0243571 0.0427895 0.0437691 0.042335 0.0233145 0.0458541 0.0352608 0.0465933 0.0848997 0.0652855 0.0875842 0.0398897 0.0518145 0.0655564 
0.0516906 0.053519 0.0509911 0.0527891 0.0255423 0.0615837 0.0265439 0.0448654 0.0483723 0.0452987 0.0242915 0.0536618 0.0392704 0.0485166 0.0705668 0.0664448 0.0751006 0.0408452 0.0474046 0.072702 
0.0491392 0.0494778 0.0611153 0.0451782 0.0351486 0.0542739 0.0302051 0.0466959 0.052022 0.0480929 0.0263009 0.0618076 0.0449045 0.0506624 0.056514 0.0661051 0.0623574 0.0417146 0.0422846 0.0760001 
0.0457324 0.0452517 0.0716762 0.0383507 0.0484254 0.0473192 0.0356093 0.0479609 0.0538467 0.0501837 0.0297271 0.0686502 0.0520244 0.0524911 0.0443371 0.0638124 0.0510546 0.0424083 0.0371595 0.0739798 
0.0421595 0.0412294 0.0807172 0.0330705 0.0645037 0.0414051 0.0425954 0.048539 0.0536242 0.0512834 0.034629 0.0728362 0.0600132 0.0534678 0.0349662 0.0597522 0.0423061 0.0429363 0.0327267 0.0672392 
0.0390344 0.037687 0.086781 0.029436 0.0816659 0.0368393 0.0505865 0.0485502 0.0518519 0.0514659 0.0406635 0.0739772 0.0680072 0.0533376 0.0284015 0.0546519 0.0363028 0.043382 0.0293764 0.0580022 
0.0366485 0.0347462 0.0894888 0.027086 0.0980119 0.0335676 0.0588251 0.0482416 0.0493487 0.0510354 0.0472429 0.0726497 0.0752288 0.052213 0.0240576 0.0493899 0.0325744 0.0438231 0.0271359 0.0486851 
0.034988 0.0324145 0.0894244 0.0255681 0.112075 0.0313452 0.0666364 0.0478412 0.0468159 0.0503213 0.0537792 0.0698945 0.0811832 0.050454 0.0212443 0.0446447 0.0304484 0.0442832 0.0258078 0.040831 
0.0529003 0.0566773 0.0354327 0.0874657 0.0141161 0.0748427 0.0252541 0.0413523 0.0391286 0.0383646 0.0249693 0.0368977 0.0338665 0.0416563 0.0825073 0.0570397 0.103893 0.0407791 0.0696605 0.0431963 
0.0528974 0.0547463 0.0404307 0.0808065 0.016276 0.0696886 0.0261767 0.0430234 0.0436435 0.0406384 0.0252661 0.042812 0.0362154 0.0433928 0.0735758 0.0593788 0.0942345 0.0418744 0.0656847 0.0492386 
0.0518841 0.0522253 0.0478913 0.0718141 0.0200723 0.0633486 0.0279431 0.044904 0.0484954 0.0434091 0.0260472 0.0506756 0.0397876 0.0458443 0.0634285 0.0616175 0.0823066 0.0431031 0.0599822 0.0552206 
0.0496115 0.0491104 0.0577724 0.0613101 0.0261901 0.0562329 0.0311334 0.0467432 0.0526961 0.046304 0.02787 0.0597324 0.0449858 0.0487442 0.0528071 0.0629291 0.0693115 0.0442663 0.0528932 0.0593564 
0.0462713 0.045591 0.0689207 0.0508141 0.0349752 0.0490952 0.0362577 0.0482314 0.0551515 0.0487725 0.0313523 0.0683667 0.0518708 0.051489 0.0428479 0.0625243 0.0569879 0.0451574 0.0453307 0.0599929 
0.0424898 0.0419934 0.079285 0.0418451 0.0460538 0.0427483 0.0434304 0.04916 0.0552995 0.0503571 0.0368277 0.0747616 0.0599778 0.0533633 0.0345627 0.0601197 0.04688 0.0456861 0.0384379 0.0567209 
0.0389811 0.0386322 0.0869165 0.0351621 0.0583496 0.0376977 0.0522193 0.0495342 0.0534517 0.050941 0.044091 0.0778779 0.0684554 0.0539138 0.0283587 0.056125 0.0396538 0.0459308 0.0330281 0.0506802 
0.0361869 0.0357031 0.090902 0.030642 0.0705239 0.0340179 0.0618112 0.049527 0.0504965 0.0507369 0.0524656 0.0778621 0.0764178 0.0531466 0.024035 0.0513737 0.0350631 0.0460562 0.0293141 0.0437193 
0.0341926 0.0332793 0.0915227 0.0277211 0.0814614 0.0314991 0.0713204 0.0493423 0.0473379 0.0500855 0.0610951 0.0756694 0.0832162 0.0514322 0.021124 0.0466877 0.0324191 0.0461929 0.0270579 0.0373437 
0.0328614 0.0313567 0.0897992 0.0258364 0.0905184 0.0298446 0.0800222 0.0491184 0.0445601 0.049285 0.0692196 0.0724451 0.0885086 0.0492773 0.0191841 0.0426112 0.0310271 0.0463843 0.0258569 0.032284 
0.0523052 0.053905 0.0336237 0.11102 0.0127549 0.0738533 0.0273498 0.041754 0.039383 0.0374868 0.0270227 0.0341574 0.034405 0.0378275 0.067075 0.0506107 0.104171 0.0422756 0.0858978 0.0331224 
0.0523424 0.0525836 0.0376041 0.104442 0.0140868 0.0695279 0.0281106 0.0431145 0.0438 0.0393385 0.0273076 0.0391784 0.0363768 0.0395325 0.0613058 0.0528511 0.0961244 0.0435662 0.0818445 0.0369626 
0.0515957 0.050838 0.0438278 0.0946166 0.016421 0.0640709 0.029558 0.0447269 0.0488301 0.0417509 0.0279664 0.0463299 0.0393995 0.0420777 0.0547205 0.0554717 0.0858211 0.0451262 0.0755209 0.0413309 
0.0497175 0.0485397 0.0526629 0.0819249 0.0202479 0.0576433 0.0323111 0.0464535 0.0535865 0.0445154 0.0295877 0.0553674 0.0439623 0.0453314 0.0474686 0.0578306 0.0739238 0.0467405 0.0669917 0.0451935 
0.0466705 0.0457036 0.0635156 0.0678312 0.025927 0.0507705 0.0370854 0.0480528 0.0568262 0.0471741 0.0329857 0.0650653 0.0503383 0.0487663 0.040091 0.0590426 0.0617872 0.048082 0.0570896 0.0471953 
0.0428943 0.0425351 0.0745782 0.0544894 0.0333642 0.0442467 0.0443172 0.0492769 0.0575769 0.0491844 0.0388332 0.073443 0.0582795 0.0515591 0.033357 0.0584081 0.0510606 0.0488723 0.0473064 0.0464179 
0.0391142 0.0393494 0.0835615 0.0436608 0.0418906 0.0387736 0.0538011 0.0500142 0.0557958 0.0502232 0.0471885 0.0787805 0.0669914 0.0529982 0.0278649 0.0558659 0.0428993 0.0490664 0.0390929 0.0430677 
0.0359261 0.0364228 0.0889299 0.0359212 0.0505377 0.0346514 0.0647038 0.0503362 0.0523539 0.050343 0.0573624 0.080548 0.0754756 0.0528658 0.0237736 0.0520185 0.0374994 0.0488634 0.0331601 0.0383072 
0.0335612 0.033912 0.0905125 0.0308336 0.0584608 0.0317876 0.0759196 0.0504044 0.0484027 0.0498463 0.0682277 0.0794129 0.0829227 0.0514604 0.0208902 0.0477309 0.0343318 0.0485366 0.0294057 0.0334409 
0.0319523 0.0318668 0.0891982 0.0276127 0.0651839 0.0299025 0.0864388 0.050355 0.0448028 0.0490702 0.0786498 0.0765762 0.0888754 0.0493408 0.0189115 0.0437183 0.0326596 0.0482731 0.027307 0.0293052 
0.0515269 0.0509294 0.0348586 0.128019 0.0125137 0.0680874 0.0298221 0.0430619 0.0439328 0.0385097 0.0291577 0.0356659 0.0358703 0.0358225 0.0503651 0.046874 0.0934305 0.044686 0.0981572 0.0287094 
0.0509553 0.0497264 0.0396421 0.118538 0.0139742 0.0636482 0.0310295 0.0443833 0.0490075 0.0404978 0.0297633 0.0415894 0.0382878 0.0380669 0.0462804 0.0492755 0.0851763 0.0465192 0.0920645 0.0315746 
0.0494791 0.0480674 0.0468624 0.105091 0.0163824 0.0582464 0.0333702 0.0459006 0.0542377 0.0429517 0.0311813 0.0497135 0.0420619 0.0411704 0.0416965 0.0519349 0.0753028 0.0486142 0.0831321 0.0346036 
0.0468848 0.0458336 0.0565214 0.0885681 0.0200507 0.0521054 0.0376813 0.0474775 0.058383 0.0455748 0.0343234 0.0594447 0.0476463 0.0448173 0.0366939 0.0541392 0.0645557 0.0506001 0.071769 0.0369301 
0.0433521 0.0430757 0.0674091 0.071162 0.0250439 0.0458058 0.0447272 0.0488971 0.0600981 0.0478625 0.0401958 0.0691137 0.0550799 0.0482638 0.0316483 0.0550193 0.0542464 0.0519954 0.0593942 0.0376101 
0.0394827 0.0400439 0.0772702 0.0555631 0.0309821 0.0401062 0.0546503 0.0499662 0.058789 0.0493412 0.0492649 0.0765807 0.0637409 0.0506126 0.0270841 0.0540454 0.0457373 0.0524888 0.048003 0.0362477 
0.0359705 0.0370733 0.0839958 0.0435448 0.0371459 0.0355602 0.0666967 0.0506312 0.0550744 0.0498557 0.0609848 0.0804767 0.0725528 0.0513266 0.0233796 0.0513964 0.0397326 0.0521565 0.0391234 0.0333221 
0.0332271 0.0344273 0.0867777 0.035326 0.0428387 0.032297 0.0795345 0.0509765 0.0503059 0.0496018 0.0739951 0.0808706 0.0804973 0.0504951 0.0206127 0.0478069 0.0360712 0.0513709 0.0331633 0.0298044 
0.0313023 0.0322327 0.0862029 0.030111 0.0476673 0.0301255 0.0918204 0.0511241 0.0457213 0.0489236 0.0867423 0.078847 0.0869633 0.0486526 0.018651 0.0440953 0.0341112 0.0505231 0.0296497 0.0265339 
0.0300424 0.0305094 0.0835713 0.0269143 0.0515845 0.028748 0.102561 0.0511549 0.0420066 0.0481234 0.0979824 0.0756991 0.0917615 0.0464321 0.017305 0.0408258 0.0331841 0.049842 0.0278203 0.0239319 
0.050676 0.0498734 0.0325804 0.148891 0.0113654 0.065897 0.0311413 0.0429139 0.0438494 0.038085 0.0306445 0.0327679 0.0349968 0.0328147 0.0419677 0.0421373 0.0878411 0.0451975 0.112713 0.0236464 
0.0501827 0.0490251 0.0360315 0.140694 0.0123089 0.0623713 0.03216 0.0439697 0.0487725 0.0396756 0.0312469 0.0373257 0.0368381 0.0345591 0.0393834 0.0440075 0.0813987 0.0471514 0.107505 0.025393 
0.0490269 0.0478304 0.0414851 0.128 0.0138645 0.058051 0.0341123 0.045233 0.0542567 0.04174 0.0324811 0.0439994 0.039785 0.0371453 0.0365607 0.0463905 0.0737159 0.0495873 0.0992149 0.02752 
0.0469223 0.0461008 0.049352 0.110913 0.0162752 0.0529188 0.0378502 0.0466659 0.0592373 0.0441411 0.0352339 0.0527912 0.0443821 0.0404904 0.0333501 0.0488689 0.0650126 0.0522056 0.0877166 0.0295723 
0.0438141 0.0437447 0.0591562 0.0909442 0.0196819 0.0472446 0.0443889 0.04814 0.062195 0.0465063 0.0407338 0.0627093 0.0509559 0.0441036 0.0298 0.0506975 0.0560273 0.0544338 0.0738734 0.0308496 
0.0400697 0.0408831 0.0691447 0.0710068 0.0239241 0.0416341 0.0543167 0.049456 0.061927 0.0483293 0.0499355 0.071737 0.0592046 0.0471176 0.0262059 0.0510971 0.0479111 0.0556538 0.0597016 0.0307445 
0.0363591 0.0378464 0.0769678 0.0541132 0.0284935 0.0367809 0.0671604 0.0504513 0.0584697 0.0492624 0.0626798 0.0778262 0.0681192 0.048723 0.0229719 0.0497686 0.0416696 0.0556136 0.0475154 0.0292077 
0.0332602 0.0350045 0.0811025 0.0417773 0.0327829 0.0330917 0.0814427 0.0510951 0.0531274 0.0493263 0.0775257 0.0801642 0.0764702 0.0486731 0.0203715 0.0471128 0.0376092 0.0546045 0.0386555 0.026803 
0.0309923 0.0325983 0.0815912 0.0337274 0.0364016 0.0305638 0.0954194 0.0514614 0.047535 0.0488171 0.0924763 0.0793994 0.0834007 0.0473414 0.0184513 0.0439115 0.035354 0.0531979 0.0330902 0.02427 
0.0294767 0.0307046 0.0795846 0.0288203 0.0392811 0.0289503 0.107754 0.0516381 0.0427991 0.0480734 0.105831 0.0768623 0.0886179 0.0453776 0.0171117 0.0408589 0.0342753 0.0518718 0.0300017 0.0221096 
0.0494683 0.0486657 0.0332968 0.159125 0.0111634 0.0607325 0.0329284 0.0435633 0.0481032 0.0391963 0.0323532 0.0339865 0.0354075 0.031907 0.0344268 0.0400564 0.0762645 0.0471544 0.120448 0.0217542 
0.0485273 0.0477981 0.0371939 0.1482 0.0122036 0.0573292 0.0345284 0.044584 0.0535315 0.0408843 0.0334424 0.0391192 0.0376141 0.0338547 0.0326158 0.041904 0.070357 0.0496954 0.113454 0.0231632 
0.0468481 0.0464797 0.0431448 0.132277 0.0138333 0.053218 0.0376399 0.0458053 0.0590433 0.0429655 0.0357598 0.0464034 0.0411988 0.0365783 0.0305592 0.0441359 0.063662 0.0527192 0.102976 0.0247518 
0.044237 0.0445259 0.0512466 0.111873 0.0162105 0.0484069 0.0433824 0.0471958 0.0632167 0.0452236 0.0405764 0.055555 0.0466752 0.0398721 0.0281294 0.04628 0.0564128 0.0557299 0.0891592 0.0260917 
0.0408071 0.041906 0.0605122 0.0892181 0.019326 0.0432197 0.0527678 0.0486232 0.0644387 0.0472335 0.0492592 0.0651718 0.0541219 0.0431082 0.0253952 0.0476005 0.0492983 0.0579418 0.0734177 0.0266335 
0.0370697 0.0388554 0.0688682 0.0678479 0.0228716 0.0382825 0.0658334 0.0498852 0.0619639 0.0485451 0.0622573 0.0730613 0.0628155 0.0454172 0.0226466 0.0474794 0.0432679 0.0586893 0.0582959 0.0260472 
0.0336809 0.0357993 0.0742913 0.0507842 0.0263361 0.0342096 0.0812064 0.0508314 0.0566253 0.0489779 0.0783691 0.0775442 0.0714476 0.0462187 0.0202325 0.0458798 0.0389791 0.0579202 0.0461533 0.0245134 
0.031055 0.033117 0.0760944 0.0390005 0.0292994 0.0312643 0.0967611 0.0514425 0.0502541 0.0487075 0.0952563 0.0784737 0.0788577 0.0455822 0.0183532 0.0433627 0.0364353 0.0562065 0.0378934 0.0225837 
0.0292434 0.0309877 0.0750358 0.0316712 0.0316231 0.0293373 0.110688 0.0517859 0.0444667 0.0480731 0.110665 0.0769385 0.0845281 0.0440584 0.0170137 0.0406574 0.03517 0.0542789 0.0329997 0.0207785 
0.0280881 0.0294134 0.0724894 0.0273845 0.0334168 0.0281532 0.121989 0.0519361 0.0400421 0.047364 0.123182 0.0743049 0.0885258 0.0422728 0.016114 0.0382811 0.0346435 0.0526262 0.0304081 0.0193645 
