20 hexa 10 10 gaussian
#SNAPSHOT FILE
#iterations: 6000 (40000 total)
0.0506024 0.0660262 0.0392834 0.0402466 0.0296783 0.0678864 0.0206364 0.0371631 0.0378802 0.0416764 0.0207488 0.0439278 0.0273455 0.0528082 0.132625 0.0731982 0.0608517 0.035499 0.0369232 0.0849958 
0.0501754 0.0635804 0.0426978 0.040305 0.0363479 0.0651079 0.0225994 0.03788 0.0385952 0.0424275 0.0221704 0.0461133 0.0299734 0.0533134 0.123481 0.0721667 0.058609 0.0359314 0.0371177 0.0814084 
0.0495377 0.0607103 0.0467748 0.0401061 0.0450217 0.0617823 0.0251549 0.0386904 0.039376 0.0432831 0.0239447 0.0485361 0.0332584 0.0537776 0.112996 0.0706925 0.0559148 0.0364493 0.0370967 0.0768976 
0.0486461 0.0574167 0.0514286 0.0395961 0.0558297 0.0579718 0.0283499 0.039577 0.0401922 0.0442161 0.0260852 0.0511026 0.037204 0.0541354 0.101336 0.0686748 0.0527898 0.0370605 0.0368085 0.0715801 
0.0474897 0.0537741 0.0564637 0.0387515 0.0686183 0.0538225 0.0321533 0.0405018 0.040997 0.0451817 0.0285608 0.053665 0.0417204 0.0543191 0.088907 0.0660757 0.0493306 0.037759 0.0362251 0.0656843 
0.0461022 0.0499357 0.0615902 0.0375967 0.0828861 0.0495547 0.0364362 0.0414107 0.0417363 0.0461228 0.0312871 0.0560437 0.0466141 0.0542753 0.0763338 0.062949 0.0457067 0.0385211 0.0353588 0.0595391 
0.0445592 0.0461089 0.0664795 0.0362065 0.0978356 0.0454223 0.0409849 0.0422477 0.0423615 0.0469826 0.0341365 0.0580699 0.0516166 0.0539815 0.0643356 0.0594447 0.0421305 0.039308 0.0342673 0.0535214 
0.0429595 0.0425043 0.0708429 0.0346917 0.112544 0.0416562 0.0455458 0.0429691 0.042843 0.0477185 0.0369669 0.0596309 0.0564439 0.0534544 0.0535538 0.0557748 0.0388076 0.0400747 0.0330421 0.0479762 
0.0413996 0.0392851 0.0744981 0.0331702 0.12618 0.0384135 0.0498859 0.0435535 0.0431754 0.0483123 0.039656 0.0606958 0.0608629 0.0527455 0.0444071 0.0521587 0.0358891 0.0407809 0.0317851 0.0431474 
0.0399527 0.0365391 0.0773911 0.0317406 0.138153 0.035758 0.0538399 0.0440021 0.0433745 0.048769 0.0421264 0.0613095 0.0647328 0.0519247 0.037038 0.0487743 0.0334496 0.0413997 0.0305847 0.0391448 
0.0505013 0.0630339 0.0404571 0.0447596 0.031022 0.0667447 0.0225269 0.0381921 0.0398032 0.0422416 0.0221576 0.044789 0.0292344 0.0509361 0.11933 0.0695858 0.0620398 0.0367013 0.0407788 0.0851659 
0.049938 0.0605056 0.0441495 0.0446612 0.0379854 0.0636433 0.024921 0.0389824 0.0405106 0.0430585 0.0239454 0.0471421 0.0322454 0.0514476 0.110159 0.068458 0.0593963 0.0372121 0.0408608 0.0807781 
0.0491262 0.0575863 0.048474 0.0441779 0.046858 0.0600182 0.0279726 0.0398689 0.0412437 0.0439653 0.0261447 0.0497111 0.0359394 0.0519107 0.099847 0.0668942 0.0562929 0.0378107 0.0406337 0.0755247 
0.0480386 0.0543047 0.0532983 0.043267 0.0576482 0.0559738 0.0316974 0.0408221 0.0419612 0.0449226 0.0287507 0.0523773 0.04028 0.052262 0.0886519 0.0648235 0.0527937 0.0384963 0.0400498 0.0695813 
0.0466888 0.0507628 0.0583839 0.041937 0.0700703 0.0516967 0.0360157 0.041792 0.0426132 0.0458762 0.0317019 0.0549736 0.045127 0.0524395 0.077047 0.0622441 0.0490412 0.0392518 0.0391017 0.0632361 
0.0451366 0.0471287 0.0634189 0.0402598 0.0835307 0.0474298 0.0407465 0.042718 0.0431526 0.0467665 0.0348789 0.0573175 0.0502423 0.0523993 0.0656558 0.0592417 0.0452395 0.0400438 0.0378363 0.0568571 
0.0434765 0.0436005 0.0680862 0.0383621 0.0972291 0.0434223 0.0456377 0.0435447 0.0435492 0.0475436 0.038126 0.0592573 0.0553357 0.0521294 0.0551122 0.0559772 0.0416102 0.0408287 0.0363507 0.050821 
0.0418135 0.0403568 0.0721399 0.0363955 0.110343 0.0398728 0.0504233 0.0442353 0.0437958 0.0481794 0.0412887 0.0607104 0.0601313 0.0516546 0.0459083 0.0526467 0.0383403 0.0415635 0.0347692 0.0454318 
0.0402379 0.0375175 0.0754523 0.0345005 0.122208 0.0368936 0.0548837 0.0447773 0.0439077 0.0486719 0.0442481 0.0616769 0.0644269 0.0510268 0.0382998 0.0494322 0.0355451 0.0422154 0.0332121 0.0408674 
0.038811 0.0351318 0.0780167 0.0327798 0.13241 0.0345062 0.058881 0.04518 0.0439137 0.04904 0.0469391 0.0622222 0.0681203 0.0503101 0.0323022 0.0464681 0.0332599 0.0427673 0.0317723 0.037171 
0.0507842 0.0621878 0.0384002 0.0500036 0.026645 0.0682148 0.0226118 0.0385372 0.0411916 0.0420225 0.0221792 0.0433723 0.0286837 0.048371 0.11374 0.0666112 0.065763 0.0375333 0.0449902 0.0881586 
0.0502845 0.0599588 0.0416828 0.0500656 0.0321036 0.0653425 0.0248549 0.0393003 0.0418352 0.0427921 0.0239709 0.0456145 0.0314173 0.0488911 0.1058 0.0657516 0.0631509 0.0380412 0.0452137 0.0839284 
0.0495462 0.0573877 0.0456161 0.0496651 0.0391935 0.0619298 0.0277579 0.0401745 0.042491 0.0436615 0.0262113 0.0481283 0.0348312 0.0494139 0.0968237 0.0645657 0.0600635 0.0386311 0.04509 0.0788182 
0.0485294 0.0544692 0.0501271 0.0487371 0.0480291 0.0580412 0.0313783 0.0411405 0.043122 0.044598 0.0289238 0.0508284 0.0389368 0.049886 0.0869462 0.0629679 0.0565342 0.0393062 0.0445516 0.0729473 
0.0472288 0.0512581 0.0550389 0.0472674 0.0585012 0.0538231 0.0356892 0.0421556 0.0436817 0.0455517 0.0320762 0.0535728 0.0436506 0.0502463 0.0764954 0.0609171 0.0526747 0.0400556 0.0435664 0.0665495 
0.0456855 0.047877 0.06008 0.045315 0.0702209 0.0494936 0.0405555 0.0431596 0.0441247 0.0464629 0.0355687 0.0561822 0.0487811 0.0504386 0.0659694 0.0584424 0.0486705 0.0408516 0.0421609 0.0599602 
0.0439833 0.044497 0.0649332 0.043013 0.0825548 0.0453038 0.0457444 0.0440886 0.0444199 0.0472757 0.0392445 0.0584795 0.0540539 0.0504271 0.0559437 0.055648 0.0447482 0.0416537 0.040427 0.0535608 
0.0422299 0.0412965 0.069309 0.0405437 0.094757 0.0414827 0.0509728 0.0448913 0.0445599 0.0479524 0.0429223 0.0603358 0.0591701 0.0502079 0.0469341 0.0526909 0.0411233 0.0424171 0.0385045 0.047699 
0.0405299 0.0384176 0.0730112 0.0380946 0.106141 0.0381884 0.0559722 0.0455399 0.0445604 0.0484819 0.0464404 0.0616992 0.0638742 0.049809 0.0392804 0.0497406 0.0379521 0.0431041 0.0365467 0.0426167 
0.038963 0.0359409 0.0759643 0.0358183 0.116211 0.0354877 0.0605432 0.0460316 0.0444534 0.0488784 0.0496882 0.062595 0.0680007 0.0492799 0.0331011 0.0469403 0.0353083 0.0436911 0.0346851 0.0384196 
0.0505731 0.0591516 0.0394092 0.0562248 0.0272948 0.0668632 0.0249173 0.0396278 0.0433065 0.0424853 0.0240039 0.0439797 0.0307502 0.0461912 0.100179 0.0626934 0.0671532 0.0389185 0.0500738 0.0862034 
0.0499017 0.0568892 0.0429158 0.0559766 0.0328153 0.0636763 0.0276687 0.0404773 0.0438949 0.0433072 0.0262634 0.0463852 0.0338674 0.0467327 0.092465 0.0618065 0.0640707 0.039502 0.0500973 0.081287 
0.048956 0.0543129 0.0470376 0.0551006 0.039844 0.059981 0.0311618 0.041439 0.0444467 0.0442103 0.0290497 0.0490492 0.0376923 0.0472778 0.0839058 0.0606088 0.0605158 0.0401684 0.0496557 0.0755869 
0.0477147 0.0514395 0.05166 0.0535546 0.0483977 0.0558819 0.0354209 0.0424795 0.0449176 0.0451507 0.0323645 0.0518626 0.0421954 0.0477736 0.0747037 0.0590371 0.0565681 0.040912 0.0486905 0.0692755 
0.0461987 0.048347 0.0565673 0.0513735 0.0582664 0.0515621 0.0403655 0.0435435 0.045263 0.0460712 0.0361379 0.0546648 0.0472413 0.0481608 0.0652252 0.0570777 0.0523872 0.0417111 0.0471997 0.0626362 
0.0444763 0.04517 0.0614685 0.0486837 0.0689983 0.0472591 0.0458002 0.0445638 0.0454504 0.0469123 0.040226 0.057271 0.0525914 0.0483882 0.0559521 0.0547812 0.0481928 0.042529 0.045257 0.0560289 
0.0426513 0.0420726 0.066057 0.0456876 0.0799725 0.0432172 0.0514438 0.0454771 0.0454713 0.0476275 0.0444332 0.0595167 0.0579462 0.0484265 0.0473763 0.0522576 0.044219 0.0433209 0.0430059 0.04982 
0.0408372 0.0392066 0.0700831 0.042619 0.0905393 0.0396333 0.0569914 0.0462398 0.0453425 0.0481954 0.0485585 0.0612986 0.0630119 0.0482766 0.0398834 0.0496487 0.0406597 0.0440449 0.0406269 0.0443034 
0.039132 0.0366788 0.0734028 0.0396898 0.100162 0.0366206 0.0621819 0.0468345 0.0451 0.0486223 0.0524397 0.0625929 0.0675628 0.0479674 0.0336767 0.0470928 0.0376309 0.0446707 0.0382941 0.0396479 
0.0376014 0.0345369 0.0759861 0.0370518 0.1085 0.0342036 0.0668427 0.0472683 0.044786 0.0489353 0.0559792 0.0634437 0.0714735 0.0475436 0.0287713 0.0446976 0.0351637 0.0451847 0.0361421 0.0358894 
0.0508019 0.0581783 0.0373516 0.0629608 0.0234491 0.0681992 0.0250623 0.0399477 0.0448682 0.0421442 0.0240264 0.042279 0.0302168 0.0434434 0.093638 0.0594198 0.0713533 0.0398208 0.0553069 0.0875327 
0.0501906 0.0561799 0.0404225 0.0629422 0.027643 0.0652388 0.0276608 0.0407608 0.0454013 0.0429092 0.0262793 0.0445306 0.0330307 0.0439698 0.087074 0.0587587 0.0682622 0.0403992 0.0555202 0.0828265 
0.0493149 0.0539105 0.0441097 0.0622015 0.0330831 0.0617598 0.0310054 0.0417004 0.0458856 0.0437674 0.0291003 0.0470935 0.0365431 0.0445445 0.0797672 0.0578824 0.0646824 0.0410573 0.0552273 0.0773641 
0.0481407 0.0513597 0.048355 0.0606663 0.0398618 0.0578273 0.0351673 0.0427441 0.0462783 0.0446813 0.0325255 0.0498945 0.0407716 0.0451259 0.0718227 0.0567204 0.0606632 0.0417946 0.0543457 0.0712543 
0.0466699 0.0485665 0.0530044 0.0583382 0.0479064 0.0535841 0.0401243 0.043845 0.0465342 0.0455985 0.036523 0.052803 0.0456389 0.0456602 0.063486 0.0552317 0.0563338 0.0425952 0.0528403 0.0647167 
0.0449519 0.0456262 0.0578126 0.0553213 0.0569341 0.0492411 0.0457328 0.0449375 0.0466185 0.0464586 0.0409759 0.0556441 0.0509566 0.0460897 0.0551305 0.0534238 0.0518961 0.0434271 0.0507549 0.058067 
0.0430795 0.0426781 0.0624835 0.0518215 0.0664731 0.0450418 0.051735 0.045951 0.0465195 0.0472083 0.0456914 0.0582346 0.0564471 0.0463668 0.0471881 0.0513593 0.0475908 0.0442468 0.0482209 0.0516633 
0.0411694 0.0398716 0.0667361 0.0481094 0.075958 0.0412096 0.0578081 0.0468279 0.0462538 0.0478152 0.0504392 0.0604277 0.0617989 0.0464671 0.0400495 0.0491433 0.0436424 0.045009 0.0454338 0.0458304 
0.039334 0.0373302 0.0703676 0.0444582 0.084859 0.0379012 0.063637 0.0475344 0.0458611 0.0482758 0.0550055 0.0621463 0.0667368 0.0463946 0.033975 0.0468963 0.0402099 0.0456774 0.0426075 0.0407928 
0.037659 0.0351283 0.073284 0.0410876 0.0927863 0.0351848 0.0689785 0.0480649 0.0453913 0.0486122 0.0592357 0.0633893 0.0710725 0.0461768 0.0290581 0.0447258 0.0373638 0.0462309 0.039926 0.0366448 
0.0504153 0.0553571 0.0381694 0.0703134 0.0235528 0.0666111 0.0276887 0.04101 0.0469485 0.0424794 0.0262406 0.0426269 0.0323027 0.041232 0.0810155 0.0555723 0.0725655 0.0412951 0.0611775 0.0834266 
0.0496069 0.0533531 0.0414071 0.0697985 0.0276572 0.0633576 0.030866 0.0419113 0.047379 0.0432827 0.0290535 0.0450334 0.0354844 0.0418001 0.0748504 0.0549425 0.0689603 0.0419444 0.0610824 0.0782292 
0.0485049 0.051095 0.0452214 0.068377 0.0328802 0.059625 0.0348863 0.0429359 0.0477087 0.0441582 0.0325285 0.0477457 0.0393904 0.0424209 0.0681021 0.0541126 0.0648852 0.042674 0.0603482 0.0724001 
0.047095 0.0485914 0.0495168 0.0660122 0.0392401 0.0555149 0.0397841 0.0440475 0.047891 0.0450592 0.0366752 0.0506693 0.0439974 0.0430509 0.0609182 0.0530288 0.060437 0.0434736 0.0589077 0.0660899 
0.0454061 0.045901 0.054105 0.0627718 0.0465921 0.0512027 0.0454774 0.0451869 0.047887 0.0459277 0.0414164 0.053654 0.0491752 0.0436342 0.0535654 0.0516688 0.0557923 0.0443167 0.0567662 0.0595536 
0.043515 0.043132 0.0587228 0.0588451 0.0546128 0.0469163 0.051752 0.0462818 0.0476795 0.046706 0.0465797 0.0565164 0.0546863 0.0441141 0.0463952 0.0500548 0.0511854 0.0451621 0.0540268 0.0531161 
0.041534 0.040421 0.063084 0.0545205 0.0628502 0.0428908 0.0582904 0.0472638 0.0472822 0.0473519 0.0519234 0.0590805 0.0602251 0.0444462 0.0397693 0.0482525 0.0468608 0.0459628 0.0508832 0.047108 
0.0395846 0.0378987 0.0669445 0.0501254 0.070823 0.0393179 0.0647394 0.0480839 0.0467363 0.0478502 0.0571897 0.0612203 0.0654835 0.0446099 0.0339737 0.0463552 0.0430172 0.0466765 0.0475774 0.0417934 
0.0377706 0.0356609 0.0701509 0.0459537 0.0781278 0.0363102 0.0707872 0.0487211 0.0460995 0.0482146 0.0621623 0.062883 0.0702161 0.044611 0.0291619 0.04446 0.0397688 0.0472749 0.0443439 0.037322 
0.0361618 0.0337546 0.0726551 0.042215 0.0845035 0.0338943 0.0762181 0.0491814 0.0454289 0.048479 0.0667017 0.0640861 0.0742772 0.0444754 0.0253482 0.042648 0.0371398 0.047747 0.0413649 0.0337206 
0.0505834 0.0545104 0.0361735 0.0777863 0.0203944 0.0677993 0.0277124 0.0412149 0.0484762 0.0420336 0.0261346 0.0407421 0.031666 0.038618 0.0746663 0.0523905 0.0768939 0.0421624 0.0668569 0.0831854 
0.049838 0.0527321 0.0389724 0.0775896 0.02342 0.0647687 0.0307066 0.0420639 0.0488671 0.0427741 0.0288968 0.0429509 0.0345121 0.0391526 0.0695073 0.051941 0.073264 0.0428019 0.0670059 0.0782354 
0.0488105 0.0507305 0.0423346 0.0763913 0.0273428 0.0612546 0.0345447 0.0430491 0.0491507 0.0436007 0.0323579 0.0455099 0.038065 0.039774 0.0638469 0.0513677 0.0691482 0.0435214 0.066479 0.0727209 
0.0474733 0.0484934 0.0462151 0.074118 0.0322323 0.0573204 0.0393119 0.0441453 0.0492794 0.0444735 0.0365688 0.0483621 0.0423478 0.0404507 0.0577589 0.0506134 0.0646126 0.0443167 0.0651832 0.0667236 
0.0458361 0.0460487 0.0504833 0.0707917 0.0380425 0.0531023 0.0449906 0.045303 0.0492094 0.045339 0.0414992 0.0513917 0.0472886 0.0411354 0.0514181 0.0496395 0.059803 0.0451667 0.0630833 0.0604281 
0.0439563 0.0434732 0.0549242 0.0665649 0.0445791 0.0488 0.0514265 0.0464536 0.0489158 0.0461385 0.0470146 0.0544323 0.0527036 0.0417702 0.0450904 0.0484383 0.0549363 0.0460344 0.0602414 0.0541066 
0.0419347 0.0408824 0.0592699 0.0617202 0.0515111 0.0446455 0.0583322 0.0475234 0.0484051 0.0468218 0.0528826 0.0572973 0.0583142 0.042299 0.0390857 0.0470399 0.0502641 0.046872 0.0568293 0.0480701 
0.039895 0.0384051 0.0632577 0.05662 0.0584351 0.0408531 0.065339 0.0484503 0.0477168 0.0473619 0.0588178 0.0598232 0.0638013 0.0426807 0.0336864 0.0455066 0.0460167 0.0476325 0.0530999 0.0426012 
0.0379557 0.0361511 0.0666874 0.0516288 0.0649682 0.0375754 0.0720787 0.0491976 0.0469139 0.047761 0.0645464 0.0619057 0.068875 0.0428985 0.0290836 0.0439168 0.0423529 0.04828 0.0493296 0.0378941 
0.0362059 0.0341905 0.0694549 0.0470386 0.0708244 0.0348808 0.0782577 0.0497576 0.0460646 0.0480473 0.0698611 0.0635142 0.0733294 0.0429598 0.0253482 0.0423459 0.0393377 0.0487958 0.0457589 0.0340272 
0.0500191 0.052125 0.0368257 0.0852436 0.0201925 0.0660007 0.0305012 0.0421568 0.0502978 0.0422617 0.0286285 0.0409259 0.0336228 0.0366917 0.0640727 0.0490119 0.0775044 0.0436056 0.0727711 0.0775416 
0.0490653 0.0503441 0.0397432 0.0843782 0.0230731 0.0627104 0.0341236 0.0430857 0.050552 0.0430311 0.0320153 0.0432834 0.0368096 0.0372839 0.0593661 0.0486268 0.0733636 0.0443128 0.0725073 0.0723249 
0.0478083 0.0483446 0.0431819 0.0823309 0.0267405 0.0589806 0.0386945 0.044143 0.0506484 0.0438651 0.0362036 0.0459906 0.0407248 0.0379659 0.0542715 0.0481273 0.0687725 0.0450997 0.0714312 0.0666753 
0.0462411 0.0461308 0.0470639 0.079076 0.0312111 0.0549075 0.0442583 0.0452906 0.0505383 0.0447164 0.0412128 0.0489703 0.04535 0.0387014 0.0488914 0.0474678 0.0638444 0.0459516 0.069472 0.0607044 
0.0444007 0.0437503 0.0512279 0.0747156 0.0363893 0.050656 0.0507292 0.0464678 0.0501878 0.0455281 0.0469584 0.052086 0.0505605 0.0394385 0.0434126 0.0466223 0.0587697 0.0468362 0.0666448 0.0546188 
0.0423712 0.0412943 0.0554427 0.0694992 0.0420558 0.0464406 0.0578726 0.0476011 0.0495928 0.0462454 0.0532391 0.0551592 0.0561222 0.0401176 0.0380828 0.0455931 0.0537935 0.0477071 0.0630816 0.0486883 
0.0402711 0.0388811 0.0594493 0.0637986 0.0478985 0.0424843 0.0653319 0.0486202 0.048786 0.0468302 0.0597647 0.0580056 0.061728 0.040684 0.033159 0.0444126 0.0491666 0.0485138 0.0590243 0.0431906 
0.0382272 0.0366273 0.0630191 0.058032 0.0535811 0.0389707 0.0727026 0.0494735 0.0478313 0.0472718 0.0662166 0.0604776 0.0670619 0.0411009 0.0288464 0.043136 0.0450886 0.0492131 0.0547752 0.0383474 
0.0363465 0.0346217 0.0659997 0.0525753 0.0588183 0.0360095 0.0796196 0.0501384 0.0468064 0.0475887 0.0723191 0.0624936 0.0718656 0.0413554 0.0252577 0.0418265 0.0416691 0.0497784 0.0506284 0.0342828 
0.0346991 0.0329114 0.0683325 0.0476965 0.0634246 0.0336284 0.0858224 0.0506199 0.0457836 0.0478185 0.0778852 0.0640421 0.0759783 0.0414574 0.0224054 0.0405415 0.0389232 0.0502021 0.0468139 0.031015 
0.0501643 0.0515866 0.0349676 0.0924295 0.0177887 0.0670718 0.0302361 0.0421951 0.0516339 0.0417666 0.0282571 0.039027 0.0328127 0.0344816 0.0588264 0.0462605 0.081597 0.0443366 0.0781561 0.0764055 
0.0492806 0.0499961 0.0374676 0.0920054 0.0198622 0.0640003 0.0336188 0.0430545 0.0518735 0.0424718 0.0315175 0.0411524 0.0356368 0.0350244 0.0549304 0.0460052 0.0774489 0.0450307 0.0782094 0.071414 
0.0481069 0.048205 0.0404671 0.0903163 0.0225554 0.0604889 0.0379398 0.0440538 0.0519571 0.0432579 0.0356037 0.0436595 0.0391625 0.0356791 0.0507027 0.045692 0.0728341 0.0458057 0.0774221 0.0660908 
0.0466228 0.046202 0.0439304 0.0872965 0.0259169 0.0565981 0.0432965 0.0451658 0.0518326 0.0440844 0.0405814 0.0465076 0.0434163 0.0364217 0.0461916 0.045275 0.0678349 0.0466538 0.0756975 0.0604749 
0.0448456 0.0440104 0.0477484 0.0829899 0.029919 0.0524546 0.0496741 0.0463402 0.0514571 0.0448984 0.0464227 0.0495976 0.0483311 0.0372099 0.0415182 0.0447189 0.0626102 0.0475487 0.0730049 0.0547003 
0.0428399 0.0416963 0.0517362 0.0775941 0.0344334 0.0482452 0.0569061 0.0475092 0.0508132 0.0456438 0.0529758 0.0527745 0.0537288 0.037988 0.0368678 0.0440071 0.057387 0.0484473 0.0694262 0.0489804 
0.0407124 0.0393617 0.0556585 0.0714585 0.0392381 0.0441868 0.0646758 0.048599 0.049922 0.0462741 0.0599701 0.0558525 0.0593345 0.0386955 0.0324582 0.0431478 0.0524224 0.049297 0.06517 0.0435657 
0.0385908 0.0371223 0.0592779 0.0650283 0.0440588 0.0404825 0.0725703 0.0495471 0.0488426 0.0467655 0.0670649 0.0586548 0.064828 0.0392807 0.0284896 0.0421723 0.0479477 0.0500489 0.0605418 0.0386857 
0.0365957 0.0350801 0.0624068 0.0587512 0.0486325 0.0372778 0.0801693 0.0503155 0.047658 0.0471237 0.0739248 0.0610532 0.069913 0.0397123 0.0250997 0.041127 0.0441181 0.0506676 0.0558763 0.0344979 
0.0348166 0.0333026 0.0649403 0.0529879 0.0527613 0.0346401 0.087131 0.0508957 0.0464537 0.0473791 0.0802875 0.0629884 0.0743725 0.0399826 0.0223414 0.0400619 0.0409908 0.0511381 0.0514663 0.0310635 
0.0494691 0.0497219 0.035506 0.0989618 0.0174993 0.0651419 0.0330386 0.0429698 0.0530916 0.041944 0.0308924 0.0391846 0.0345542 0.0330395 0.0507492 0.0435867 0.081333 0.0456635 0.0833802 0.0702735 
0.0483782 0.0481144 0.0380895 0.0977592 0.0194416 0.061851 0.0370712 0.0438962 0.0531788 0.0426743 0.03481 0.0414557 0.0376888 0.0336445 0.0472534 0.0434004 0.0767256 0.0464252 0.0829471 0.0651954 
0.0469846 0.0463021 0.0411304 0.0951332 0.0219214 0.0581655 0.0421454 0.0449512 0.0530626 0.0434657 0.0396569 0.0441098 0.0415394 0.0343596 0.0434988 0.0431593 0.0717016 0.0472648 0.081543 0.0599051 
0.0452888 0.0442899 0.0445643 0.0910747 0.0249513 0.0541749 0.0483114 0.0460964 0.0526921 0.0442715 0.0454613 0.0470858 0.046091 0.0351543 0.0395542 0.0428253 0.0663875 0.048163 0.0791003 0.0544626 
0.0433351 0.0421204 0.0482551 0.0857161 0.0284702 0.050032 0.055479 0.0472722 0.0520363 0.0450368 0.0521324 0.0502624 0.0512245 0.0359811 0.0355493 0.0423713 0.0609828 0.0490817 0.0756472 0.0490144 
0.0412133 0.0398762 0.052004 0.0793576 0.0323343 0.0459356 0.0633941 0.0484073 0.0511006 0.0457101 0.0594429 0.0534696 0.0567129 0.036781 0.0316575 0.0417877 0.0557376 0.0499691 0.0713429 0.0437662 
0.0390451 0.0376651 0.0555839 0.0724386 0.0363357 0.0420938 0.0716656 0.0494327 0.0499332 0.0462563 0.0670566 0.0565197 0.062254 0.0374948 0.0280599 0.0410852 0.0509022 0.0507715 0.0664717 0.0389349 
0.0369584 0.0355959 0.0587888 0.0654538 0.0402485 0.0386797 0.0798438 0.0502972 0.0486162 0.0466665 0.0745974 0.059249 0.0675324 0.0380763 0.0249032 0.040292 0.0466725 0.0514459 0.0613874 0.0346955 
0.0350593 0.0337535 0.0614758 0.0588499 0.0438793 0.0357983 0.0875169 0.0509775 0.0472455 0.0469601 0.0817317 0.0615513 0.0722849 0.038501 0.0222696 0.0394462 0.0431514 0.0519682 0.0564364 0.0311447 
0.0334158 0.0321855 0.0635836 0.0529487 0.0471024 0.0334782 0.0943841 0.0514777 0.0459073 0.0471748 0.0882245 0.0633885 0.0763415 0.0387674 0.0201713 0.0385869 0.0403451 0.0523361 0.0518915 0.0282935 
