20 hexa 10 10 gaussian
#SNAPSHOT FILE
#iterations: 20000 (40000 total)
0.0502219 0.0769185 0.0306696 0.0312342 0.0164396 0.0744291 0.0168221 0.0342828 0.0343005 0.0393476 0.017147 0.0356984 0.0220656 0.0520668 0.174875 0.0754101 0.0708946 0.0329049 0.0306529 0.0836197 
0.0506797 0.0736194 0.0329261 0.0295818 0.0203487 0.0713863 0.0177684 0.0359857 0.037267 0.0409437 0.0176272 0.0378638 0.0231771 0.0510412 0.157795 0.0747873 0.0669403 0.0333238 0.0307388 0.0961987 
0.0507889 0.0692137 0.0362182 0.0276934 0.0274305 0.0674475 0.0193232 0.038042 0.0408215 0.0429133 0.0183974 0.0406423 0.0249291 0.0498919 0.137072 0.073433 0.0619468 0.0338828 0.0307823 0.10913 
0.0503621 0.0637641 0.0406963 0.0257399 0.0393543 0.0625976 0.0217556 0.0402506 0.0445814 0.0451236 0.0195892 0.0438467 0.0276032 0.0487745 0.114002 0.0710418 0.056064 0.0345602 0.0306805 0.119613 
0.0492798 0.0575695 0.0462287 0.0239921 0.0575678 0.0570258 0.025282 0.042292 0.0479447 0.047312 0.0213333 0.047058 0.0314 0.0478448 0.0906799 0.0674053 0.0496891 0.0353191 0.03035 0.124427 
0.0475785 0.0511545 0.0522908 0.0227138 0.08228 0.0511615 0.0299065 0.0438217 0.0502791 0.049156 0.0236799 0.0497122 0.0362715 0.0471817 0.0695047 0.0625801 0.0434188 0.0361142 0.0297688 0.121426 
0.0454805 0.0451316 0.0580812 0.0220265 0.111682 0.045575 0.0353118 0.0446225 0.0512214 0.050415 0.0265238 0.0513368 0.041834 0.0467448 0.0523347 0.0569756 0.0378679 0.0368965 0.0290015 0.110937 
0.0433093 0.0399891 0.0628649 0.0218522 0.142308 0.0407689 0.0409367 0.0447108 0.0508592 0.0510398 0.0296116 0.0517916 0.0474897 0.046412 0.0398487 0.0512382 0.0334445 0.0376209 0.028171 0.0957332 
0.0413407 0.0359456 0.0662948 0.0219823 0.170479 0.0370013 0.0462156 0.0443036 0.0496334 0.0511624 0.0326513 0.0513109 0.0526913 0.0460696 0.0315692 0.0459891 0.0302421 0.0382563 0.0273969 0.0794653 
0.0397104 0.03296 0.0684694 0.0222049 0.193671 0.0342617 0.0507933 0.0436812 0.0480679 0.0509873 0.0354355 0.050334 0.0571381 0.0456737 0.026424 0.0416125 0.0281035 0.0387929 0.0267478 0.0649315 
0.0510523 0.0727076 0.0327972 0.0361317 0.0176389 0.0738688 0.0181531 0.0361582 0.0360787 0.0399129 0.0183485 0.0372034 0.0244274 0.0507333 0.154843 0.0730827 0.075509 0.0341288 0.0342022 0.0830231 
0.0512569 0.0690888 0.0360123 0.0338994 0.0225067 0.0700711 0.0193363 0.0380441 0.0395302 0.0417777 0.0189131 0.040259 0.0260569 0.0500146 0.137087 0.0725082 0.0702239 0.0346726 0.0339245 0.0948172 
0.0509325 0.0644564 0.0405263 0.0313547 0.0309874 0.0653112 0.021263 0.0401802 0.043391 0.0439814 0.0198376 0.0440191 0.0285288 0.0493163 0.116538 0.0711327 0.0637664 0.0353531 0.0334355 0.105689 
0.049924 0.058978 0.0463361 0.0287567 0.0445496 0.0597198 0.0242061 0.0423 0.0471199 0.0463048 0.0212892 0.0481164 0.0320953 0.0487509 0.0948209 0.0686461 0.0565158 0.0361287 0.0326564 0.112785 
0.0482236 0.0530493 0.0530147 0.0264541 0.0640155 0.0536741 0.028312 0.0440624 0.0500396 0.0484167 0.0234031 0.0519178 0.0368232 0.0483688 0.0741158 0.0649033 0.0491283 0.0369456 0.0315859 0.113546 
0.0460261 0.0472144 0.0597269 0.0247319 0.088692 0.0477376 0.0334477 0.0451848 0.0516198 0.0500004 0.0261835 0.0547348 0.0424573 0.0481168 0.0564578 0.0600807 0.0423586 0.0377503 0.030324 0.107155 
0.0436697 0.041988 0.0655415 0.023675 0.116163 0.0424673 0.0391741 0.0455789 0.051748 0.0509042 0.0294505 0.056149 0.0484517 0.0478687 0.0429791 0.0546809 0.0367877 0.0384988 0.0290383 0.0951857 
0.0414825 0.037685 0.0698486 0.023158 0.143156 0.0382119 0.0449123 0.045381 0.0507511 0.0511934 0.0329014 0.0562016 0.0541938 0.0475108 0.0336526 0.049341 0.0326388 0.0391627 0.0278877 0.0807307 
0.0396542 0.0343724 0.072559 0.0229583 0.16685 0.0350397 0.0501831 0.0448508 0.0491649 0.0510686 0.0362465 0.0553038 0.0592478 0.047008 0.0276584 0.044581 0.0298014 0.0397308 0.0269617 0.0667601 
0.0382178 0.0319397 0.0739932 0.0228814 0.185648 0.0328108 0.0547456 0.0442371 0.0474706 0.0507437 0.0393153 0.0539883 0.0634424 0.0464061 0.0239653 0.0406731 0.0279906 0.0402076 0.026272 0.0550513 
0.0513703 0.0706511 0.0326213 0.0456074 0.0157458 0.0761651 0.0190538 0.03666 0.0352332 0.0388939 0.0194701 0.0362291 0.025968 0.0495101 0.146523 0.0700643 0.0849454 0.035261 0.0398153 0.0702123 
0.0516587 0.0677898 0.0356973 0.0430259 0.0189864 0.0725414 0.0199452 0.0383384 0.0385286 0.0406037 0.0198722 0.0394255 0.0275193 0.0492465 0.132045 0.0701499 0.0795353 0.0358032 0.0391427 0.0801452 
0.0514417 0.0640239 0.0401382 0.0398231 0.0247739 0.0679164 0.0214466 0.0403265 0.0423878 0.042726 0.0205672 0.0435866 0.0298353 0.0490485 0.114711 0.0697223 0.0726491 0.0365039 0.0381318 0.0902408 
0.050527 0.0594045 0.0460793 0.0362035 0.0343745 0.0623614 0.0238564 0.0424236 0.0463538 0.0451014 0.0217492 0.0484557 0.0331976 0.0489877 0.0956087 0.068431 0.0646083 0.0373175 0.036699 0.0982604 
0.0488515 0.0541856 0.0532397 0.0325711 0.048829 0.0561932 0.0274287 0.0443252 0.0497532 0.0474227 0.0236307 0.0534154 0.037765 0.0490697 0.0764973 0.0659725 0.0560899 0.0381754 0.0348691 0.101715 
0.0465666 0.0488023 0.0608279 0.0293895 0.0682141 0.0499557 0.0322086 0.0457206 0.0519347 0.0493261 0.0263365 0.0576212 0.0434117 0.0492002 0.0593356 0.0622792 0.047982 0.0390082 0.0328041 0.0990754 
0.0440133 0.0437409 0.0677698 0.0269737 0.0911553 0.0442504 0.0379229 0.0464348 0.0525869 0.0505568 0.0297953 0.0603562 0.0496817 0.049218 0.0455482 0.0576325 0.0410725 0.0397649 0.030756 0.0907702 
0.0415715 0.0393708 0.0731758 0.0253674 0.115151 0.0395122 0.044049 0.0465078 0.051882 0.0510835 0.0337348 0.06137 0.0559459 0.0489878 0.0355512 0.0525813 0.0357699 0.0404224 0.0289593 0.0790071 
0.0394984 0.0358521 0.0766953 0.0243952 0.137555 0.0358924 0.0500323 0.0461466 0.0503221 0.0510693 0.0377988 0.0609318 0.061657 0.0484745 0.0288686 0.0477113 0.0320543 0.0409799 0.0275445 0.0665204 
0.0378716 0.0331602 0.07852 0.0238141 0.156468 0.0332998 0.0554825 0.0456008 0.0484539 0.0507489 0.0416952 0.0596048 0.0665058 0.0477459 0.0246259 0.0434427 0.0296368 0.0414474 0.0265247 0.0553518 
0.051918 0.065437 0.035156 0.0557729 0.016483 0.0745632 0.0211259 0.03888 0.0379047 0.0394504 0.0212606 0.0380963 0.029131 0.047439 0.121895 0.0663226 0.0888962 0.0372383 0.0470508 0.0659796 
0.0518049 0.0625138 0.0393665 0.0519232 0.0202833 0.0701721 0.0222899 0.0406653 0.0416877 0.0414137 0.0217782 0.0424224 0.0313019 0.0477353 0.108133 0.0666804 0.0818904 0.0379841 0.0454488 0.0745057 
0.0510125 0.0588144 0.0452074 0.0471738 0.0267643 0.0647763 0.0242412 0.0426492 0.0457783 0.0437404 0.0227281 0.047813 0.0344554 0.0482346 0.0923992 0.0665007 0.0733635 0.0388701 0.043201 0.0822773 
0.049414 0.0544546 0.0525848 0.0419254 0.0369168 0.0586107 0.0273104 0.044587 0.0495461 0.0461789 0.0243909 0.0537617 0.0388241 0.0489037 0.0759019 0.0653903 0.0639327 0.0398117 0.040343 0.0872115 
0.0470927 0.0497328 0.0608398 0.0368084 0.0512173 0.0521716 0.0317047 0.0461782 0.0522637 0.0483576 0.0270195 0.0593722 0.0444073 0.0495929 0.0602773 0.0630646 0.0545591 0.0407099 0.0371115 0.0875192 
0.0443643 0.0450612 0.0688445 0.0324347 0.0690916 0.0460881 0.0373394 0.0471899 0.0534355 0.0499351 0.0306864 0.0636676 0.0508629 0.0500761 0.0470192 0.0595399 0.0462408 0.0414881 0.0338911 0.082744 
0.0416508 0.0408214 0.0754554 0.0291333 0.0888745 0.0408854 0.0438037 0.0475675 0.053051 0.0507655 0.0351972 0.0660424 0.0575874 0.0501601 0.0368994 0.055183 0.0396326 0.0421185 0.0310567 0.0741144 
0.0392876 0.037244 0.0800073 0.0268759 0.108414 0.0368114 0.0505184 0.0474427 0.0515386 0.0509375 0.0401577 0.066504 0.063953 0.0497845 0.0298283 0.0505539 0.0348763 0.0426161 0.0288282 0.0638211 
0.0374173 0.0343869 0.0824782 0.0254128 0.125856 0.0338364 0.0569625 0.0470381 0.0494887 0.050678 0.045144 0.0655429 0.0695182 0.0490307 0.025177 0.0461744 0.0317208 0.0430139 0.0272372 0.0538868 
0.0360139 0.0321902 0.0833066 0.0244605 0.140084 0.0317683 0.0628089 0.0465577 0.0473967 0.0502213 0.0498458 0.0638199 0.0740802 0.04806 0.0222044 0.0423825 0.0297608 0.0433408 0.0261904 0.0455073 
0.0519731 0.0623635 0.034331 0.0722333 0.0146766 0.0757643 0.0227633 0.0395576 0.0376789 0.0384086 0.0229784 0.0363339 0.0306555 0.0446659 0.107646 0.0612895 0.0968383 0.03884 0.0578304 0.0531723 
0.0519394 0.0601847 0.0381328 0.0679225 0.0170917 0.0717391 0.0236794 0.0411121 0.041329 0.0401443 0.0233852 0.040536 0.0326596 0.0453499 0.0973743 0.0621814 0.0901293 0.0396551 0.05571 0.0597442 
0.0512885 0.0573723 0.0435889 0.0621376 0.021287 0.0666867 0.0252577 0.0429128 0.0454501 0.0423146 0.0241546 0.0460797 0.0355652 0.0463443 0.0853134 0.0628875 0.08163 0.0406524 0.052639 0.0664382 
0.0498347 0.0539232 0.0508078 0.0551777 0.0280705 0.060736 0.027876 0.0447889 0.0494842 0.0447482 0.0256179 0.0526557 0.0396622 0.0476049 0.0721128 0.0630098 0.0717988 0.0417379 0.0486158 0.0717372 
0.0475687 0.0499888 0.0593513 0.0477589 0.0380414 0.0542859 0.0318824 0.0464829 0.0526727 0.0471113 0.0281539 0.0594538 0.0450718 0.0489426 0.0589111 0.0621172 0.0615399 0.0427755 0.0439201 0.07397 
0.0447396 0.0458695 0.0681615 0.0408102 0.0511278 0.0479493 0.0373935 0.0477391 0.0543556 0.049013 0.0320118 0.065343 0.051585 0.050053 0.0470213 0.0599621 0.0519861 0.043639 0.0390919 0.0721481 
0.0417795 0.0419191 0.0759134 0.0350801 0.0663593 0.0423346 0.0441559 0.0484231 0.0543142 0.0501904 0.037132 0.0693552 0.0586587 0.0506467 0.0374055 0.0566543 0.0440668 0.044267 0.0347295 0.0666149 
0.0391028 0.0384146 0.081607 0.0308503 0.0821573 0.037811 0.0516137 0.0485791 0.0528603 0.0506253 0.0431281 0.0711279 0.0656144 0.050593 0.0303366 0.05263 0.0381753 0.0446797 0.0312371 0.0588569 
0.0369395 0.0354892 0.0849296 0.0279652 0.0969411 0.0344386 0.0591365 0.0483795 0.0506062 0.0505005 0.0494503 0.0709559 0.0718877 0.0499595 0.0254922 0.0484432 0.034177 0.0449442 0.0287211 0.050643 
0.0353151 0.0331509 0.086188 0.0260695 0.1096 0.0320617 0.0662242 0.0480208 0.0481495 0.0500673 0.0555921 0.0694994 0.0771505 0.0489421 0.0222995 0.0445536 0.0316576 0.0451275 0.0270644 0.0432671 
0.0518129 0.0574773 0.0365054 0.087102 0.0148309 0.0723146 0.025394 0.0415494 0.0412565 0.0390418 0.0252063 0.0381284 0.0336608 0.042161 0.084051 0.056768 0.0958807 0.0412864 0.0685116 0.0470614 
0.0512966 0.0554287 0.041305 0.0806807 0.0174621 0.0677933 0.0266864 0.0431261 0.0453247 0.040964 0.0258586 0.0434071 0.0362589 0.0434676 0.0754203 0.0580196 0.0879836 0.0424174 0.0648434 0.0522563 
0.0500418 0.0528347 0.0479489 0.0723 0.0218157 0.0623174 0.0289134 0.0448602 0.0495298 0.0432592 0.0271473 0.0501008 0.0399854 0.0451752 0.0656599 0.0590719 0.078465 0.043701 0.0597973 0.0570753 
0.0479423 0.0497123 0.0562793 0.0625901 0.0284518 0.0561368 0.0325321 0.0465612 0.0531336 0.0456744 0.029555 0.0576281 0.0450747 0.0471016 0.0553738 0.0594562 0.0680142 0.0449729 0.0535999 0.0602101 
0.0451357 0.0462269 0.0654524 0.0526887 0.0375581 0.0497718 0.0378633 0.0479882 0.0553431 0.047824 0.033524 0.0648785 0.051473 0.0488925 0.0454972 0.058724 0.0577264 0.0460385 0.0468875 0.0605064 
0.0420112 0.0426632 0.0740958 0.0438354 0.0486581 0.0438676 0.044857 0.048952 0.0557046 0.0493518 0.0391945 0.0705986 0.0587371 0.0501438 0.036962 0.0566963 0.0487363 0.0467614 0.0405259 0.0576474 
0.0390393 0.0393173 0.0809009 0.0368341 0.0606756 0.0389283 0.0530323 0.0494074 0.0543538 0.0501101 0.0462563 0.0739858 0.0661654 0.0506003 0.030299 0.0535885 0.0417521 0.0471282 0.0352354 0.0523898 
0.0365535 0.036391 0.0851962 0.0318234 0.0723607 0.0351474 0.0616715 0.0494573 0.0518889 0.0501988 0.0540602 0.075 0.0730764 0.0502633 0.0255056 0.0498962 0.0368659 0.0472318 0.0313228 0.0460898 
0.0346593 0.0339627 0.0870722 0.0284654 0.0827336 0.0324398 0.0700933 0.049272 0.0490157 0.0498566 0.0618838 0.0741929 0.0790107 0.0493376 0.0222314 0.0461547 0.0337309 0.0471978 0.0287036 0.0399861 
0.0332898 0.0320215 0.0871098 0.0262799 0.0912761 0.0305843 0.0778131 0.0490034 0.0462737 0.049326 0.0691489 0.0723241 0.0837598 0.0481002 0.0200445 0.0427616 0.0318575 0.047122 0.027096 0.0348082 
0.0514726 0.0548745 0.0346894 0.107729 0.0132135 0.0718078 0.027158 0.0418767 0.0413442 0.0382057 0.0270078 0.0355509 0.034169 0.0386722 0.0703528 0.051212 0.0982236 0.0426426 0.0826734 0.0371243 
0.0510554 0.0534122 0.0386537 0.101311 0.0148389 0.0679298 0.0282424 0.0432196 0.0452784 0.0398296 0.0276076 0.0402072 0.0364054 0.0400519 0.0644741 0.0526422 0.091334 0.0438918 0.0788307 0.0407844 
0.0500147 0.0515314 0.044375 0.0922235 0.0175642 0.0631426 0.030137 0.0447587 0.0495548 0.0418759 0.0287539 0.0464807 0.0396637 0.0419479 0.0577399 0.054202 0.0827871 0.0453859 0.0732156 0.0446457 
0.0481711 0.0491507 0.0519716 0.0808072 0.0218396 0.0575303 0.0333624 0.046379 0.0535101 0.044195 0.030987 0.05411 0.0442705 0.0442414 0.0503304 0.0554962 0.0729604 0.0469619 0.0658827 0.0478427 
0.0455296 0.0463009 0.0609369 0.0681396 0.0279504 0.051441 0.0384241 0.0478891 0.0562786 0.0464657 0.0349265 0.0622123 0.0503412 0.0465987 0.0427418 0.056002 0.0627047 0.0483657 0.0573978 0.0493538 
0.042373 0.0431621 0.070044 0.0558256 0.0357406 0.0454623 0.0455182 0.049081 0.0571632 0.0482926 0.0409654 0.0694393 0.057587 0.0485376 0.035679 0.0552961 0.0531684 0.0493503 0.0488093 0.0485053 
0.0391755 0.040012 0.0777842 0.0453401 0.0445267 0.0401996 0.0543114 0.049831 0.0560424 0.0494019 0.048964 0.0745674 0.0653302 0.0496455 0.0297572 0.0533072 0.0453337 0.0498044 0.041241 0.0454247 
0.0363701 0.0371098 0.08309 0.0374073 0.0533544 0.0360165 0.0640335 0.050157 0.053427 0.0497728 0.0582351 0.0770872 0.072776 0.0497857 0.0252371 0.0503651 0.0396148 0.0498011 0.0353891 0.0409707 
0.0341714 0.03461 0.0857351 0.0319251 0.0613951 0.0329523 0.0738096 0.0501826 0.0501206 0.049594 0.0678378 0.0772955 0.0793145 0.0491167 0.0220141 0.047006 0.0358456 0.0495236 0.0313489 0.0362019 
0.0325728 0.0325591 0.0861854 0.0283437 0.0681792 0.0308307 0.0829405 0.0500535 0.0468275 0.0491207 0.0769191 0.0759344 0.0846336 0.0479494 0.0198011 0.0437263 0.0335615 0.0491527 0.0288112 0.031898 
0.0506581 0.0516708 0.036025 0.121907 0.0130459 0.0671728 0.0296722 0.0431738 0.0451791 0.0389961 0.0291862 0.0369974 0.0360527 0.0366601 0.05423 0.0475377 0.0914682 0.0448978 0.0931127 0.0323567 
0.0498043 0.0503248 0.0406434 0.113027 0.0147436 0.0631605 0.0312858 0.0444957 0.0494125 0.040736 0.0302256 0.0424392 0.0387818 0.0384725 0.0497723 0.0491957 0.0842426 0.0465513 0.0875395 0.0351467 
0.0482522 0.0485544 0.0471088 0.100963 0.0174594 0.0583253 0.0341104 0.0459671 0.0536197 0.042835 0.0322461 0.0495402 0.0427685 0.0408228 0.0447509 0.050932 0.0756685 0.0484253 0.0797711 0.0378797 
0.0458916 0.0462827 0.0552876 0.0864163 0.0214807 0.0528111 0.0387858 0.0474662 0.056949 0.0450763 0.0359871 0.0577961 0.0482867 0.0434745 0.0393079 0.0522876 0.0662318 0.0502517 0.0701089 0.0398207 
0.0428559 0.0435677 0.0642935 0.0709898 0.0268407 0.0470424 0.0457721 0.0488097 0.0585051 0.0470957 0.0421078 0.0660312 0.0552558 0.045961 0.0338357 0.0527235 0.056858 0.0516783 0.0595383 0.0402382 
0.0395494 0.0406244 0.0726314 0.0567215 0.0331541 0.0416281 0.0549768 0.049824 0.0578383 0.0485339 0.0507453 0.0727725 0.0631064 0.0477472 0.0288569 0.0518966 0.0486223 0.0524353 0.0494988 0.0388371 
0.0364664 0.0377424 0.078889 0.0451677 0.0397152 0.0370905 0.0656572 0.0504367 0.0552473 0.049231 0.0612852 0.076986 0.0709667 0.0485052 0.024774 0.0498781 0.0422596 0.052489 0.041229 0.0359839 
0.0339474 0.0351572 0.0824249 0.0368148 0.0458214 0.0336482 0.076743 0.050702 0.0515734 0.0492826 0.0726011 0.078534 0.078046 0.0482641 0.0217044 0.0471013 0.0378948 0.0520349 0.0352431 0.0324616 
0.0320808 0.0329862 0.0834757 0.031253 0.0510405 0.0312234 0.0872758 0.0507415 0.0477084 0.0489273 0.0835331 0.0780079 0.0838902 0.047317 0.0195268 0.0441066 0.0351868 0.0513493 0.0313541 0.0290159 
0.0307746 0.0312461 0.0827793 0.0277271 0.055264 0.0295922 0.0966282 0.0506721 0.0442612 0.0484032 0.0932233 0.0762501 0.0883771 0.046025 0.0180271 0.0413212 0.0336418 0.050651 0.0290427 0.0260929 
0.0502211 0.0503692 0.0337331 0.140533 0.0118115 0.0658096 0.03083 0.0430141 0.0449552 0.0384642 0.0304612 0.034191 0.0353731 0.0337347 0.0458145 0.0432389 0.0890848 0.0454147 0.106288 0.0266583 
0.0495055 0.0493938 0.0372617 0.132642 0.0128843 0.0625204 0.0322041 0.044126 0.0490209 0.0398992 0.0314271 0.0386124 0.037571 0.0352756 0.0428548 0.0447138 0.0831523 0.0471275 0.101294 0.0285125 
0.0482251 0.0480866 0.0424257 0.12108 0.0146196 0.0585159 0.0346288 0.0454101 0.0533335 0.0417113 0.03322 0.0447363 0.0408698 0.0374058 0.0395414 0.0464804 0.0760646 0.0492039 0.0938556 0.030586 
0.0462015 0.0463062 0.0493894 0.106 0.017261 0.0537704 0.0388044 0.0468141 0.0571432 0.0437915 0.0366149 0.0524532 0.0456538 0.0400205 0.0358099 0.0482243 0.0679683 0.0514243 0.0839191 0.0324307 
0.0434202 0.0439974 0.057705 0.0885637 0.0209347 0.0484906 0.0454217 0.0482125 0.0594645 0.0458634 0.0424875 0.0609817 0.0520683 0.0427681 0.0317826 0.049445 0.0594224 0.0533931 0.0721264 0.0334515 
0.0401493 0.0412741 0.0661481 0.0709347 0.0254743 0.0431631 0.0547132 0.0494283 0.0595185 0.0475533 0.0513269 0.0689056 0.0597565 0.0450985 0.0277881 0.0496402 0.0513512 0.0546764 0.0599228 0.0331769 
0.0368729 0.0384106 0.0731529 0.0554604 0.0303905 0.0383845 0.0661032 0.0503167 0.0572515 0.0485813 0.0627524 0.0747822 0.067866 0.046513 0.0242301 0.0486016 0.0446658 0.0550422 0.0490372 0.0315851 
0.0340432 0.0357134 0.0776387 0.0435633 0.0350884 0.0345677 0.0783838 0.0508429 0.0534019 0.0489144 0.075554 0.0779081 0.0754305 0.0468387 0.0213769 0.0465536 0.0398181 0.0545956 0.0406307 0.0291364 
0.0318758 0.0333886 0.0794758 0.0353491 0.0391483 0.0317967 0.0902885 0.05108 0.0490225 0.0487346 0.0882546 0.0785305 0.0817916 0.0462666 0.0192691 0.043993 0.0366972 0.0536709 0.0349031 0.0264637 
0.0303463 0.0315075 0.0792717 0.0300827 0.0424379 0.0299119 0.100932 0.0511398 0.0449535 0.0482896 0.0996697 0.0774446 0.086726 0.0451667 0.0177898 0.0414147 0.0348782 0.0526148 0.0313744 0.024049 
0.0492078 0.0487706 0.0345198 0.149553 0.011651 0.0614978 0.0328561 0.0437137 0.0483994 0.0393439 0.0323144 0.03541 0.0362845 0.0326759 0.0374906 0.0411013 0.0804348 0.0472074 0.113371 0.0241972 
0.0481486 0.047797 0.0384403 0.139352 0.0127844 0.0582395 0.0348993 0.0448049 0.0526422 0.040863 0.0338928 0.0403773 0.0389153 0.0344287 0.0352608 0.042642 0.0746935 0.0493391 0.106834 0.0256455 
0.0464568 0.0464153 0.0440164 0.125057 0.0145438 0.0543021 0.0385024 0.0460579 0.0567581 0.0427022 0.0368582 0.0470702 0.0428829 0.0367411 0.0327251 0.0443909 0.0680627 0.0518117 0.0974952 0.0271504 
0.0440115 0.0444893 0.0511902 0.107144 0.0170838 0.0496977 0.0445007 0.0474152 0.0598054 0.0446927 0.0421968 0.055165 0.0485156 0.0394216 0.0298377 0.0459839 0.0607471 0.0542756 0.0855182 0.0283084 
0.0409197 0.0420172 0.0591808 0.0873409 0.0203847 0.0447079 0.0534696 0.0487412 0.0607788 0.0465159 0.0507405 0.0635948 0.0557337 0.0420256 0.0267319 0.046914 0.0533529 0.0562067 0.0719802 0.0286634 
0.0375725 0.0392026 0.0665533 0.0683338 0.0241474 0.0398703 0.065168 0.0498608 0.0591977 0.0478305 0.0625048 0.070811 0.0638516 0.0439897 0.023712 0.0467734 0.0467403 0.0571462 0.0587652 0.0279696 
0.0344782 0.0363851 0.0719149 0.0525524 0.0278871 0.0357347 0.0784088 0.0506537 0.0555029 0.0484693 0.0763906 0.0755783 0.0718083 0.0449349 0.0211019 0.0455241 0.0415977 0.0569858 0.047704 0.0263875 
0.0319911 0.0338679 0.0746766 0.041044 0.0311857 0.0325866 0.0916243 0.0511166 0.0507863 0.0485151 0.0906642 0.0776135 0.0787015 0.0448667 0.0190739 0.0435163 0.0381064 0.0560123 0.0396745 0.0243767 
0.0301938 0.031804 0.0751702 0.0334477 0.033864 0.0303927 0.103575 0.0513336 0.0461337 0.0481947 0.103756 0.0774853 0.0841237 0.0440891 0.0176151 0.0412489 0.0359995 0.054677 0.0344924 0.0224026 
0.0289769 0.0302077 0.0742018 0.0287516 0.0359707 0.0289439 0.113623 0.051408 0.0422062 0.0477309 0.114701 0.0760729 0.0881092 0.0429786 0.0166111 0.0391261 0.034846 0.0533496 0.0314368 0.0207483 
