20 hexa 10 10 gaussian
#SNAPSHOT FILE
#iterations: 15000 (40000 total)
0.0511175 0.0722903 0.0329343 0.0345825 0.0204936 0.072453 0.0178745 0.0357696 0.0370535 0.040082 0.0184418 0.0375954 0.0230498 0.0507061 0.154074 0.0742096 0.0663533 0.0341521 0.0334684 0.0932993 
0.0512554 0.0691569 0.0355171 0.0331044 0.0257885 0.0695937 0.0191809 0.0372031 0.0394539 0.0412828 0.0192046 0.0396789 0.0245399 0.0502658 0.140557 0.0731958 0.0630956 0.0346025 0.0333113 0.100012 
0.0510493 0.0652982 0.0389716 0.0313883 0.0340034 0.0659911 0.021117 0.0388348 0.0421646 0.0427018 0.0202752 0.0422374 0.0266691 0.0498095 0.124773 0.0715192 0.0591679 0.0351421 0.0330329 0.105855 
0.0503985 0.06076 0.0433672 0.0295306 0.0460507 0.0616515 0.0238518 0.0405442 0.04494 0.0442697 0.0217499 0.0451604 0.0296089 0.0493959 0.107334 0.069052 0.0546414 0.0357602 0.0325718 0.109362 
0.0492476 0.0557226 0.0485836 0.0276835 0.0624573 0.0567213 0.0274784 0.0421568 0.0474403 0.0458595 0.0236962 0.048197 0.0334311 0.0490607 0.0892908 0.0657386 0.0497074 0.0364334 0.0318934 0.109201 
0.0476294 0.0505108 0.0542536 0.0260188 0.0828946 0.0515147 0.0319288 0.0434823 0.0493161 0.0473094 0.0261052 0.0509889 0.0380219 0.0488003 0.0720127 0.0616708 0.0446908 0.0371242 0.0310146 0.104713 
0.0456834 0.0455264 0.0598289 0.0246731 0.105973 0.0464535 0.0369378 0.0443797 0.0503372 0.0484762 0.0288637 0.0531829 0.0430666 0.0485754 0.0568348 0.0571196 0.0399827 0.0377881 0.0300089 0.0963089 
0.0436213 0.0411204 0.0647691 0.0237034 0.129579 0.0419322 0.0421089 0.04481 0.0504826 0.0492888 0.0317809 0.054569 0.0481437 0.0483347 0.0446286 0.0524742 0.0359152 0.0383889 0.0289811 0.0853682 
0.0416511 0.0374849 0.0687334 0.023083 0.15161 0.0381917 0.0470526 0.0448399 0.0499269 0.0497628 0.0346596 0.0551488 0.0528791 0.0480437 0.0355834 0.0481121 0.0326594 0.0389124 0.0280247 0.0736407 
0.0399138 0.0346339 0.07165 0.022735 0.170579 0.0352831 0.0515026 0.0445973 0.0489401 0.0499705 0.037362 0.0550974 0.057052 0.0476969 0.029323 0.044288 0.0302122 0.0393693 0.0271938 0.0626003 
0.0513928 0.0686781 0.0350389 0.0402335 0.0220034 0.0716018 0.019427 0.0372136 0.0388234 0.0405382 0.0197863 0.0389519 0.02522 0.0497009 0.138002 0.0714463 0.0692293 0.0355498 0.0372742 0.0898884 
0.0512668 0.065369 0.0383339 0.0381631 0.0281033 0.0681792 0.0210552 0.0387488 0.0415296 0.0418804 0.0207263 0.0416537 0.0271453 0.0494686 0.124209 0.070327 0.0651381 0.0361202 0.0367248 0.0958583 
0.0507096 0.0613943 0.0426196 0.0357446 0.0372846 0.0639901 0.0234265 0.0404323 0.0444173 0.0434149 0.022058 0.0448759 0.0298348 0.0492787 0.108584 0.0685326 0.0603427 0.0367726 0.0359324 0.100354 
0.0496474 0.0568577 0.0478599 0.0331312 0.0502261 0.059128 0.0266946 0.0421139 0.0471645 0.0450401 0.023888 0.0484115 0.0334137 0.0491616 0.0919143 0.0659593 0.0550042 0.03748 0.0348601 0.102044 
0.0480834 0.0520017 0.0537682 0.0305455 0.0670315 0.0538537 0.030891 0.0436061 0.049394 0.0466022 0.0262667 0.0518965 0.0378522 0.0491072 0.0753636 0.062604 0.0494324 0.0382001 0.0335331 0.099967 
0.0461279 0.0471785 0.0598165 0.0282221 0.0869019 0.048568 0.0358529 0.0447381 0.0507968 0.0479384 0.0291388 0.0548975 0.0429117 0.0490644 0.060235 0.0586249 0.0440461 0.038883 0.0320496 0.094008 
0.0439826 0.0427488 0.0653918 0.0263312 0.108209 0.0436987 0.0412354 0.0454185 0.0512546 0.0489367 0.032338 0.0570663 0.0481937 0.0489653 0.0475667 0.0543322 0.0392508 0.0394868 0.0305539 0.08504 
0.0418722 0.0389637 0.0700173 0.0249314 0.129016 0.0395582 0.046623 0.0456643 0.0508751 0.0495729 0.0356422 0.0582692 0.0532801 0.0487603 0.0378165 0.0500927 0.0353068 0.0399943 0.0291816 0.0745627 
0.0399701 0.0359083 0.0734896 0.0239802 0.147712 0.0362685 0.0516672 0.0455763 0.0499166 0.0498984 0.0388558 0.0586022 0.0578701 0.0484385 0.030841 0.0462103 0.0322765 0.0404173 0.028015 0.064086 
0.0383625 0.0335298 0.0758657 0.0233808 0.163347 0.0337835 0.0561658 0.0452862 0.048669 0.0499994 0.0418613 0.0583074 0.0618314 0.048022 0.0261253 0.0428577 0.0300678 0.0407869 0.0270745 0.0546767 
0.0514159 0.0674434 0.0345202 0.0497058 0.019082 0.0733511 0.0200833 0.0373865 0.0384188 0.0398501 0.0206475 0.0380023 0.0261339 0.0485361 0.131946 0.0687457 0.0758814 0.0367007 0.0428932 0.0792569 
0.0513594 0.0646791 0.0376125 0.0473223 0.0234874 0.0701342 0.0214507 0.0387865 0.0410792 0.0411004 0.0214791 0.0407679 0.0278854 0.0485484 0.120315 0.068135 0.0716854 0.0373164 0.0420365 0.0848194 
0.0508954 0.0612996 0.0417157 0.0443382 0.0302588 0.0661362 0.023496 0.0403886 0.044018 0.0425717 0.022685 0.0441926 0.0303484 0.0486183 0.106851 0.0669889 0.0666769 0.0380229 0.0408448 0.089653 
0.0499324 0.0573422 0.046875 0.0408804 0.0400887 0.0614027 0.0264185 0.0420756 0.0469416 0.0441912 0.0244069 0.0481347 0.0336879 0.0487714 0.0920735 0.0651771 0.060983 0.0387897 0.0392737 0.0925542 
0.0484426 0.0529649 0.0529001 0.0372014 0.0533345 0.0561346 0.0303385 0.0436767 0.0494655 0.0458249 0.0267558 0.0522627 0.0379485 0.0489901 0.076883 0.0626235 0.0548851 0.0395674 0.0373518 0.0924486 
0.0465022 0.0484491 0.0593205 0.0336326 0.069674 0.0506959 0.0352044 0.0450085 0.0512205 0.0473036 0.0297472 0.0561007 0.0429753 0.0492076 0.0624383 0.0593753 0.0488131 0.0402954 0.0352051 0.0888308 
0.044294 0.0441342 0.0654887 0.0304873 0.0879899 0.0455282 0.0407521 0.0459372 0.0519933 0.0484818 0.0332601 0.0591765 0.0484156 0.0493326 0.0498319 0.055637 0.0432394 0.0409208 0.0330323 0.0820672 
0.0420524 0.0403075 0.0708063 0.0279616 0.106668 0.0410069 0.0465716 0.0464264 0.0518088 0.0492917 0.037065 0.0611973 0.05383 0.0492916 0.039735 0.0517242 0.038525 0.0414181 0.0310343 0.0732792 
0.0399816 0.0371195 0.0749226 0.0260953 0.124143 0.0373306 0.0522472 0.0465368 0.0508935 0.0497533 0.0409086 0.0621349 0.058846 0.0490596 0.0322492 0.0479569 0.0348193 0.041799 0.0293452 0.0638578 
0.0382023 0.0345767 0.0777865 0.0248082 0.139327 0.0345085 0.057477 0.0463848 0.0495574 0.0499423 0.0445959 0.0621802 0.0632498 0.0486615 0.0270335 0.0445649 0.0320733 0.0421022 0.0280069 0.0549615 
0.0513016 0.0632793 0.0367527 0.0590573 0.0199262 0.0717068 0.0222634 0.0389391 0.0408426 0.0403726 0.0225131 0.039558 0.0287883 0.0469726 0.113107 0.0649646 0.0783948 0.0386756 0.0491937 0.0733907 
0.0509252 0.0604922 0.0405817 0.0555777 0.0247595 0.0679595 0.024024 0.0404129 0.0437809 0.041756 0.0236097 0.0430561 0.0310368 0.0473047 0.101982 0.064399 0.07329 0.0394534 0.0475805 0.0780187 
0.050072 0.0571543 0.0455254 0.0512783 0.0319526 0.0634369 0.0266226 0.0420433 0.0468164 0.0433312 0.0252272 0.0472576 0.0341327 0.0477475 0.0894636 0.0633157 0.0673624 0.0403049 0.0454486 0.0815071 
0.0486827 0.0533435 0.0515 0.0464027 0.0419691 0.0582753 0.0302564 0.0436884 0.0495738 0.044992 0.0275367 0.0518996 0.0381859 0.0482788 0.0761665 0.0615914 0.0608472 0.0411737 0.0428181 0.0828183 
0.0467929 0.0492579 0.0581276 0.0413567 0.0548155 0.0527833 0.0349868 0.0451692 0.0516428 0.0465781 0.030635 0.0565137 0.0431283 0.0488179 0.063017 0.0591778 0.0541585 0.0419849 0.0398348 0.0812218 
0.044555 0.045188 0.0647736 0.0366121 0.0698305 0.0473933 0.0406544 0.0463236 0.0527222 0.0479216 0.0344711 0.0605389 0.0486724 0.0492451 0.0510426 0.0561617 0.0478165 0.0426666 0.0367588 0.0766524 
0.0422023 0.0414298 0.0707463 0.0325563 0.0857852 0.0425302 0.0468883 0.0470646 0.0527431 0.0489114 0.0388324 0.06352 0.0543812 0.049452 0.0410396 0.0527716 0.0422859 0.0431771 0.0338831 0.0697999 
0.0399668 0.0381874 0.0755431 0.0293802 0.101291 0.0384728 0.0532267 0.0474049 0.0518812 0.0495273 0.0434166 0.0652663 0.0598208 0.0493879 0.0333336 0.049305 0.0378282 0.043522 0.0314281 0.0618104 
0.0380073 0.0355303 0.0789789 0.0270703 0.115237 0.0353 0.0592663 0.0474328 0.0504531 0.0498245 0.0479399 0.0658697 0.0646919 0.049071 0.0277856 0.0460271 0.0344648 0.0437464 0.0294853 0.0538181 
0.0363875 0.0334188 0.081145 0.0254844 0.126993 0.0329321 0.0647498 0.0472648 0.048785 0.049891 0.0522091 0.065605 0.0688671 0.0485645 0.0239846 0.0431063 0.0320502 0.0439113 0.0280318 0.0466191 
0.0510929 0.0613246 0.0357445 0.0731543 0.0172167 0.0727361 0.0234028 0.0391739 0.0408087 0.0397094 0.0237633 0.0380608 0.0297295 0.0447816 0.103129 0.060997 0.0846493 0.0400958 0.0581517 0.0622781 
0.0507886 0.0590894 0.0392045 0.0693532 0.0205596 0.0693051 0.0249208 0.0404844 0.0436999 0.0409849 0.024769 0.0414837 0.0317651 0.0453378 0.094312 0.0609011 0.0796145 0.0409548 0.056167 0.0663047 
0.0500491 0.0563662 0.0437842 0.0643482 0.0256377 0.0650911 0.02722 0.0420043 0.0467882 0.0424792 0.0262823 0.0457546 0.0346033 0.0460453 0.0842002 0.060453 0.0736485 0.0419101 0.0534954 0.0698394 
0.0487867 0.053164 0.0495078 0.0583195 0.0329176 0.0601617 0.0305599 0.0436279 0.0497203 0.0441197 0.0285288 0.0507081 0.0384094 0.0468842 0.0731375 0.0595112 0.0669208 0.0429017 0.050128 0.0719856 
0.0469911 0.0495938 0.0561202 0.0516933 0.0425961 0.0547509 0.0351117 0.0451964 0.0520648 0.0457685 0.0316934 0.055937 0.0432034 0.0477673 0.0617708 0.0579587 0.0597921 0.0438404 0.0462058 0.0719447 
0.0447712 0.0458758 0.0630533 0.045079 0.0543673 0.0492527 0.0408399 0.0465362 0.053443 0.0472512 0.0358194 0.0608476 0.0487813 0.04855 0.0509573 0.0557706 0.0527918 0.0446289 0.042039 0.069345 
0.0423433 0.0422863 0.069568 0.0390933 0.0673813 0.0441183 0.0474485 0.0475186 0.053684 0.0484191 0.0407443 0.0648457 0.0547334 0.0490812 0.0415096 0.0530633 0.0464735 0.0451978 0.0380295 0.0644614 
0.0399593 0.0390641 0.0750202 0.0341596 0.0804947 0.0397049 0.0544572 0.0481043 0.0528917 0.0492058 0.0461378 0.0675542 0.0605792 0.049268 0.0339207 0.050072 0.0412287 0.0455351 0.0345271 0.0581158 
0.0378185 0.0363399 0.0790679 0.0304124 0.0926641 0.0361754 0.061366 0.0483428 0.0513735 0.0496342 0.0516232 0.0689178 0.0659307 0.0491073 0.0282573 0.0470652 0.0371854 0.0456865 0.0317186 0.0513139 
0.0360224 0.0341285 0.0816993 0.0277471 0.103215 0.0335044 0.0677947 0.0483344 0.0494957 0.0497823 0.0568941 0.0691459 0.0705764 0.0486668 0.0242624 0.0442574 0.0342448 0.0457293 0.0296153 0.044884 
0.0505073 0.0573033 0.037641 0.0850452 0.0174314 0.070045 0.026049 0.0405713 0.0437305 0.0402798 0.026056 0.0395806 0.0323995 0.0428548 0.0846905 0.0568 0.0849915 0.0423821 0.066282 0.055359 
0.0498733 0.0551434 0.0417232 0.0796225 0.020903 0.0662306 0.0280736 0.0419388 0.0468137 0.0416622 0.0274656 0.0437155 0.0349601 0.0437567 0.0768796 0.0568415 0.079219 0.0434464 0.063196 0.0585355 
0.0487549 0.0525388 0.0469922 0.0726887 0.0260062 0.0616662 0.0311106 0.0434814 0.0498629 0.0432345 0.0296163 0.0487275 0.0384715 0.0448444 0.068131 0.0565591 0.0725553 0.0445812 0.0591914 0.0609862 
0.0470968 0.0495212 0.0533335 0.064606 0.0330197 0.0564965 0.0354299 0.0450723 0.0524452 0.0448926 0.0327783 0.0543192 0.0430389 0.0460384 0.058816 0.0558034 0.0652696 0.0456877 0.0543651 0.0619701 
0.0449522 0.0462275 0.0602993 0.0560481 0.0418835 0.0510434 0.0411323 0.0465442 0.0541211 0.0464734 0.0371085 0.0599349 0.0485575 0.0471822 0.0495544 0.0544624 0.0578432 0.0466419 0.0490363 0.0609539 
0.0425017 0.0428867 0.0671675 0.0478492 0.0520753 0.0457497 0.0480342 0.0477405 0.0546125 0.0478045 0.042534 0.0648947 0.0546762 0.0480844 0.0410664 0.0525341 0.0508749 0.0473352 0.0437041 0.0578745 
0.0400014 0.0397482 0.0731838 0.0407336 0.0627195 0.0410352 0.0556755 0.0485713 0.0539275 0.0487717 0.0487324 0.0686381 0.0608903 0.0485964 0.033927 0.0501567 0.0448831 0.0477211 0.0388824 0.0532051 
0.0376891 0.0369956 0.0778369 0.0350918 0.0728948 0.0371579 0.0634735 0.0490386 0.0523406 0.0493551 0.0552434 0.0709199 0.066722 0.0486721 0.0283803 0.0475635 0.0401358 0.0478329 0.0349148 0.0477416 
0.0357114 0.0347039 0.0809793 0.0309438 0.0819289 0.0341685 0.0709129 0.0492161 0.050251 0.0496113 0.0616307 0.0718318 0.0718607 0.0483679 0.0243388 0.0449919 0.0366222 0.04776 0.0319005 0.0422687 
0.0341126 0.0328565 0.0827554 0.0280645 0.0895046 0.0319653 0.0776546 0.0492048 0.0480297 0.0496298 0.067588 0.0716809 0.0761885 0.047795 0.0215211 0.0426132 0.0341491 0.0476062 0.0297468 0.0373338 
0.0501356 0.0553951 0.0360034 0.101588 0.0151541 0.0701361 0.0272499 0.0406459 0.043811 0.0396619 0.0273399 0.037521 0.0328399 0.0401037 0.0742921 0.0525035 0.0888816 0.0435953 0.0772777 0.0458646 
0.049586 0.053711 0.0394999 0.0961432 0.0174683 0.0667774 0.0290262 0.0418348 0.0468285 0.0409123 0.0286506 0.0413367 0.0351058 0.0411011 0.068463 0.0528627 0.0835068 0.0447541 0.0739899 0.0484422 
0.0486124 0.0516449 0.0441487 0.0887437 0.0209411 0.0626858 0.0317522 0.0432474 0.0499326 0.0423749 0.0306727 0.0461473 0.0382758 0.0423353 0.0618441 0.0530616 0.0771891 0.0460304 0.0695761 0.0507844 
0.0471229 0.0491654 0.0499716 0.0795986 0.0258587 0.0579136 0.0357766 0.0447967 0.0527103 0.0439852 0.0337465 0.0517947 0.0425298 0.0437492 0.0545837 0.0529543 0.0700832 0.0473264 0.0640496 0.0522833 
0.0451109 0.0463265 0.0566821 0.0693236 0.0323079 0.0526827 0.0413372 0.0463386 0.0546843 0.0456092 0.0381492 0.0578321 0.047874 0.0451968 0.0470516 0.0523825 0.0625633 0.0484977 0.057672 0.0523781 
0.0427014 0.0432889 0.0636504 0.0588813 0.0400242 0.0473819 0.0483974 0.0477064 0.0554734 0.0470699 0.0439361 0.0635754 0.0540492 0.0464641 0.0397969 0.0512436 0.0552013 0.0493916 0.0509828 0.0507843 
0.0401334 0.040284 0.0700733 0.0493057 0.0483891 0.0424604 0.0565692 0.0487674 0.0549647 0.0482137 0.0508443 0.0683207 0.0605626 0.0473452 0.0333786 0.0495606 0.0486034 0.0499088 0.0446568 0.0476582 
0.0376725 0.0375319 0.0752797 0.041347 0.0566338 0.0382681 0.0652181 0.0494708 0.0533663 0.0489704 0.0583594 0.0716101 0.0668571 0.0477305 0.0281596 0.0474918 0.0431912 0.050048 0.0392538 0.0435398 
0.0355151 0.0351689 0.0789528 0.0352783 0.0641181 0.0349535 0.0736888 0.0498518 0.0510907 0.0493622 0.0659084 0.0733629 0.0725061 0.0476396 0.0242135 0.0452635 0.0390867 0.0498981 0.0350391 0.0391025 
0.033747 0.0332306 0.0811379 0.0309582 0.0704938 0.0324752 0.0814903 0.0499968 0.0485743 0.0494676 0.0730362 0.0738072 0.0773002 0.0471841 0.0213852 0.0430824 0.0361593 0.0495886 0.031984 0.0349017 
0.0492524 0.0522932 0.0373061 0.112686 0.0150436 0.066749 0.0299382 0.0416976 0.0467781 0.040255 0.0297205 0.0388663 0.0350093 0.0383594 0.0599996 0.0489232 0.0861951 0.0457215 0.0851103 0.0400959 
0.048407 0.0506747 0.0412414 0.105354 0.0173601 0.0631838 0.032352 0.0429464 0.0498667 0.0415812 0.0315911 0.0432602 0.0378039 0.0396219 0.0551403 0.0494104 0.0804326 0.0471101 0.0805913 0.0420716 
0.0470967 0.0486766 0.0463568 0.0957484 0.0207255 0.058925 0.0360222 0.0443972 0.0527832 0.0430935 0.0344939 0.0486589 0.0416646 0.0411284 0.049703 0.0497531 0.0738097 0.0485854 0.074704 0.0436743 
0.045261 0.0462826 0.0525387 0.0842973 0.0252951 0.0540829 0.0413076 0.0459423 0.0550427 0.0446985 0.038814 0.054775 0.0467064 0.0427659 0.0438484 0.0497903 0.0665567 0.0499982 0.0675867 0.0444101 
0.0429576 0.0435757 0.0593167 0.0719299 0.0309868 0.0489504 0.0483413 0.0474251 0.0561796 0.046237 0.0447606 0.0610132 0.0527936 0.0443278 0.0379255 0.0493598 0.0591408 0.0511581 0.0597224 0.0438984 
0.0403826 0.0407421 0.0659263 0.0598966 0.0374096 0.043955 0.0568672 0.048686 0.0559443 0.0475337 0.0521914 0.0666069 0.0594953 0.0455695 0.0323958 0.0483775 0.0521796 0.0519015 0.0518817 0.0420576 
0.0378099 0.0380139 0.0715811 0.0493506 0.0439603 0.0395141 0.0662549 0.0496221 0.0544342 0.048469 0.0605942 0.0709027 0.0662061 0.0463098 0.0276635 0.0468978 0.0462225 0.0521659 0.0448582 0.0391698 
0.0354832 0.0355817 0.0757781 0.0409574 0.0500542 0.0358842 0.0757222 0.0502188 0.0520403 0.0490193 0.0692722 0.0736013 0.072374 0.046504 0.0239289 0.0450961 0.0415536 0.0520144 0.0391692 0.0357469 
0.0335397 0.0335409 0.0784181 0.0347959 0.0553209 0.0331115 0.0846022 0.0505363 0.0492561 0.0492401 0.0775976 0.0747926 0.0776691 0.0462378 0.0211654 0.0431879 0.0381537 0.0515923 0.0349387 0.0323036 
0.0320066 0.0318963 0.0797067 0.0305431 0.0596528 0.0310888 0.0924818 0.0506662 0.0464985 0.0492208 0.0851562 0.0748103 0.0819973 0.0456604 0.019205 0.0413483 0.0358073 0.0510585 0.0319954 0.0291997 
0.0489409 0.0510556 0.0353049 0.128094 0.0133609 0.0662587 0.0307151 0.0415488 0.046645 0.0397006 0.0305936 0.0365298 0.0347023 0.0357864 0.0523321 0.0453443 0.087313 0.0463147 0.0957977 0.033662 
0.048197 0.0497846 0.0385187 0.121323 0.0148939 0.0632089 0.0328287 0.0426178 0.0496391 0.0408817 0.0323055 0.0403719 0.0371104 0.0369748 0.048796 0.0459524 0.082193 0.0477642 0.0914787 0.0351596 
0.0470549 0.0481877 0.0428308 0.111918 0.017167 0.0595129 0.0361034 0.0439267 0.0526184 0.0422627 0.0349757 0.0452811 0.0405212 0.0384455 0.0448148 0.0465453 0.076245 0.0493736 0.0856183 0.0365967 
0.0454169 0.0461986 0.0482783 0.100037 0.0203505 0.055179 0.0409871 0.0454101 0.0551223 0.0437919 0.0390664 0.0511404 0.0451413 0.0401317 0.0404083 0.0469912 0.0695547 0.0510095 0.0781998 0.0375855 
0.0432737 0.0438264 0.0545852 0.0863969 0.0244755 0.0503808 0.0477818 0.0469405 0.0566355 0.0453459 0.044941 0.0575181 0.0509744 0.0418645 0.0357474 0.0471159 0.0624325 0.0524645 0.0695508 0.0377494 
0.0407575 0.0411929 0.0611163 0.0722729 0.029334 0.0454702 0.0564173 0.0483537 0.0567755 0.0467514 0.0526325 0.0636931 0.0577052 0.0433962 0.0311528 0.0467633 0.0554162 0.0535152 0.060414 0.0368702 
0.0381229 0.0385128 0.067054 0.0591446 0.0344897 0.0408833 0.0663474 0.0495049 0.0554896 0.0478518 0.0617109 0.0688841 0.0647374 0.0444881 0.0269968 0.0458806 0.049113 0.0540167 0.0517585 0.0350132 
0.0356479 0.0360146 0.0717283 0.0481566 0.0394344 0.0369737 0.0767091 0.0503237 0.0530933 0.0485721 0.0714038 0.0725622 0.0714101 0.0450156 0.0235527 0.0445579 0.0439627 0.0539722 0.0444021 0.0325073 
0.0335267 0.0338555 0.0748564 0.0397746 0.0437871 0.0338965 0.0866485 0.0508292 0.050109 0.0489319 0.0809001 0.0746163 0.077243 0.0450075 0.0209067 0.0429827 0.0400981 0.0535179 0.0387291 0.0297833 
0.0318314 0.0320916 0.076537 0.0338385 0.0473916 0.0316137 0.0955708 0.0510984 0.0470399 0.0490087 0.0896046 0.0752845 0.0820362 0.0445991 0.0189823 0.0413517 0.037386 0.0528454 0.0346866 0.0272017 
0.0480321 0.0490656 0.0361464 0.135683 0.0132183 0.0628845 0.0331533 0.0423054 0.0492751 0.040285 0.0327928 0.0377204 0.0362899 0.0345969 0.0433221 0.0429163 0.0826791 0.0480221 0.101592 0.03002 
0.0470337 0.0477856 0.0396583 0.127043 0.0147516 0.0597295 0.0360215 0.0434477 0.052225 0.0415222 0.0352019 0.041998 0.0392297 0.0359339 0.0404073 0.0435971 0.0774548 0.0496962 0.0961065 0.0311571 
0.0455917 0.0461448 0.044268 0.115496 0.0169559 0.0559533 0.0404106 0.0448157 0.0548971 0.0429359 0.0389539 0.0473378 0.0433414 0.037538 0.0371356 0.0442589 0.0714925 0.0514944 0.0888443 0.0321344 
0.0436428 0.044094 0.0498852 0.101433 0.0199189 0.0516119 0.0467635 0.0463232 0.0567701 0.0444454 0.0445378 0.0535019 0.0487587 0.0392971 0.0335498 0.0447528 0.064936 0.0532211 0.0799242 0.0326331 
0.041247 0.0416832 0.0560662 0.0859253 0.0235659 0.0469436 0.0552234 0.0478247 0.0573595 0.0459023 0.0521884 0.0599142 0.0553231 0.0409978 0.0298314 0.0448987 0.0581729 0.0546169 0.0699258 0.0323902 
0.0386107 0.0390825 0.0620658 0.0705743 0.0276137 0.0423425 0.0654167 0.0491548 0.0564432 0.0471346 0.0616461 0.0657767 0.0625214 0.0423803 0.0262708 0.0445618 0.0517739 0.0554525 0.0598547 0.0313232 
0.0360217 0.0365318 0.0671128 0.0569664 0.031649 0.038221 0.0764865 0.0501912 0.0542007 0.0480206 0.0721503 0.0703731 0.0696354 0.0432468 0.0231568 0.0437319 0.0462818 0.0556393 0.0507949 0.0295887 
0.0337278 0.0342437 0.0707313 0.0460863 0.0352977 0.0348473 0.087414 0.050899 0.0511304 0.0485337 0.0827322 0.0733537 0.0760275 0.043546 0.0206578 0.0425325 0.0419939 0.0552659 0.0434741 0.0275056 
0.0318575 0.0323347 0.0728624 0.0381139 0.0383573 0.0322798 0.0973871 0.0513254 0.0478077 0.0487284 0.09258 0.0747921 0.0813472 0.0433687 0.0187852 0.0411526 0.0389042 0.0545349 0.0380765 0.0254044 
0.0304209 0.030822 0.0737503 0.0326496 0.0408161 0.0304198 0.105963 0.0515577 0.0446807 0.0486931 0.101221 0.0750307 0.0855382 0.0428746 0.0174427 0.0397627 0.0368044 0.053664 0.0343712 0.0235182 
