20 hexa 10 10 gaussian
#SNAPSHOT FILE
#iterations: 25000 (40000 total)
0.0489477 0.0798498 0.0285794 0.0282569 0.0141744 0.0763097 0.0159032 0.032595 0.032569 0.0383967 0.0162964 0.0342956 0.0205818 0.0525687 0.193411 0.0757854 0.0737979 0.0322531 0.028119 0.0773108 
0.0501972 0.0764721 0.0301685 0.0264915 0.0165525 0.0732608 0.016629 0.0345452 0.0359227 0.0403558 0.0166798 0.0362183 0.0211513 0.0508761 0.172682 0.07564 0.0693134 0.032719 0.0284497 0.0956759 
0.0511796 0.0715978 0.0328874 0.0244069 0.0216766 0.0690811 0.0179367 0.0371293 0.0403507 0.0429337 0.0173198 0.038954 0.0222828 0.0488802 0.146164 0.0746469 0.0633047 0.0333255 0.0289408 0.117002 
0.0514259 0.0653749 0.0370637 0.0222838 0.0318823 0.0638304 0.0201462 0.0400342 0.0453593 0.0458604 0.0183301 0.0423439 0.0244014 0.046959 0.116627 0.0723137 0.0561346 0.0340055 0.0294375 0.136186 
0.0505933 0.0582882 0.0426914 0.0205855 0.0500534 0.0577942 0.0235969 0.0427116 0.0499546 0.0486353 0.0198692 0.0458445 0.0279532 0.0455534 0.0881006 0.0683137 0.0485581 0.0346981 0.0297236 0.146482 
0.0486808 0.0510071 0.0492033 0.0197084 0.0781175 0.0514323 0.028453 0.0445762 0.0530075 0.0507324 0.0220634 0.0486317 0.0331299 0.0448822 0.064134 0.0626838 0.0414331 0.0353887 0.0296118 0.143123 
0.0460679 0.0442165 0.0555202 0.0197302 0.114805 0.0453278 0.0344391 0.0452928 0.0538535 0.0518602 0.0248564 0.0499794 0.0395692 0.0447823 0.0464505 0.0559574 0.0354412 0.0360972 0.0290597 0.126693 
0.0433345 0.0384887 0.0605342 0.0203685 0.154813 0.0400784 0.0407815 0.044958 0.0526865 0.0520881 0.0279335 0.0497036 0.0463569 0.0448567 0.0348471 0.0490871 0.0309551 0.0368235 0.0282093 0.103096 
0.0409685 0.0341343 0.0637396 0.0211906 0.191224 0.0360687 0.0465759 0.0440142 0.050381 0.0517492 0.0308775 0.0482823 0.0524984 0.0447832 0.027942 0.0430488 0.0279936 0.0375246 0.027297 0.0797068 
0.0391776 0.0311251 0.0654119 0.0218752 0.219239 0.0333151 0.0512863 0.0429554 0.0478954 0.0512089 0.033436 0.046507 0.0574548 0.0444815 0.0240837 0.0383957 0.0262827 0.0381519 0.0265141 0.0612032 
0.0506042 0.0750389 0.030324 0.0319884 0.015045 0.0767775 0.0171215 0.0346889 0.0338406 0.0389292 0.0174552 0.0354925 0.0229218 0.0509965 0.169947 0.0740888 0.081238 0.0333236 0.0311404 0.079037 
0.051927 0.0712292 0.0329682 0.0296784 0.0182667 0.0726368 0.0180168 0.0369556 0.0378432 0.0413367 0.017862 0.0386077 0.0239332 0.0497161 0.147833 0.0742943 0.0746045 0.0338214 0.0311891 0.0972802 
0.052561 0.0660753 0.037246 0.0270309 0.0249359 0.0672396 0.0196161 0.0397028 0.0427403 0.0443085 0.018547 0.0428149 0.0257961 0.0484415 0.121528 0.0735209 0.0661579 0.0344269 0.0311957 0.116115 
0.0520058 0.0598648 0.0433642 0.0244754 0.037457 0.0608822 0.022282 0.0424856 0.0477289 0.0474014 0.0196708 0.047658 0.0290079 0.0475108 0.0943306 0.0711913 0.0567786 0.0350853 0.0309981 0.129822 
0.0501306 0.0531601 0.0508891 0.0225499 0.0581264 0.0541051 0.0263193 0.0447155 0.0516514 0.0500028 0.0214241 0.0521668 0.0339167 0.0471323 0.06999 0.0670002 0.0476797 0.0357693 0.030461 0.13281 
0.0473011 0.0466092 0.0586512 0.0215727 0.087416 0.0475465 0.031729 0.0459315 0.0535654 0.0516318 0.023897 0.0552084 0.0403941 0.0471845 0.0510115 0.0611557 0.0398983 0.0364941 0.0295633 0.123239 
0.0441899 0.0407849 0.0651761 0.0214581 0.122489 0.0418001 0.0380232 0.0460435 0.0532849 0.0521845 0.0269365 0.0560944 0.0476899 0.0472836 0.0379242 0.0544208 0.0339821 0.0372756 0.0284379 0.10452 
0.0414179 0.0360741 0.0694718 0.0218284 0.157826 0.037267 0.0443611 0.0453571 0.0514361 0.0519341 0.0301729 0.0549939 0.0547278 0.0470814 0.0297667 0.047842 0.0299745 0.0380824 0.0273095 0.083075 
0.0392972 0.0325972 0.0715165 0.0222903 0.188027 0.0340338 0.0499933 0.0443502 0.0489868 0.0513069 0.0332463 0.0527635 0.0606735 0.0464914 0.0250236 0.0422706 0.0275627 0.0388482 0.0263696 0.0643516 
0.0378234 0.0302272 0.072029 0.0226195 0.210166 0.0319061 0.0546005 0.0434104 0.0467027 0.0506444 0.0360196 0.0503852 0.065254 0.0456607 0.0223356 0.0380651 0.0262843 0.0395209 0.0256984 0.0506465 
0.0509036 0.0720062 0.0305469 0.0405822 0.0141667 0.0803428 0.018232 0.0353682 0.0321926 0.0375367 0.0187006 0.0343981 0.0252224 0.0498819 0.159389 0.070789 0.095061 0.0344022 0.036308 0.0639692 
0.0524912 0.0691957 0.0330776 0.0380407 0.0161538 0.0763437 0.0188171 0.0372708 0.0357193 0.039664 0.0189198 0.0377093 0.0262098 0.0493764 0.142201 0.071957 0.0881883 0.0348054 0.0358243 0.0780348 
0.0535262 0.0652176 0.0373414 0.034815 0.0203478 0.0708835 0.019915 0.0397296 0.0403202 0.0425132 0.0193281 0.0425234 0.0279099 0.048965 0.120564 0.0726769 0.0787172 0.0353299 0.0351315 0.0942447 
0.0533483 0.0601374 0.0437968 0.0312054 0.028519 0.0642029 0.0218822 0.0424368 0.045417 0.0457682 0.0200826 0.0485985 0.0308461 0.0488579 0.0966174 0.0722186 0.067495 0.0359357 0.0340991 0.108535 
0.0516222 0.0543321 0.0522545 0.0278442 0.0427044 0.0569064 0.0251122 0.0448685 0.0499281 0.0488148 0.0214238 0.0549691 0.0354889 0.0491673 0.0736395 0.0699207 0.0560477 0.0365865 0.0326866 0.115683 
0.048623 0.0483703 0.0615732 0.025346 0.0641122 0.0497729 0.0298232 0.0465028 0.0527393 0.0510086 0.0235708 0.0601673 0.0419197 0.0497321 0.0545606 0.0655781 0.045943 0.0372823 0.0309854 0.112389 
0.0451023 0.0428067 0.069975 0.0239335 0.0917981 0.043484 0.0358248 0.0470961 0.0533422 0.0520279 0.0265478 0.0629354 0.0495983 0.0501431 0.0406709 0.0596481 0.0381242 0.038048 0.0292047 0.0996892 
0.0418466 0.0380477 0.0759221 0.0233839 0.122333 0.0384507 0.0424833 0.0467941 0.0520817 0.0520092 0.0301038 0.0629229 0.057495 0.0500114 0.0315788 0.0530919 0.0327431 0.0388826 0.0275912 0.0822274 
0.0393117 0.0342975 0.078895 0.023281 0.151184 0.0347671 0.0489981 0.0459934 0.0498322 0.0513798 0.0338423 0.0607997 0.0645715 0.0492296 0.0260434 0.046934 0.0294184 0.0397326 0.0263259 0.0651634 
0.0375584 0.0315565 0.0794449 0.0232879 0.174775 0.0322678 0.0547875 0.045095 0.0474492 0.0505755 0.0374622 0.0577427 0.0702273 0.0479887 0.0227819 0.041846 0.0275758 0.0405255 0.025466 0.051587 
0.0527474 0.0657197 0.0330031 0.0508888 0.0147952 0.0796057 0.0203442 0.0380161 0.0342494 0.0380717 0.0205136 0.036192 0.0287943 0.0475298 0.129016 0.0674622 0.102045 0.0362957 0.0439788 0.0607312 
0.0540836 0.0628576 0.0370482 0.047081 0.0173614 0.0743202 0.0210695 0.0401075 0.0385016 0.0406321 0.0207147 0.0412293 0.0303885 0.0479729 0.112694 0.0693208 0.0922698 0.0367962 0.0424899 0.0730624 
0.0543289 0.0590238 0.0434932 0.04223 0.0224572 0.0675397 0.0224604 0.0425813 0.0435373 0.0438344 0.0211652 0.0481261 0.03307 0.0488468 0.0935285 0.070618 0.0797952 0.0373969 0.0403272 0.08564 
0.0529134 0.0543578 0.0524999 0.0369464 0.0316262 0.0598216 0.0249661 0.0450351 0.0484104 0.0471675 0.0221481 0.056134 0.0374046 0.0501478 0.0737591 0.0704405 0.0661986 0.0380483 0.0375245 0.0944506 
0.0499011 0.0492643 0.0631394 0.0321753 0.0461302 0.052067 0.0289856 0.046955 0.0519086 0.0499036 0.0240138 0.0636324 0.0436703 0.0515987 0.056109 0.0681152 0.0535497 0.0387146 0.0343707 0.0957954 
0.0460324 0.04425 0.0734735 0.028632 0.0660016 0.0451468 0.0346053 0.047988 0.0532444 0.0514935 0.0269835 0.0688176 0.0515513 0.052691 0.042413 0.0636545 0.0434266 0.0394054 0.0312999 0.0888898 
0.0422578 0.0397308 0.0814508 0.02643 0.089518 0.0395741 0.0414508 0.0481295 0.0525009 0.0518653 0.0309732 0.0706861 0.0601496 0.0529515 0.0329485 0.0577934 0.0363271 0.0401513 0.0286936 0.0764183 
0.0392228 0.0359524 0.085939 0.0252151 0.113676 0.0354497 0.0488046 0.0476651 0.0504421 0.0513695 0.0356152 0.0694811 0.0683483 0.0522216 0.0268984 0.0515955 0.0318718 0.0409511 0.026752 0.0625287 
0.0371001 0.0329987 0.0870949 0.0245338 0.135412 0.0325963 0.0559235 0.0469578 0.0479697 0.0504929 0.0404643 0.0663436 0.075269 0.0507105 0.0231692 0.045966 0.0293401 0.041756 0.0254857 0.0504167 
0.0357354 0.0308267 0.0859535 0.0240715 0.152653 0.0307216 0.0623116 0.0462766 0.0457194 0.0496155 0.0452115 0.0626059 0.080497 0.0488274 0.0208719 0.0413908 0.0280483 0.0425023 0.0247803 0.0413801 
0.0526451 0.061457 0.0325781 0.0690772 0.0137816 0.0815174 0.0224606 0.0389987 0.0335907 0.0367657 0.0225552 0.0341703 0.0311862 0.0442753 0.110095 0.0612228 0.112808 0.0381053 0.0563016 0.0464083 
0.0540648 0.0594873 0.0361628 0.0648904 0.0153409 0.0767261 0.0229559 0.0407006 0.0375432 0.0389126 0.0226476 0.0389426 0.0326902 0.0453113 0.0987406 0.0636178 0.103726 0.0386821 0.0541644 0.054693 
0.0546574 0.0568141 0.0421185 0.0588527 0.0184238 0.0702837 0.0239224 0.0428286 0.0424815 0.0418323 0.0228879 0.0459769 0.0350945 0.0470059 0.0849305 0.0661516 0.0912373 0.0393972 0.0508421 0.064261 
0.0536862 0.0533629 0.050994 0.0513327 0.0240857 0.0625603 0.0258255 0.0451332 0.0476188 0.0451993 0.0235803 0.054952 0.0390215 0.0493167 0.0697195 0.0679023 0.0765882 0.0401807 0.04632 0.0726208 
0.0509141 0.0493037 0.0622967 0.0434858 0.0333602 0.0544133 0.0292179 0.0471818 0.051697 0.0483355 0.0252052 0.0644147 0.0449344 0.051863 0.0550072 0.0678279 0.0619665 0.0409296 0.0410576 0.076588 
0.0469037 0.0450183 0.074179 0.0366927 0.0466174 0.0468874 0.0344616 0.0485656 0.0536437 0.0505189 0.0282196 0.0721827 0.0527604 0.0539697 0.0426584 0.0653763 0.0495786 0.0415823 0.0358626 0.0743213 
0.0426856 0.0409183 0.0841868 0.0317375 0.0630954 0.0407187 0.0414641 0.0491431 0.0532551 0.0514167 0.0327705 0.0765193 0.061774 0.0549902 0.0335297 0.0608621 0.040565 0.0421649 0.0314762 0.0667273 
0.0391154 0.0372937 0.0905371 0.0285517 0.0810454 0.0361152 0.0496586 0.0490793 0.051202 0.0512153 0.0385822 0.0770346 0.0708713 0.0546525 0.0273586 0.0552411 0.0347967 0.0427467 0.0282569 0.0566461 
0.0365353 0.0342888 0.0928418 0.026605 0.098377 0.032902 0.0582314 0.048676 0.0484663 0.0503879 0.0450966 0.0746061 0.0789985 0.0531442 0.0233657 0.049563 0.0314754 0.0433633 0.026184 0.0468921 
0.0348619 0.0319368 0.0919188 0.0253689 0.113359 0.0307631 0.0664164 0.0481876 0.0458255 0.049395 0.0517263 0.070665 0.0854546 0.0509427 0.0208029 0.0445634 0.0297456 0.043994 0.0250317 0.0390409 
0.0534766 0.0559416 0.034721 0.0877759 0.013827 0.0772655 0.0252496 0.0413099 0.0374136 0.0376139 0.0249134 0.0360254 0.0342731 0.041456 0.0815898 0.0565557 0.109685 0.0406059 0.0698214 0.0404794 
0.0542149 0.0541629 0.0397441 0.0810719 0.0156831 0.0716226 0.025955 0.0430401 0.0422931 0.0400798 0.0250639 0.0424314 0.036353 0.0435276 0.0725421 0.0595232 0.0985525 0.0415603 0.0657425 0.046836 
0.0536974 0.0517884 0.0476916 0.0716251 0.0190968 0.0645194 0.0274031 0.0450567 0.0477105 0.0431981 0.0255559 0.0513583 0.0397459 0.0464791 0.0621521 0.062508 0.0845901 0.0426647 0.0597074 0.0534515 
0.051416 0.0487636 0.0586585 0.06042 0.0248235 0.0565514 0.0302447 0.0470684 0.052426 0.0464727 0.0269575 0.0618956 0.0450669 0.0499658 0.0512906 0.0644119 0.0695304 0.0437372 0.0521165 0.058183 
0.0475923 0.0452674 0.0712567 0.0493827 0.0332926 0.0487326 0.0351153 0.0486861 0.0550646 0.0491484 0.0299832 0.0718905 0.0525128 0.0532015 0.0412881 0.0641942 0.0557442 0.0445683 0.0440965 0.0589825 
0.0431525 0.0416462 0.0828881 0.0403182 0.0441955 0.0420283 0.0422521 0.0496546 0.0550103 0.050641 0.0351052 0.0789435 0.0615771 0.0552868 0.0332113 0.0615483 0.0450622 0.0450764 0.0369846 0.0554181 
0.0391142 0.038237 0.0911219 0.033922 0.0564973 0.0368995 0.0512871 0.0500007 0.052775 0.0508848 0.0422317 0.0818049 0.0712046 0.0557075 0.0273377 0.057085 0.0379482 0.0453574 0.0316143 0.0489692 
0.0360393 0.035258 0.0948991 0.0298229 0.0688573 0.0332813 0.0613802 0.0499481 0.0494828 0.0502555 0.0507333 0.0808326 0.0802309 0.0545455 0.0233146 0.0518699 0.0337728 0.0455747 0.0280951 0.0418068 
0.033975 0.0328093 0.094677 0.0272664 0.0800966 0.0308589 0.0715298 0.049728 0.0461523 0.0492513 0.0597245 0.0773862 0.0877496 0.0523106 0.020617 0.0468506 0.0315785 0.045834 0.0260867 0.0355182 
0.0326927 0.0309056 0.091807 0.0256235 0.0894822 0.0292961 0.0808542 0.0494745 0.0433682 0.0482595 0.0683583 0.0729839 0.0932663 0.0496436 0.0188173 0.0425842 0.0305612 0.0461522 0.0251309 0.0307395 
0.0525192 0.0530123 0.0330043 0.113238 0.0125691 0.0756847 0.0275218 0.0417837 0.0377897 0.0368722 0.0271867 0.0330671 0.0348809 0.0373307 0.0649724 0.0495726 0.108617 0.0421399 0.0875651 0.0306731 
0.0531627 0.0518075 0.0368726 0.106754 0.013714 0.071078 0.0280988 0.0431304 0.0426148 0.0388312 0.0273653 0.0382909 0.0365939 0.039281 0.0593496 0.0522248 0.0996023 0.0433647 0.0834493 0.0344145 
0.0529561 0.0502227 0.0432931 0.0964596 0.0157852 0.065106 0.0292392 0.0447779 0.0483253 0.0414946 0.0277643 0.0461623 0.0393526 0.042268 0.0529259 0.0554885 0.087815 0.0449033 0.0767218 0.0389388 
0.0512749 0.0480679 0.0528797 0.0827209 0.0192944 0.0580097 0.0316063 0.0465936 0.0538062 0.044603 0.0289586 0.0565026 0.0438466 0.0461396 0.0458206 0.0585525 0.0742105 0.0465483 0.067429 0.0431351 
0.0479648 0.0453102 0.0650249 0.0673989 0.0246365 0.0504988 0.0360541 0.0482945 0.057444 0.0475384 0.0318674 0.0677482 0.050546 0.0502164 0.0386136 0.0602485 0.0606456 0.0479234 0.0566147 0.0454115 
0.0436342 0.0421495 0.0774759 0.0532187 0.0317415 0.0435615 0.0432028 0.0495769 0.0580449 0.0495825 0.0373675 0.0772666 0.0592515 0.0534319 0.0321206 0.0596789 0.0491917 0.0486969 0.0461297 0.0446764 
0.0393107 0.038927 0.0873353 0.0421925 0.0399585 0.0379515 0.0529779 0.0503185 0.0557113 0.0503746 0.045703 0.0828518 0.0690169 0.0549116 0.0269113 0.0568395 0.0410226 0.048831 0.0376357 0.041219 
0.0357799 0.0359516 0.0927314 0.0347073 0.0483482 0.0338734 0.0645503 0.0506258 0.051661 0.0500891 0.0562544 0.0839792 0.0785688 0.0544596 0.023067 0.0525603 0.0360225 0.0485738 0.0317843 0.0364123 
0.0332865 0.0334106 0.0935712 0.0300086 0.0560925 0.0311148 0.0766777 0.0506926 0.0472941 0.0491986 0.0678257 0.0816804 0.0868166 0.0525244 0.0203561 0.0479055 0.0333453 0.0482331 0.0282948 0.0316714 
0.0316884 0.0313767 0.0910808 0.027116 0.0627299 0.029333 0.0881255 0.0506561 0.0435274 0.0481593 0.0791109 0.0775879 0.0931167 0.0498348 0.0184913 0.0436667 0.0320961 0.0479989 0.0265041 0.0277998 
0.0518582 0.0501866 0.0341334 0.132345 0.012226 0.0689072 0.0299571 0.0431065 0.0429353 0.038143 0.0294511 0.0344556 0.0359946 0.0353011 0.0480229 0.0457475 0.0948946 0.0444657 0.101302 0.0265665 
0.0517513 0.049099 0.0388623 0.122567 0.0135258 0.0642093 0.0308958 0.0443824 0.0488154 0.0402894 0.0298524 0.040682 0.0381004 0.0378162 0.0442223 0.0485273 0.0857754 0.0463714 0.0949073 0.0293476 
0.0505853 0.0475762 0.0464038 0.108055 0.015721 0.058425 0.0328548 0.0458891 0.0550459 0.0430066 0.0308735 0.0496627 0.0416281 0.04139 0.0399695 0.0517466 0.0748461 0.0486474 0.0852046 0.0324687 
0.0479609 0.0454391 0.0569342 0.0898787 0.0191356 0.0518482 0.0367869 0.047496 0.059988 0.0459106 0.0335049 0.0607565 0.0472438 0.0456528 0.0352938 0.0545153 0.0631123 0.0508598 0.0726845 0.0349986 
0.0440683 0.0427008 0.0690577 0.0708433 0.0238446 0.0451937 0.0436843 0.0489571 0.0618618 0.0483335 0.0390037 0.0718204 0.0551354 0.0496588 0.0305467 0.0557144 0.0522179 0.0523905 0.059121 0.0358467 
0.0397244 0.0396225 0.0799471 0.0542601 0.0294661 0.0393265 0.0539097 0.0500471 0.0599903 0.0496887 0.0481322 0.0800598 0.064626 0.0522618 0.0262402 0.0546919 0.0436856 0.0528401 0.0469341 0.0345461 
0.0358489 0.036582 0.0869591 0.0420309 0.0352847 0.0347901 0.0667666 0.0507165 0.0553528 0.0498645 0.0604761 0.0837882 0.0743876 0.0528239 0.0227337 0.0517371 0.0380718 0.0523273 0.037806 0.0316522 
0.032933 0.0338862 0.08918 0.0340676 0.0406317 0.031626 0.0807631 0.0510754 0.0497569 0.0492113 0.0745597 0.0832695 0.0830965 0.0515362 0.0200985 0.0478009 0.034932 0.0513359 0.0319963 0.0282432 
0.0309839 0.0316899 0.0874942 0.0292266 0.04516 0.0295685 0.0942592 0.0512556 0.0446715 0.0482191 0.0885512 0.080036 0.089929 0.0491275 0.018223 0.0438498 0.0334333 0.0503383 0.0288023 0.0251815 
0.0297736 0.0300187 0.0836346 0.0263401 0.0488786 0.0282917 0.105965 0.0513238 0.0407773 0.0472597 0.100898 0.07578 0.0946548 0.0463968 0.0169466 0.0404788 0.0328508 0.0495895 0.0273032 0.0228387 
0.0506412 0.0493142 0.031932 0.154645 0.0110937 0.0659229 0.0313522 0.0430119 0.0429302 0.0378871 0.031104 0.0314745 0.0349688 0.0322205 0.0397584 0.0408691 0.0870266 0.044864 0.11694 0.0220436 
0.0504727 0.0485198 0.0351983 0.146398 0.0119432 0.0623082 0.0321442 0.0439854 0.0486989 0.0395729 0.0315671 0.0360092 0.036501 0.0340644 0.0374209 0.0428544 0.0801425 0.0469273 0.111614 0.023658 
0.0496281 0.0474195 0.0406356 0.13289 0.0133718 0.0578541 0.0337441 0.0451589 0.055386 0.0418196 0.0324649 0.043048 0.0390931 0.0368999 0.0349312 0.0455292 0.0719787 0.0496349 0.10275 0.0257626 
0.0476516 0.0457777 0.0488758 0.114182 0.015622 0.0525404 0.0370724 0.0465296 0.0616001 0.0444599 0.0347103 0.0527393 0.0434555 0.0406728 0.0320796 0.0484257 0.0628451 0.052662 0.0901804 0.0279179 
0.0443963 0.0434469 0.0595115 0.0921563 0.0188409 0.0466747 0.043367 0.0479845 0.0652708 0.0470124 0.0397692 0.063935 0.0501177 0.044809 0.0288511 0.0506381 0.0536336 0.0552766 0.0749477 0.0293611 
0.0403122 0.040528 0.070457 0.0704481 0.0228676 0.0409369 0.0535261 0.0493079 0.0647784 0.0488335 0.0489996 0.0740695 0.0588568 0.0482196 0.0255005 0.0511947 0.0456297 0.0566453 0.059505 0.0293835 
0.0362638 0.0373879 0.0787761 0.0526159 0.0271815 0.0360691 0.0672387 0.0503166 0.0602903 0.0495319 0.062513 0.0805214 0.0685023 0.0498839 0.0224261 0.0497448 0.0398154 0.056437 0.0465749 0.0279091 
0.0329656 0.0344583 0.082607 0.0401518 0.0311744 0.0324575 0.0828754 0.0509802 0.0536857 0.0492294 0.0787582 0.0823552 0.0775128 0.0495344 0.01992 0.0468259 0.0363112 0.0550649 0.037564 0.0255683 
0.0306455 0.0320238 0.0821487 0.0324016 0.034486 0.0300435 0.0983124 0.0513821 0.0471139 0.0483774 0.095333 0.080562 0.0847774 0.0477079 0.018059 0.0433997 0.0345545 0.0532887 0.032221 0.0231624 
0.029164 0.0301707 0.0789894 0.0278787 0.0371031 0.0285405 0.11183 0.0516061 0.0418498 0.0474166 0.110099 0.076932 0.0899403 0.0452519 0.016772 0.0402499 0.033842 0.0517028 0.0294743 0.021187 
0.0494033 0.0483393 0.0325563 0.16568 0.0108334 0.0601236 0.0329796 0.0436372 0.0479151 0.0392013 0.032813 0.0325951 0.0349856 0.031375 0.0327932 0.0388486 0.0734319 0.0467892 0.125194 0.0205057 
0.048703 0.047519 0.0362744 0.154272 0.0118009 0.0567287 0.0342668 0.0445379 0.0545717 0.0410125 0.0336429 0.0377371 0.0368192 0.033394 0.0312413 0.0407551 0.0673692 0.049602 0.117874 0.0218784 
0.0472082 0.0462664 0.0422322 0.137069 0.0133394 0.0526279 0.0369647 0.0456284 0.0615867 0.0432792 0.0354944 0.0454259 0.0400116 0.036321 0.0294906 0.0431754 0.0606413 0.0531076 0.106609 0.0235211 
0.0446093 0.0443455 0.0506984 0.11469 0.0156088 0.0478073 0.0423597 0.0469205 0.0670394 0.0457309 0.0398009 0.0554561 0.0452534 0.0399635 0.0273543 0.04559 0.0535169 0.0567077 0.0915545 0.024993 
0.0409961 0.0416772 0.0606315 0.0898627 0.0186063 0.0425957 0.0518069 0.0483054 0.0686758 0.0478291 0.0483596 0.0661707 0.0527977 0.0435868 0.0248434 0.04713 0.0467239 0.0593575 0.0743702 0.0256738 
0.0369887 0.038503 0.069538 0.0668366 0.0220175 0.0376575 0.0656488 0.049568 0.0654723 0.0490278 0.0620693 0.0748128 0.0619109 0.0461082 0.022226 0.047045 0.041204 0.0601428 0.0580606 0.0251625 
0.0333922 0.0353142 0.0749211 0.0490382 0.0253113 0.0336386 0.0824568 0.0505351 0.0586717 0.0491679 0.0797538 0.0792761 0.0710391 0.0468047 0.0198747 0.045305 0.0375138 0.0590055 0.0453289 0.0236515 
0.0306875 0.0325601 0.0760264 0.0372827 0.0280649 0.0307932 0.099674 0.0511786 0.0508432 0.0485559 0.0985947 0.0794936 0.0787325 0.0458071 0.0180291 0.0426088 0.0355092 0.0567481 0.0370468 0.0217637 
0.0288967 0.0304452 0.0739623 0.030326 0.0301726 0.0289796 0.114993 0.0515653 0.0440734 0.0476596 0.115731 0.0769786 0.0843587 0.0438521 0.016724 0.0398127 0.0346375 0.0543445 0.0324285 0.0200587 
0.0278027 0.0289518 0.0705276 0.0264417 0.0317957 0.0278966 0.127121 0.0517644 0.0391886 0.0468214 0.129357 0.0734911 0.088081 0.0417212 0.0158707 0.0374649 0.0343637 0.0523953 0.0301624 0.0187823 
