20 hexa 10 10 gaussian
#SNAPSHOT FILE
#iterations: 16000 (200000 total)
0.043672 0.087945 0.0267695 0.0255731 0.0121996 0.0763347 0.0144288 0.0281671 0.0277819 0.0360997 0.0150043 0.0327497 0.0187581 0.0555079 0.249095 0.0744513 0.0676265 0.0313265 0.023635 0.052875 
0.0454541 0.0855535 0.0267345 0.0239683 0.0128605 0.0743486 0.0148522 0.0300683 0.0305729 0.0380608 0.0156227 0.0344121 0.0185132 0.0523456 0.220053 0.0764442 0.0629645 0.0323585 0.0240862 0.0807269 
0.0475497 0.0796263 0.0275742 0.0213089 0.0147964 0.0705436 0.0158175 0.0335834 0.0358729 0.0415101 0.0164093 0.0372761 0.0183265 0.0473533 0.174179 0.0768803 0.0557535 0.0335828 0.0251883 0.126869 
0.0490369 0.0700099 0.0301929 0.0182086 0.0200561 0.0652837 0.0176852 0.03858 0.0433577 0.0463549 0.0172329 0.0412984 0.0187624 0.0419156 0.120811 0.0738731 0.0473741 0.0345035 0.0270157 0.178447 
0.0489848 0.0594194 0.034909 0.0160893 0.0329851 0.0596665 0.0208209 0.0438021 0.0509376 0.0515592 0.0181762 0.0455328 0.0205861 0.0383456 0.0778994 0.0672944 0.040241 0.0348094 0.0291332 0.20881 
0.0473903 0.0498996 0.0415053 0.0158153 0.0618474 0.0536646 0.02601 0.0478408 0.0564155 0.0560278 0.0198173 0.0486306 0.0246629 0.0373611 0.0511983 0.0584611 0.0347467 0.0347678 0.0308873 0.20305 
0.0446228 0.0414056 0.0492063 0.01731 0.115498 0.0464581 0.0340557 0.0493783 0.0578823 0.0585693 0.0228536 0.0490845 0.0319321 0.0381427 0.0355113 0.0484392 0.0299049 0.0347547 0.0314964 0.163495 
0.0412376 0.034162 0.0557628 0.0195477 0.186548 0.0389042 0.0436043 0.0476386 0.0544037 0.0581468 0.0270086 0.0462571 0.0417374 0.0394675 0.0264211 0.0390339 0.0258149 0.0348687 0.0304092 0.109027 
0.0381417 0.0291027 0.0591738 0.0211519 0.248791 0.0332751 0.0513998 0.0439924 0.0483018 0.0556535 0.0308332 0.0419693 0.0512068 0.0404255 0.0218933 0.0324086 0.0233702 0.0349686 0.0282714 0.0656707 
0.0359007 0.0261963 0.0599488 0.0218066 0.288095 0.0301585 0.0562036 0.040563 0.0428204 0.0529438 0.0334504 0.0384431 0.0585876 0.040932 0.0199903 0.0287049 0.0224738 0.0349384 0.0262265 0.0416159 
0.0452686 0.082363 0.0276182 0.0273462 0.0130987 0.0805232 0.0154159 0.0310731 0.0278723 0.0360411 0.016611 0.0330872 0.0216238 0.0535472 0.213269 0.0745386 0.0830361 0.0327965 0.0257403 0.0591309 
0.048654 0.0790768 0.028275 0.025387 0.0143612 0.0764845 0.0159667 0.0335629 0.0315039 0.0388713 0.0174465 0.0363872 0.021341 0.0507025 0.180024 0.0786944 0.0729825 0.0334567 0.0259773 0.0908448 
0.0516841 0.072256 0.0309062 0.0224268 0.0175791 0.0700142 0.0171283 0.0375563 0.0374842 0.0434843 0.0182987 0.0419735 0.0213446 0.0469936 0.134611 0.0807604 0.0597362 0.0339701 0.0267685 0.135025 
0.0524235 0.0628883 0.0366125 0.0195171 0.025378 0.0625349 0.0192793 0.0424013 0.0446017 0.049226 0.0190042 0.0492033 0.0225103 0.0439963 0.0905236 0.0778078 0.0472139 0.0341458 0.0281584 0.172574 
0.050403 0.0534497 0.0453656 0.0180034 0.0429491 0.0554495 0.0230232 0.0467869 0.0506302 0.0547065 0.0198671 0.0560417 0.025858 0.0428727 0.059551 0.0697994 0.0383187 0.0341289 0.0297172 0.183079 
0.046753 0.0449819 0.0559625 0.018299 0.0781503 0.0484334 0.0293072 0.0494897 0.053794 0.0585947 0.0215908 0.0599579 0.0325429 0.0431255 0.0409448 0.0588555 0.0322895 0.0342076 0.0307068 0.162013 
0.0427369 0.0375971 0.0653819 0.0198075 0.133611 0.0411921 0.0382394 0.0494611 0.0529039 0.0595215 0.0245721 0.0587285 0.0431493 0.0434345 0.0298887 0.0475217 0.0277961 0.034477 0.0303703 0.119609 
0.0393004 0.031902 0.0701337 0.0212965 0.19466 0.0350388 0.0475671 0.0468888 0.0485979 0.0573863 0.0281297 0.0530426 0.0557632 0.0429844 0.0236986 0.0385347 0.0248525 0.0347934 0.028698 0.0767317 
0.0368494 0.0282661 0.0701931 0.0220179 0.241534 0.0311341 0.0547201 0.0435472 0.0435059 0.0540531 0.0311199 0.0466045 0.0672549 0.0420776 0.0207 0.0330142 0.0235692 0.034976 0.0266135 0.0482503 
0.0352815 0.0262097 0.0680959 0.02219 0.26944 0.0290913 0.0593445 0.040845 0.0394746 0.0511171 0.0331461 0.0418987 0.0764333 0.0413104 0.0193277 0.0300694 0.0233794 0.034997 0.0248722 0.0334794 
0.0442835 0.0754952 0.0286113 0.0320059 0.0135726 0.0881153 0.0167969 0.0333662 0.0256248 0.0340936 0.0180038 0.0314946 0.0263444 0.0517436 0.188859 0.0691531 0.113966 0.0342185 0.030366 0.0438866 
0.0492515 0.0741685 0.0291363 0.0310313 0.0145576 0.0840055 0.0170792 0.0349966 0.0278712 0.0362257 0.0187972 0.0347672 0.0260829 0.0510687 0.167587 0.0762975 0.1009 0.0343074 0.0296118 0.062257 
0.0547033 0.0705124 0.0316191 0.0289089 0.0167223 0.0766364 0.0176692 0.0378032 0.0320682 0.0401363 0.0196402 0.041167 0.025791 0.0501249 0.135118 0.0841321 0.0819652 0.0341023 0.0288143 0.0923659 
0.0576077 0.0639329 0.0380564 0.0258015 0.0214698 0.0669108 0.0188885 0.0416741 0.0379744 0.0458139 0.0202411 0.0511301 0.0262684 0.0495216 0.0974357 0.0877868 0.0612644 0.0336938 0.028476 0.126052 
0.0557661 0.0557968 0.0493196 0.0230156 0.0316229 0.0574509 0.0213159 0.0456896 0.0438403 0.0519341 0.0206243 0.0625479 0.0287684 0.0498552 0.0661752 0.0832841 0.0452899 0.0334373 0.0288572 0.145409 
0.050556 0.0478497 0.0640037 0.0217219 0.0520309 0.0494531 0.0258466 0.0487441 0.0477884 0.056849 0.0213447 0.0715858 0.0346129 0.0507411 0.0458547 0.0720819 0.0356816 0.0335946 0.0294738 0.140186 
0.0447552 0.0408105 0.0781974 0.0219123 0.0874292 0.0424223 0.0332822 0.0499583 0.0487462 0.059153 0.0230333 0.0743873 0.0451242 0.0508285 0.0335505 0.058571 0.0301054 0.0341081 0.0294593 0.114166 
0.0402227 0.035078 0.0864788 0.0226603 0.134597 0.0363804 0.0429942 0.0489848 0.0466439 0.058117 0.0257439 0.0695017 0.0602134 0.0490585 0.0261146 0.0468837 0.0268087 0.0347135 0.0283365 0.0804685 
0.0373845 0.0310148 0.0867619 0.0230506 0.17979 0.0320651 0.0525823 0.0466405 0.0428652 0.0548311 0.0287257 0.0603328 0.0769995 0.045986 0.0219022 0.0391537 0.0252729 0.0351563 0.0265012 0.0529848 
0.035768 0.0284869 0.0822268 0.022966 0.211828 0.0295606 0.0601141 0.0442614 0.0392016 0.0512788 0.0311891 0.0518399 0.0921399 0.0430401 0.0196728 0.034933 0.0250089 0.0353652 0.0247041 0.0364155 
0.0487923 0.0658107 0.0298535 0.0391761 0.0148947 0.0914883 0.0192834 0.0373913 0.025141 0.0340044 0.0204974 0.0326998 0.032072 0.047588 0.138875 0.0689032 0.135845 0.0361741 0.0387661 0.0427443 
0.0566832 0.0646669 0.0319171 0.0386807 0.0165685 0.0840823 0.0195172 0.0391761 0.0278623 0.0369187 0.0211843 0.0387333 0.0316532 0.0491904 0.119512 0.0807745 0.112685 0.0353973 0.0358836 0.0589146 
0.0629698 0.061489 0.0381553 0.0364233 0.0197259 0.0729592 0.0199993 0.0418616 0.0323524 0.0417981 0.0216422 0.0497466 0.0315068 0.0518548 0.0936115 0.0918845 0.0838267 0.0342446 0.0326069 0.0813422 
0.0630705 0.0560574 0.0508731 0.0326244 0.0256187 0.0607888 0.0212473 0.0449995 0.037705 0.0478608 0.0217258 0.0649016 0.0329386 0.0552951 0.0678815 0.0944882 0.0579304 0.0334357 0.0301786 0.100379 
0.0567866 0.049554 0.0693518 0.029005 0.0365406 0.0506191 0.0242195 0.0477139 0.0420489 0.0532835 0.0218389 0.0796115 0.037486 0.0583962 0.0487036 0.0857885 0.0414205 0.0335332 0.0290934 0.105006 
0.0483338 0.0433013 0.0890665 0.0268457 0.0555856 0.042946 0.0300142 0.0493468 0.0440829 0.0565291 0.022675 0.0882188 0.046738 0.0596208 0.036383 0.0708173 0.0329968 0.0343461 0.028544 0.0936087 
0.0414691 0.0380093 0.103074 0.0259424 0.0838961 0.0370664 0.0391598 0.0496423 0.0435497 0.0567876 0.0246668 0.087204 0.0620756 0.057725 0.0285398 0.0563002 0.0289978 0.0353093 0.027583 0.0730021 
0.0373925 0.0339777 0.10637 0.0253858 0.116617 0.0327465 0.050574 0.0488328 0.0411393 0.0544107 0.0276004 0.0779452 0.0827095 0.0529749 0.0234997 0.0460933 0.0273601 0.0359992 0.0260295 0.0523424 
0.0354386 0.0312106 0.100514 0.0246827 0.144818 0.0299738 0.0617741 0.0475934 0.0381332 0.0509539 0.0307069 0.0660877 0.104746 0.047334 0.0203499 0.0404535 0.0271772 0.0363177 0.0243444 0.0373919 
0.0345815 0.0294546 0.0912326 0.0239866 0.163207 0.0284153 0.0707415 0.0465282 0.0355297 0.0478838 0.033332 0.0564639 0.124076 0.0426691 0.0184062 0.0378114 0.0277455 0.036382 0.0229627 0.0285947 
0.0473071 0.0568165 0.0300935 0.0509824 0.0149628 0.0956432 0.0223505 0.0396504 0.0234549 0.0327762 0.0227075 0.0307136 0.0376028 0.0413652 0.103789 0.0581673 0.164897 0.0384381 0.0570796 0.0312036 
0.0563755 0.0570644 0.0315605 0.0529955 0.0162994 0.0893658 0.0224337 0.0407737 0.025328 0.0346565 0.023115 0.0353408 0.0372538 0.0442208 0.0939308 0.0705319 0.14139 0.0376124 0.0517239 0.0380286 
0.0656194 0.056511 0.0365216 0.0531214 0.018628 0.0788576 0.0225125 0.042517 0.028883 0.0382546 0.0233028 0.0450015 0.0367426 0.0490827 0.0796111 0.0858863 0.109094 0.0361974 0.0444292 0.0492268 
0.0693717 0.0541662 0.0483173 0.0494405 0.0224051 0.0655392 0.0228976 0.0447391 0.0340284 0.04348 0.0230888 0.0608806 0.0371246 0.0556657 0.0629507 0.0964956 0.0752929 0.0349898 0.0370818 0.0620445 
0.0642085 0.0499343 0.0680743 0.0427872 0.0283852 0.053142 0.0245492 0.0468543 0.0391508 0.0488272 0.0228125 0.0796247 0.0400151 0.0620564 0.0482145 0.0943457 0.0503224 0.0349827 0.0320051 0.069708 
0.0537692 0.04491 0.0917841 0.0363054 0.0378647 0.0439502 0.028876 0.0483581 0.0423011 0.0525369 0.0232934 0.0942634 0.0470671 0.065829 0.0375286 0.0809587 0.0369729 0.0361371 0.0293743 0.0679201 
0.0439406 0.0402434 0.111627 0.0318652 0.0520551 0.0376415 0.0371349 0.0492009 0.042696 0.0537533 0.025258 0.0991399 0.060148 0.0653942 0.030187 0.0646803 0.0312595 0.0375359 0.0277485 0.0584912 
0.0375814 0.0364637 0.120279 0.0291564 0.0702295 0.0332855 0.0495908 0.04958 0.0407891 0.0525722 0.02891 0.0932871 0.0804606 0.0606388 0.0249961 0.0520364 0.0293245 0.0384182 0.026133 0.0462685 
0.0344678 0.0336608 0.116117 0.0272408 0.0884976 0.0303723 0.0644717 0.0497165 0.0377587 0.0499486 0.0336596 0.0809082 0.105944 0.053301 0.0212752 0.0447659 0.0292947 0.0386149 0.0245037 0.0354808 
0.0332607 0.031744 0.104402 0.025737 0.102225 0.0285994 0.0784631 0.0497697 0.03481 0.0472025 0.0384002 0.0681965 0.131216 0.0460531 0.0186811 0.0415209 0.0301744 0.0383651 0.0231882 0.0279933 
0.0538832 0.050802 0.030616 0.0725137 0.0155245 0.0892206 0.0258385 0.0416834 0.0243704 0.0338953 0.0258517 0.0320915 0.0404856 0.0376398 0.0684846 0.0572251 0.153715 0.0398088 0.0793456 0.0270067 
0.0639066 0.0515366 0.0338824 0.0768104 0.0172006 0.0812666 0.0257869 0.0429136 0.0276805 0.0361705 0.0256983 0.0387709 0.0399722 0.042632 0.0617143 0.0716147 0.124714 0.038863 0.0675253 0.0313414 
0.0709566 0.0513623 0.0426495 0.075821 0.0198671 0.0696613 0.0257551 0.0445404 0.0333711 0.0400686 0.0251021 0.0517378 0.0397304 0.0502555 0.0531188 0.0861917 0.0904597 0.0380116 0.0536058 0.0377333 
0.0694121 0.0493884 0.0598664 0.0670851 0.0236747 0.0569143 0.0264584 0.0462004 0.0403964 0.0447934 0.0243816 0.0705685 0.0411181 0.0590909 0.0442175 0.0919432 0.060586 0.0383728 0.0416025 0.0439293 
0.0595944 0.045836 0.0839453 0.0541343 0.0288429 0.046313 0.0294637 0.0474921 0.0458952 0.0486326 0.0246042 0.089401 0.0457321 0.0660398 0.0365887 0.084507 0.0420944 0.0402152 0.0341799 0.0464881 
0.0477118 0.0418283 0.107543 0.0427065 0.0357997 0.0389748 0.0366717 0.0484484 0.0476138 0.0504555 0.0270154 0.100672 0.0553334 0.0684487 0.0305974 0.0696364 0.0336857 0.0423855 0.030318 0.0441542 
0.0387489 0.0382264 0.121753 0.0351089 0.0446344 0.034165 0.0494597 0.0493733 0.045474 0.050229 0.0323788 0.100675 0.0718214 0.0654919 0.0258748 0.0557263 0.0309057 0.0435815 0.0279042 0.0384677 
0.0337241 0.0353317 0.121804 0.0304977 0.0541364 0.0309874 0.0672794 0.0504076 0.0410316 0.0486151 0.0404082 0.0912214 0.0951956 0.0583322 0.0220963 0.0468367 0.030821 0.0433971 0.0259978 0.031879 
0.0315037 0.0332154 0.110546 0.0275723 0.0619451 0.0289537 0.0865574 0.0514172 0.0362986 0.0465998 0.0494426 0.0779756 0.12125 0.0497297 0.0191773 0.0426827 0.031949 0.0422738 0.0246064 0.0263055 
0.0307421 0.0318274 0.0957071 0.0257241 0.0665262 0.0277657 0.102696 0.0521866 0.032609 0.0449809 0.0574957 0.0664022 0.144008 0.0424015 0.017094 0.041321 0.0333114 0.0409082 0.0237824 0.0225134 
0.0504013 0.0473885 0.0293337 0.0956752 0.0143169 0.0828064 0.029135 0.0417208 0.0244342 0.0345261 0.029577 0.0297498 0.0403517 0.0320435 0.0494599 0.0454868 0.143615 0.041192 0.1175 0.0212886 
0.0588991 0.0484969 0.0312612 0.105149 0.0153284 0.0780586 0.0290323 0.0427489 0.0278201 0.03577 0.0291017 0.0333281 0.0400629 0.0358187 0.0462803 0.0556008 0.121944 0.0410435 0.101502 0.0227554 
0.0667885 0.0492664 0.0366156 0.109958 0.0171124 0.070202 0.0288801 0.0441345 0.034406 0.0383325 0.0281127 0.0414882 0.039717 0.0420782 0.042368 0.0683513 0.094489 0.0411681 0.0810522 0.0254802 
0.0690944 0.0487526 0.0485679 0.103331 0.0198428 0.0599405 0.029099 0.0455848 0.0443184 0.0420776 0.0268275 0.0560367 0.0401835 0.0506358 0.0380301 0.0781047 0.0671064 0.0426426 0.0605391 0.0292849 
0.0628864 0.0464976 0.0684486 0.0849363 0.0234322 0.0496235 0.0310103 0.0467679 0.0544323 0.045769 0.0264761 0.0747878 0.0427529 0.0593598 0.0337064 0.0781693 0.0469419 0.0459965 0.0452937 0.0327115 
0.051534 0.0431178 0.0918726 0.0631501 0.0276712 0.0414486 0.0368892 0.0477284 0.0598378 0.0480056 0.029082 0.0908336 0.0489378 0.0649584 0.0296421 0.0686147 0.0362177 0.0499323 0.0366491 0.0338771 
0.0408957 0.0395612 0.109935 0.0460684 0.0324119 0.0358537 0.049123 0.0488241 0.0582152 0.0484229 0.0364482 0.0977269 0.0605237 0.065203 0.0258919 0.0561701 0.0322 0.0522604 0.0320816 0.0321837 
0.0338525 0.0363731 0.115207 0.0354981 0.0372523 0.0321522 0.0685233 0.0502239 0.0512257 0.0475638 0.0489967 0.0939992 0.0785064 0.0601105 0.0224975 0.0466891 0.0317038 0.0518531 0.029228 0.0285444 
0.0301728 0.0338424 0.107225 0.0295699 0.0412355 0.0297047 0.0920853 0.0517045 0.0426011 0.046251 0.0645779 0.0833344 0.100552 0.051914 0.019609 0.0416808 0.0328199 0.0492767 0.027343 0.024502 
0.0285958 0.0321257 0.0927175 0.0263235 0.0435322 0.0281804 0.11379 0.0528993 0.035497 0.0451525 0.0793013 0.071584 0.121254 0.0438232 0.0174194 0.0398358 0.0343375 0.0460291 0.026312 0.021291 
0.0531247 0.0475355 0.0292164 0.132186 0.0134321 0.0705274 0.0316733 0.0422478 0.0281594 0.0364469 0.0330336 0.0298361 0.0376297 0.030899 0.0360468 0.0433572 0.104141 0.0421203 0.139801 0.0185887 
0.0595701 0.0485536 0.0322069 0.143767 0.014417 0.0664455 0.0314373 0.0435875 0.0350674 0.0380026 0.0317349 0.0337703 0.037478 0.035002 0.034106 0.0515523 0.0857001 0.0431144 0.114514 0.0199736 
0.0635021 0.04869 0.0390726 0.144101 0.0162644 0.0601051 0.0314403 0.0450103 0.0471515 0.0407607 0.0299506 0.0423331 0.037604 0.04115 0.0320721 0.0599838 0.0657974 0.0457304 0.0868706 0.0224094 
0.061487 0.0472987 0.0521132 0.126716 0.0191077 0.0522372 0.0325833 0.0461353 0.0629115 0.0441034 0.0287311 0.056411 0.038778 0.048789 0.0299625 0.0640787 0.0489086 0.0509588 0.0631136 0.0255758 
0.0533746 0.04447 0.0707231 0.0964046 0.0226479 0.0445302 0.036944 0.047003 0.0757735 0.0466819 0.0306245 0.0728267 0.0421595 0.0557839 0.0276658 0.0607779 0.0381503 0.0578366 0.0474731 0.0281496 
0.043179 0.0409217 0.088936 0.066249 0.0263216 0.0384101 0.0475589 0.0480636 0.0785645 0.0476208 0.038934 0.0850946 0.0492927 0.0592586 0.0251143 0.05248 0.033271 0.0631144 0.0389625 0.0286528 
0.034901 0.0373095 0.0985393 0.0449635 0.0296326 0.0340725 0.0666771 0.0495516 0.0702179 0.047206 0.055671 0.0884392 0.0614766 0.0575682 0.022407 0.0443399 0.0321658 0.0638805 0.0342013 0.0267798 
0.0297749 0.0341329 0.0956481 0.0329253 0.0321086 0.0310606 0.0925579 0.0511812 0.0561004 0.0462869 0.0788546 0.0831431 0.0778045 0.0515446 0.0198095 0.0393108 0.0329712 0.0600206 0.0311918 0.0235739 
0.0271725 0.0318294 0.0842378 0.0269555 0.0334171 0.0290433 0.118573 0.0524952 0.0430167 0.045535 0.102289 0.0737621 0.0942805 0.0441009 0.0176751 0.0372114 0.0343912 0.0540519 0.029437 0.020526 
0.0260738 0.030483 0.071737 0.0242043 0.0337369 0.0278159 0.138512 0.0533092 0.0342741 0.0451556 0.120655 0.0650318 0.107009 0.0379118 0.0161875 0.0366095 0.0355638 0.0486398 0.0286171 0.0184753 
0.0484544 0.0476495 0.0278224 0.15297 0.0118984 0.061987 0.0335217 0.0417642 0.0281154 0.0373539 0.0366091 0.0281531 0.0343347 0.0280614 0.0304837 0.0361517 0.0820669 0.0422581 0.173994 0.0163529 
0.052825 0.0487441 0.0296319 0.169309 0.0123096 0.0605749 0.0331577 0.0430627 0.0344542 0.0382513 0.0351206 0.0295235 0.0344479 0.0305562 0.0292787 0.0404934 0.0709916 0.0436474 0.14625 0.0173705 
0.0563518 0.0491566 0.0333854 0.177624 0.0133878 0.0576114 0.0329734 0.0445525 0.0466092 0.0402315 0.0330344 0.0334679 0.0346148 0.034299 0.0280886 0.0456799 0.058592 0.0466725 0.114373 0.0192955 
0.0567008 0.0483 0.040674 0.167799 0.0155013 0.0529174 0.0335619 0.0457021 0.0655771 0.0431455 0.0310339 0.0416363 0.035085 0.0393898 0.026923 0.0496143 0.0471063 0.0528028 0.0842972 0.0222334 
0.0523296 0.0459779 0.0525522 0.137233 0.0187005 0.047053 0.0364532 0.046381 0.086702 0.0460047 0.0314194 0.0541213 0.0365023 0.0452215 0.0256313 0.0497175 0.0386261 0.0622365 0.0616632 0.0254738 
0.0445098 0.0425636 0.066915 0.0967714 0.0224401 0.0412858 0.0446102 0.0471387 0.0991854 0.0475733 0.0385024 0.0675206 0.0401272 0.0499991 0.024023 0.0456375 0.0339525 0.0718258 0.0479941 0.0274248 
0.0364542 0.0386204 0.0778214 0.0618962 0.0258768 0.0365788 0.0614289 0.0484822 0.094987 0.0475631 0.0567154 0.076441 0.0474417 0.0514599 0.0220442 0.0401218 0.032413 0.0763757 0.040436 0.0268437 
0.0304168 0.0347289 0.0797375 0.039798 0.0283572 0.0330164 0.0871479 0.0501577 0.0771042 0.0467547 0.0860299 0.0777059 0.0585826 0.0486621 0.0198605 0.0361103 0.0327565 0.0732165 0.0357744 0.024083 
0.0268037 0.0316115 0.0730445 0.0287125 0.0296234 0.0304156 0.115709 0.0515289 0.0563794 0.0460437 0.118822 0.072814 0.0709485 0.0431401 0.0178499 0.0343228 0.0338513 0.064824 0.032784 0.0207724 
0.0250145 0.0296786 0.0633842 0.0239981 0.0299321 0.0286795 0.139189 0.0523345 0.0411308 0.0457507 0.145731 0.0660172 0.0810651 0.0375954 0.0163484 0.0338162 0.0348761 0.0560109 0.031145 0.0183029 
0.0480488 0.0490486 0.0282327 0.185126 0.0109018 0.0549226 0.0342423 0.0426317 0.032986 0.0384789 0.0377343 0.0277213 0.0317825 0.0281025 0.0269643 0.0345715 0.0573242 0.0433088 0.171918 0.0159539 
0.0505902 0.0496876 0.0305401 0.198974 0.0114501 0.0541619 0.0338666 0.0441436 0.0436157 0.0398714 0.0355554 0.0291081 0.0321303 0.0303867 0.0260864 0.0372732 0.0502346 0.0461203 0.138599 0.0176045 
0.0516046 0.0492443 0.03463 0.198159 0.0128704 0.0520206 0.0340153 0.0454172 0.0621571 0.0423286 0.033108 0.0330352 0.0324477 0.0334584 0.0252385 0.0397163 0.0433469 0.0518673 0.105017 0.0203179 
0.049679 0.047428 0.0414507 0.174745 0.0155212 0.0483435 0.0356958 0.0460225 0.0875979 0.045298 0.0319875 0.0407158 0.0328599 0.0373098 0.0243438 0.040463 0.0377302 0.0618863 0.0770563 0.0238676 
0.0445828 0.0443524 0.0508784 0.132269 0.0192663 0.0436994 0.0412496 0.0463452 0.110578 0.0475631 0.03621 0.0516461 0.0341556 0.0414067 0.023235 0.038665 0.0340928 0.0746992 0.0581191 0.0269848 
0.0379296 0.0403871 0.0600874 0.086505 0.0232721 0.0391358 0.0543925 0.0472359 0.117015 0.0482094 0.0519466 0.0625181 0.0378367 0.0443099 0.0217788 0.0353649 0.0325234 0.0845573 0.0471498 0.0278462 
0.0318396 0.0360011 0.0645292 0.052176 0.026507 0.0352555 0.0774994 0.0488135 0.101806 0.0475546 0.0828976 0.0690158 0.0449112 0.0443644 0.0199818 0.032656 0.0324825 0.085328 0.0405865 0.0257944 
0.0274776 0.0320211 0.0621834 0.0330472 0.0283659 0.0321432 0.106662 0.0503236 0.0752347 0.0466658 0.123133 0.069325 0.0541017 0.0413618 0.018099 0.0315329 0.033174 0.0768062 0.0361609 0.0221825 
0.0249437 0.0292784 0.0559361 0.024749 0.0289721 0.029856 0.132996 0.0512201 0.0519782 0.0462257 0.159518 0.0655948 0.0624125 0.0370752 0.0165343 0.0314222 0.033927 0.064979 0.0333813 0.0190005 
0.023731 0.0278466 0.0498856 0.0217392 0.0289212 0.0283765 0.151414 0.0516465 0.0377633 0.0461834 0.184446 0.0610392 0.0680706 0.033333 0.0154851 0.0314487 0.0344072 0.0552332 0.0319193 0.0171132 
