20 hexa 10 10 gaussian
#SNAPSHOT FILE
#iterations: 17000 (40000 total)
0.0517642 0.0741695 0.0318508 0.0333959 0.0188159 0.073971 0.0175266 0.0352835 0.0359419 0.0394368 0.0178517 0.0365534 0.0226031 0.0512822 0.161945 0.0747289 0.068398 0.0337628 0.0324268 0.0882923 
0.0519538 0.070928 0.0343374 0.0317836 0.0236465 0.0709927 0.0187129 0.0368842 0.0385766 0.0408447 0.0185169 0.038693 0.023914 0.0505574 0.146971 0.0738831 0.0647574 0.034239 0.0323431 0.0974655 
0.0517367 0.06682 0.0377529 0.0299289 0.031567 0.0671742 0.0205192 0.0387436 0.0416159 0.0425623 0.0195086 0.0413549 0.0258736 0.0497613 0.129288 0.0723405 0.0603118 0.034833 0.0321473 0.10616 
0.0510118 0.0618974 0.0421761 0.0279628 0.0437519 0.0625288 0.0231398 0.0407023 0.0447737 0.0444843 0.02094 0.0443934 0.0286969 0.0489923 0.109737 0.0698883 0.0551599 0.0355363 0.0317667 0.112461 
0.0497337 0.0563862 0.0474624 0.0260848 0.060994 0.0572426 0.0266959 0.0425219 0.0476283 0.0464168 0.0228992 0.0475004 0.0324982 0.0483387 0.0897155 0.0664047 0.0495709 0.0363224 0.0311595 0.114424 
0.0479622 0.0506901 0.0531776 0.0245033 0.0830638 0.0516976 0.031131 0.0439454 0.0497372 0.0481217 0.0253895 0.0502556 0.0371802 0.0478422 0.0709605 0.0619747 0.043981 0.0371445 0.030341 0.110901 
0.0458771 0.0452939 0.0586919 0.0233542 0.108374 0.0463859 0.0361623 0.0447962 0.050817 0.049404 0.0282873 0.0522736 0.0424 0.047481 0.0550181 0.0569379 0.0388815 0.0379418 0.0293909 0.102231 
0.0437257 0.0406006 0.063422 0.0226516 0.134382 0.0417404 0.0413593 0.0450536 0.0508654 0.0501896 0.0313652 0.0533688 0.0476782 0.04719 0.0427153 0.0517952 0.0346464 0.0386567 0.0284241 0.0901707 
0.0417278 0.0368086 0.067057 0.0223067 0.158533 0.0379923 0.0463076 0.0448453 0.0501284 0.0505336 0.034378 0.0536135 0.0525852 0.0469038 0.0340008 0.0470266 0.0314201 0.0392534 0.0275426 0.0770363 
0.0400095 0.0339075 0.0696116 0.0221922 0.179057 0.0351497 0.0507412 0.0443696 0.0489532 0.0505649 0.0371491 0.0532619 0.0568706 0.0465908 0.0282209 0.0429446 0.0291324 0.0397258 0.026803 0.0647449 
0.0522609 0.0703141 0.0340123 0.0388163 0.0202248 0.0731149 0.0190318 0.0369541 0.0377613 0.0399838 0.0191317 0.037986 0.0248274 0.0500773 0.144203 0.0721218 0.0716897 0.0351963 0.0362202 0.0860726 
0.0521356 0.0668405 0.0373094 0.0365941 0.0259513 0.0694946 0.0205102 0.038684 0.0407816 0.0416056 0.0199536 0.0408375 0.0265982 0.0495837 0.12886 0.0712298 0.067046 0.0358213 0.0357383 0.0944253 
0.0515001 0.0625683 0.041694 0.034033 0.0350301 0.0650057 0.0227245 0.0405942 0.0440632 0.043504 0.021187 0.0442633 0.0291694 0.0491124 0.111383 0.0695976 0.0615417 0.0365587 0.0350007 0.10147 
0.0502882 0.0576263 0.04712 0.0313328 0.0483924 0.059771 0.025856 0.0424827 0.0472134 0.0455197 0.0229624 0.0480001 0.0327113 0.0487343 0.0928341 0.06703 0.0554075 0.0373763 0.0339643 0.105377 
0.0485298 0.0523188 0.0532353 0.0287679 0.0663221 0.0541161 0.0299595 0.0440958 0.0497558 0.0474161 0.0253548 0.0516028 0.0372229 0.0484771 0.0747268 0.0634697 0.0490769 0.0382221 0.0326589 0.104671 
0.0463817 0.047077 0.0594047 0.0265973 0.0879809 0.0485219 0.0348734 0.0452135 0.0513018 0.0489546 0.0283173 0.0545652 0.0424545 0.0483068 0.0586394 0.0590933 0.0431025 0.0390331 0.0311974 0.0989838 
0.044094 0.0423251 0.0649238 0.0249673 0.111447 0.0434724 0.0402317 0.0457418 0.0517213 0.0499912 0.0316616 0.056522 0.0479581 0.0481468 0.0456724 0.0542995 0.0379729 0.0397514 0.0297413 0.089359 
0.0419174 0.0383387 0.0692993 0.023875 0.134376 0.039287 0.0455948 0.0457451 0.0511796 0.0505235 0.0351207 0.0573908 0.0532556 0.0479227 0.0361223 0.0495697 0.033948 0.0403427 0.0284368 0.0777544 
0.0400182 0.035192 0.0723944 0.0232114 0.154824 0.0360503 0.0506084 0.0453955 0.0500186 0.050659 0.0384497 0.0573578 0.0580036 0.0476004 0.0295845 0.0452985 0.0310247 0.0408024 0.0273674 0.0661392 
0.0384525 0.0328051 0.0743761 0.0228382 0.171662 0.0336631 0.0550842 0.0448869 0.048595 0.0505442 0.0414992 0.0567481 0.0620537 0.0471926 0.0253238 0.0417046 0.0290257 0.0411515 0.0265466 0.0558474 
0.0524349 0.0688132 0.0336423 0.0484275 0.0176592 0.0749316 0.0197945 0.0372428 0.0372146 0.039197 0.0200727 0.0370315 0.0259913 0.0488775 0.137298 0.0692751 0.0791893 0.0363861 0.0419665 0.0745545 
0.0523992 0.0659623 0.0367652 0.0458649 0.0216713 0.071539 0.0210019 0.038801 0.040177 0.0406923 0.0207531 0.0399695 0.0276106 0.0487079 0.124514 0.0689488 0.0744354 0.0370631 0.0411544 0.0819699 
0.0518633 0.0623796 0.0410203 0.0426832 0.0281877 0.0672584 0.0228612 0.0405943 0.0435172 0.0425142 0.0218094 0.0436615 0.0299627 0.0485838 0.109569 0.0680837 0.0686686 0.0378634 0.0399751 0.0889436 
0.0507379 0.0581092 0.0464624 0.0390502 0.0381057 0.0621509 0.0255947 0.0424673 0.0468849 0.0445474 0.0234086 0.0479217 0.033256 0.0485598 0.0931717 0.066453 0.0620684 0.0387467 0.038376 0.0939278 
0.049019 0.0533498 0.0528511 0.0352814 0.0519837 0.0564737 0.0293518 0.0441921 0.0497963 0.0465787 0.0256966 0.0523316 0.0375725 0.0486454 0.0765118 0.06389 0.0550393 0.0396488 0.0363977 0.0953889 
0.0468314 0.0484489 0.0595988 0.0317633 0.069569 0.0506739 0.0340986 0.0455316 0.0517818 0.0483481 0.0287166 0.0563105 0.0427621 0.0487845 0.0610368 0.0604065 0.0481717 0.0404942 0.0341953 0.0924768 
0.0444179 0.0438111 0.0659229 0.0288185 0.0895997 0.0452664 0.0395663 0.0463321 0.0525839 0.0496483 0.0323474 0.0593182 0.0484363 0.0488749 0.0479841 0.0562498 0.0420666 0.0412178 0.032 0.0855379 
0.0420561 0.039761 0.0711491 0.0265944 0.110154 0.0406529 0.0453283 0.0465868 0.0522638 0.0504064 0.0363254 0.0610743 0.0540977 0.0488195 0.0379564 0.0518367 0.0371231 0.0417857 0.0300328 0.0759951 
0.0399561 0.036452 0.0749526 0.0250533 0.129347 0.0370056 0.0509609 0.0464214 0.051133 0.0506879 0.0403438 0.0616331 0.0593224 0.0485732 0.0308423 0.047597 0.0334397 0.0422012 0.0284281 0.0656497 
0.0382114 0.0338721 0.0773837 0.0240493 0.145865 0.0342799 0.0561708 0.0460194 0.049584 0.0506349 0.044159 0.0612882 0.0638684 0.0481529 0.0260773 0.0438394 0.0308727 0.0424948 0.027215 0.0559627 
0.052491 0.0642646 0.0360473 0.0580781 0.0184526 0.0731225 0.0219567 0.0390805 0.0398384 0.0398455 0.0218879 0.0387252 0.0287777 0.0470421 0.116252 0.0655194 0.0818897 0.0384859 0.0487403 0.0695024 
0.05206 0.0613643 0.0400522 0.0543289 0.0229592 0.0691224 0.0235155 0.0407038 0.0431828 0.0415444 0.0227947 0.0425175 0.0309277 0.0472654 0.104078 0.065312 0.0760299 0.0393742 0.0470873 0.0757806 
0.0510459 0.057816 0.0453368 0.0497323 0.0300139 0.0642458 0.0258891 0.0424834 0.0466956 0.0435276 0.0242299 0.0471178 0.0339733 0.0476254 0.0903231 0.0645568 0.0691466 0.0403615 0.0448379 0.0810415 
0.0494061 0.053717 0.0517939 0.0445996 0.0402579 0.0586694 0.0293048 0.0442341 0.0499083 0.0456231 0.0264067 0.0521873 0.0380659 0.0481169 0.0758054 0.0630244 0.0615809 0.0413681 0.0420283 0.0839023 
0.0472216 0.0493128 0.0589389 0.039423 0.0538194 0.0527795 0.0338547 0.0457278 0.0522955 0.0475754 0.0294693 0.0571356 0.0431572 0.0486602 0.0617029 0.0605837 0.0539166 0.0422958 0.038851 0.0832797 
0.0447123 0.0449518 0.0659746 0.0347314 0.0700095 0.0470939 0.0393928 0.0467726 0.053479 0.049131 0.0333922 0.0612855 0.0489388 0.0491163 0.0492291 0.0573083 0.0468436 0.0430581 0.0356262 0.0789534 
0.042172 0.0409738 0.0720732 0.0308994 0.0874109 0.0420854 0.045543 0.047294 0.0533973 0.0501424 0.0379478 0.0641389 0.0549222 0.0493483 0.039198 0.0534905 0.0409149 0.0436108 0.0326894 0.0717477 
0.0398571 0.0375976 0.0766975 0.0280422 0.104376 0.0380233 0.0518354 0.0473572 0.0523058 0.0506139 0.0427827 0.0655584 0.0606187 0.0492838 0.0317922 0.0495357 0.0363699 0.0439633 0.0302685 0.0631213 
0.0379082 0.0348836 0.0797343 0.0260554 0.119572 0.0349365 0.0578709 0.0471168 0.0506184 0.0506637 0.0475502 0.0657443 0.0656907 0.048935 0.0266731 0.0458109 0.0331362 0.0441639 0.0284345 0.054502 
0.0363479 0.0327748 0.0814026 0.0247348 0.132233 0.0326888 0.0634052 0.046742 0.0487321 0.0504501 0.0520058 0.0650759 0.0699911 0.0483737 0.0232745 0.0425526 0.0309612 0.0442735 0.0271355 0.0468456 
0.0523944 0.0619593 0.0351326 0.0730886 0.016056 0.0740455 0.0232767 0.0394694 0.0397548 0.0390925 0.0232806 0.0371501 0.0299357 0.0446418 0.104769 0.0611602 0.0885601 0.0399603 0.0585065 0.0577665 
0.0520631 0.0596873 0.0387581 0.0689512 0.0190646 0.0704046 0.0245885 0.0408905 0.0430519 0.0406313 0.0240719 0.0408502 0.0318838 0.0451563 0.0953224 0.0614498 0.0828337 0.0409475 0.0564416 0.0629519 
0.0511805 0.0568511 0.0436849 0.0635173 0.0238833 0.0658817 0.0266429 0.0425151 0.0466413 0.0424999 0.0253586 0.0455462 0.0346679 0.0458645 0.0844116 0.0614257 0.0759491 0.0420673 0.05356 0.0678513 
0.049666 0.0534628 0.0499452 0.0570263 0.0311112 0.0605648 0.0297274 0.0442102 0.0500879 0.0445792 0.0274118 0.0510229 0.0384962 0.0467589 0.0724902 0.0608459 0.068146 0.0432286 0.0498634 0.0713554 
0.0475459 0.0496598 0.057208 0.0500118 0.0410725 0.0547491 0.0340528 0.0457789 0.0528371 0.0466444 0.0304806 0.0567565 0.0434196 0.0477451 0.0603847 0.059483 0.0599399 0.0443057 0.0455533 0.0723716 
0.044996 0.0457063 0.0647402 0.0431964 0.053504 0.0489154 0.0396155 0.0470166 0.0544024 0.0484216 0.034663 0.0620036 0.049229 0.0486479 0.0491302 0.0572434 0.0520513 0.0451749 0.0410339 0.0703085 
0.0423074 0.0419216 0.071618 0.037248 0.0674687 0.0435834 0.0461284 0.0477941 0.054584 0.0496958 0.0398079 0.0660647 0.0554727 0.0492759 0.039616 0.0542539 0.0451743 0.0457614 0.0367914 0.0654327 
0.0397777 0.0385683 0.0770922 0.0325448 0.0816463 0.0391236 0.0531056 0.0481097 0.0535497 0.050396 0.045544 0.0685633 0.0616139 0.0495067 0.0322695 0.0508322 0.0397244 0.0460665 0.0332089 0.0587572 
0.0376047 0.0357776 0.0808417 0.0291163 0.0948078 0.0356607 0.0600447 0.0480732 0.0517164 0.0505959 0.0514206 0.0695382 0.0672191 0.0493295 0.0270033 0.0473565 0.035751 0.0461558 0.0304523 0.0515348 
0.0358522 0.0335529 0.0829701 0.0267576 0.106143 0.0331115 0.0665723 0.0478403 0.0495459 0.0504473 0.0570542 0.0693211 0.0720494 0.0488236 0.023413 0.0441345 0.0330377 0.0461196 0.0284872 0.0447666 
0.051875 0.0576289 0.0372009 0.0858793 0.0162311 0.0709517 0.0259189 0.0410996 0.0430652 0.0398173 0.0255109 0.0387927 0.0326582 0.0424365 0.0843928 0.0568835 0.0882087 0.0423999 0.067669 0.0513801 
0.0511307 0.0554362 0.041584 0.0799311 0.0194081 0.0668952 0.0276934 0.0425306 0.0466607 0.0415182 0.0266687 0.0433169 0.0351566 0.0433927 0.0761845 0.0573804 0.0816385 0.0436563 0.0643166 0.0555008 
0.0497814 0.0527391 0.0473678 0.072346 0.024307 0.0620059 0.0304547 0.0441034 0.0502703 0.0435005 0.0285812 0.0488746 0.0386681 0.0446077 0.0669671 0.0575676 0.0739911 0.045004 0.0598521 0.059011 
0.0477953 0.0495772 0.0544051 0.0635891 0.0313114 0.056465 0.0345171 0.0456681 0.0533405 0.0455915 0.0315943 0.0550812 0.0433371 0.0459937 0.0572079 0.0571826 0.0656468 0.0462963 0.0544287 0.0609717 
0.0452831 0.0461138 0.0621107 0.0544904 0.040432 0.0506679 0.0400311 0.0470332 0.0552976 0.0475285 0.0359485 0.0612243 0.0490703 0.0473559 0.0476567 0.0560059 0.057268 0.0473633 0.0484861 0.0606331 
0.0425052 0.0426139 0.0695542 0.0460184 0.0511299 0.0451366 0.0468406 0.0480343 0.0557913 0.0490491 0.0416171 0.0664642 0.0554854 0.0484472 0.0391298 0.0539871 0.0496294 0.0480758 0.0426623 0.0578284 
0.0397847 0.039356 0.0758085 0.0389258 0.0624255 0.0403315 0.0544841 0.0486053 0.0548642 0.050003 0.0482557 0.07017 0.0620204 0.0490741 0.0322003 0.0513012 0.0433297 0.0483993 0.0375587 0.0531022 
0.0373801 0.0365338 0.0803153 0.0335163 0.0732619 0.0364929 0.0623673 0.0487987 0.0529044 0.0503991 0.0553235 0.0721491 0.0681451 0.049175 0.027017 0.0482785 0.0385939 0.0484008 0.0335207 0.0474268 
0.0354123 0.0342176 0.0830078 0.0296774 0.0828525 0.0336187 0.06997 0.0487422 0.050433 0.0503632 0.0622814 0.0726186 0.0735153 0.0488178 0.0233701 0.0452649 0.035296 0.0482029 0.03059 0.0417487 
0.0338775 0.0323811 0.0841766 0.0270823 0.090809 0.031554 0.0769503 0.0485741 0.0479034 0.0500611 0.0687295 0.0720095 0.0779934 0.0481396 0.02089 0.0425144 0.0331244 0.0479272 0.0286054 0.0366978 
0.0515346 0.055513 0.0355234 0.103844 0.0142077 0.0707281 0.0273173 0.0412772 0.0431359 0.0391401 0.0269525 0.0365704 0.0331372 0.0394325 0.0727858 0.0521335 0.0915251 0.0435675 0.079936 0.0417391 
0.0509186 0.0538536 0.0392379 0.0978515 0.0162489 0.0672027 0.0288482 0.0425008 0.0466615 0.04064 0.0280039 0.0406869 0.0353252 0.0404981 0.0668544 0.0529174 0.085522 0.0449309 0.0763967 0.0449008 
0.0497553 0.0517683 0.0443127 0.0896927 0.0194667 0.0628743 0.0312917 0.0439064 0.0503534 0.0424575 0.02976 0.045988 0.0384653 0.0418893 0.0600943 0.0536154 0.0784068 0.0464586 0.0714662 0.0479777 
0.0479631 0.0492214 0.0507824 0.079644 0.02422 0.0578046 0.0350404 0.045398 0.0536917 0.0444821 0.032639 0.0522729 0.042782 0.0435477 0.0526819 0.0539885 0.0703887 0.048001 0.0651874 0.0502634 
0.0455766 0.0462765 0.058274 0.0684799 0.0306662 0.0522624 0.0403967 0.0468191 0.056051 0.0464929 0.0370255 0.0589653 0.0483089 0.0452915 0.045054 0.0537589 0.0619771 0.0493503 0.0579405 0.051033 
0.0427941 0.0431179 0.0659635 0.0573663 0.0385627 0.0467106 0.047375 0.0479952 0.0569321 0.0482128 0.0430611 0.0651946 0.0547711 0.0468405 0.0378368 0.0527286 0.0539214 0.0503067 0.0504479 0.0498612 
0.0399347 0.0400065 0.0728268 0.0474751 0.0472426 0.0416601 0.0555965 0.0488067 0.0562107 0.0494222 0.0504925 0.0701109 0.0616189 0.0479233 0.0316226 0.0509001 0.0469559 0.0507647 0.0435491 0.0468803 
0.0373106 0.0371817 0.0780672 0.0395439 0.055846 0.0374722 0.0644036 0.0492415 0.0541957 0.0500503 0.0587271 0.0732388 0.0682317 0.0483969 0.026735 0.0484947 0.0415116 0.0507591 0.0378666 0.0427261 
0.0351127 0.0347835 0.0813935 0.0337139 0.0636461 0.0342575 0.0731156 0.0493842 0.0514459 0.0501757 0.0670634 0.0745998 0.0741405 0.0482872 0.0231625 0.0458459 0.0376169 0.0504306 0.0336211 0.0382035 
0.0333847 0.0328416 0.0829842 0.029693 0.0702375 0.0319212 0.0812274 0.0493611 0.0485149 0.0499554 0.0749159 0.0745649 0.0791162 0.0477343 0.0206714 0.0432621 0.0350156 0.0499494 0.030691 0.0339586 
0.0505967 0.0523593 0.0369032 0.115799 0.0140734 0.0668503 0.0299385 0.0424159 0.0465627 0.0399076 0.029223 0.0379825 0.035162 0.0375468 0.0577051 0.0485583 0.0873241 0.0457754 0.0887916 0.0365248 
0.049616 0.0507721 0.0411385 0.107716 0.0161485 0.0631412 0.0320719 0.0436337 0.050243 0.0415177 0.0308152 0.0427522 0.0378897 0.0389519 0.0529174 0.0495041 0.0809848 0.0474311 0.0838021 0.0389536 
0.0480523 0.0487651 0.0467762 0.0971083 0.0192984 0.0586824 0.0354547 0.0450001 0.0537725 0.0433962 0.0334849 0.0487222 0.0417625 0.0407056 0.047548 0.050352 0.0736795 0.049204 0.0771216 0.041114 
0.0458681 0.0463188 0.0536768 0.0845152 0.023734 0.0536003 0.0405186 0.0464071 0.0565215 0.0453842 0.0377364 0.0555277 0.0469368 0.0426726 0.0417728 0.0508371 0.0657098 0.0508748 0.0689687 0.0424192 
0.0431776 0.0435256 0.0612259 0.0710841 0.0294106 0.0482391 0.0474741 0.0476973 0.0578697 0.047227 0.0439046 0.0624021 0.0532823 0.0445831 0.0359794 0.0506807 0.0576822 0.05218 0.0600128 0.0423624 
0.0402576 0.0405955 0.0684287 0.0583056 0.0359249 0.0430936 0.0560966 0.0487186 0.0574963 0.0486627 0.0519025 0.0683802 0.0603189 0.0461107 0.0306659 0.0497255 0.0503592 0.0529164 0.0512582 0.0407832 
0.0374504 0.0377869 0.0743027 0.0474502 0.0426175 0.0386213 0.0657262 0.0493941 0.055563 0.0495392 0.0611569 0.0727025 0.0673641 0.0470156 0.0262359 0.0480383 0.0443537 0.0530388 0.0436583 0.0379847 
0.0350207 0.0353048 0.078296 0.0391155 0.0488406 0.0350673 0.0755267 0.0497517 0.0526178 0.049867 0.0708228 0.0751133 0.0738075 0.0472434 0.0228444 0.0458805 0.0398978 0.0526706 0.0377442 0.0345678 
0.0330787 0.0332442 0.0804068 0.0332091 0.0541808 0.0324316 0.084792 0.0498912 0.0493098 0.0497755 0.0801016 0.0758426 0.0792948 0.0469068 0.0204046 0.0435765 0.0368545 0.0520219 0.0335446 0.0311329 
0.031603 0.0316041 0.081009 0.0292513 0.0585118 0.0305606 0.0930857 0.0499264 0.0461508 0.0494312 0.088437 0.0753696 0.0837305 0.0461951 0.0187069 0.0413891 0.0348951 0.0512911 0.0307695 0.0280827 
0.0502286 0.0511133 0.0347967 0.132395 0.012594 0.0660017 0.0308581 0.0422869 0.0463322 0.0393342 0.0302343 0.0354906 0.0347431 0.0348555 0.0496962 0.0446938 0.087265 0.0461881 0.100515 0.0303787 
0.0494086 0.0499065 0.0381811 0.124981 0.0139283 0.0628866 0.0326974 0.0433189 0.0498973 0.0407246 0.0316681 0.0395695 0.0370454 0.0361426 0.0463281 0.0456768 0.0817592 0.0478874 0.0958607 0.0321317 
0.0480767 0.0483417 0.0428561 0.114625 0.0159963 0.0590881 0.0356767 0.0445293 0.0535121 0.042405 0.034076 0.0449203 0.0404107 0.0378202 0.0425362 0.0467291 0.0753695 0.0498147 0.0892951 0.0339215 
0.0461434 0.0463424 0.0488815 0.101517 0.0190056 0.0546065 0.0403159 0.0458617 0.0565921 0.0442825 0.0380359 0.051408 0.0450962 0.0398171 0.0383246 0.0476466 0.0681969 0.0517748 0.080821 0.0353301 
0.0436341 0.0439149 0.0559073 0.08654 0.0230246 0.0496357 0.0470163 0.0471977 0.0584524 0.0461547 0.0440651 0.0584815 0.0511344 0.0419195 0.0338673 0.0481473 0.06063 0.0534746 0.0709048 0.0358981 
0.0407487 0.0411936 0.0631047 0.0712465 0.0278543 0.0445807 0.0557743 0.0483808 0.0585795 0.047756 0.0523067 0.0652158 0.0581817 0.0437967 0.0295049 0.0479711 0.0533291 0.054615 0.0605422 0.0353179 
0.0378204 0.0384212 0.0694234 0.0573727 0.033028 0.0399342 0.0660254 0.0492833 0.056922 0.0488696 0.0623101 0.0706448 0.0655589 0.0451283 0.025624 0.0470242 0.0469974 0.0550295 0.0509609 0.0336221 
0.0351755 0.0358515 0.0740618 0.0461338 0.0379906 0.0360694 0.0768236 0.0498662 0.0539364 0.0494257 0.0731489 0.0741932 0.0725208 0.0457534 0.022485 0.0454417 0.0420734 0.0547676 0.0431006 0.0311811 
0.0330049 0.033652 0.0767737 0.0378666 0.0423278 0.0331148 0.0872347 0.0501858 0.0503328 0.0495039 0.0838023 0.0758523 0.0785476 0.0457166 0.0201372 0.0435111 0.0385982 0.0540459 0.0372955 0.0284964 
0.0313401 0.0318753 0.077811 0.0322115 0.0458715 0.0309862 0.0966216 0.050345 0.0467541 0.0492606 0.0934898 0.076021 0.0834428 0.0451953 0.0184675 0.0415293 0.0363221 0.0531232 0.0333542 0.025978 
0.0491783 0.0492372 0.0356573 0.140362 0.0124561 0.062273 0.0331417 0.0429994 0.0493451 0.0400888 0.0322958 0.0367371 0.0360803 0.0337048 0.0408534 0.0424043 0.0811474 0.0479102 0.106822 0.027306 
0.0480578 0.0480179 0.039378 0.13093 0.0138213 0.0590944 0.035709 0.0440458 0.0529191 0.0415521 0.0344248 0.0413045 0.0389195 0.0351854 0.0381642 0.043459 0.0756714 0.0498824 0.100813 0.028651 
0.0463895 0.0464004 0.0443913 0.118244 0.0158613 0.0552615 0.0398255 0.0452609 0.0562199 0.0432575 0.037983 0.0471435 0.0430215 0.0370424 0.0351351 0.0445509 0.0694512 0.0520329 0.0926202 0.0299076 
0.0441257 0.0443237 0.0505964 0.10276 0.0186944 0.0508239 0.0460438 0.0465751 0.0585669 0.0450681 0.0436218 0.0539652 0.0485683 0.0391426 0.0317914 0.0454509 0.0626513 0.0540875 0.0824227 0.0307207 
0.0413715 0.0418377 0.0574255 0.0857785 0.0222645 0.0460455 0.0546129 0.0478574 0.0593044 0.046752 0.051736 0.0610317 0.0554042 0.0412064 0.0283126 0.0458744 0.0557339 0.0556892 0.0710051 0.0307568 
0.038407 0.0391341 0.0639124 0.0692346 0.0262769 0.0413739 0.0651768 0.0489547 0.0581353 0.0480614 0.0621094 0.0673267 0.0629462 0.0428841 0.0250004 0.045606 0.0493624 0.0565406 0.0596797 0.0298778 
0.0355878 0.036486 0.0690922 0.0549566 0.0302834 0.0372656 0.0767847 0.0497647 0.0553285 0.0488492 0.0738496 0.0719914 0.0703688 0.0439133 0.0221493 0.0446307 0.0441195 0.0565601 0.0497784 0.0282405 
0.0331866 0.0341304 0.0724456 0.0439286 0.0338801 0.0339899 0.0882881 0.0502831 0.0515794 0.0491268 0.0857477 0.0747005 0.0769638 0.0442357 0.0199131 0.0431439 0.0402507 0.0559113 0.0420838 0.0262107 
0.0313086 0.0321877 0.0740251 0.0361433 0.0368554 0.0315703 0.0987904 0.0505847 0.0476487 0.0490214 0.09676 0.0756743 0.082376 0.0439783 0.0182766 0.0414354 0.0376439 0.054888 0.0366642 0.0241683 
0.0299192 0.0306667 0.0742528 0.0309907 0.0392026 0.0298671 0.10782 0.050769 0.044085 0.0486931 0.106252 0.075416 0.0865812 0.0433475 0.0171228 0.0397574 0.0359946 0.0537675 0.0331246 0.0223708 
