20 hexa 10 10 gaussian
#SNAPSHOT FILE
#iterations: 32000 (200000 total)
0.0416045 0.0886515 0.0263951 0.02665 0.0125005 0.0750454 0.0142811 0.0285457 0.0284106 0.0361034 0.0151621 0.0338269 0.0189057 0.0553915 0.255611 0.0739255 0.0648252 0.0314177 0.0233971 0.0493524 
0.0434256 0.0866206 0.0262004 0.0247702 0.0130808 0.0733036 0.0145845 0.0301415 0.0305578 0.037834 0.0158875 0.0355323 0.0188494 0.0525296 0.225327 0.0762996 0.0607031 0.0328426 0.0239898 0.077521 
0.0458402 0.0803576 0.027015 0.021495 0.0147256 0.0698033 0.0154381 0.0332224 0.0351389 0.0412556 0.0167345 0.0383906 0.0188367 0.0477239 0.175978 0.0770368 0.0543517 0.0344391 0.0254001 0.126817 
0.047637 0.0697072 0.0297779 0.0178068 0.0194465 0.0646812 0.0172596 0.0379442 0.0421679 0.0464058 0.0175878 0.0424883 0.0194059 0.0422652 0.118731 0.0736455 0.046978 0.0355527 0.0276661 0.182847 
0.047819 0.058357 0.0345318 0.0155037 0.0314976 0.0591034 0.020385 0.0431529 0.0496067 0.0520722 0.0185592 0.0467729 0.021269 0.0386665 0.0748392 0.0662353 0.0407626 0.0357722 0.0301694 0.214925 
0.046635 0.0488354 0.0407558 0.0153617 0.0594857 0.0530427 0.0256036 0.0474302 0.0554678 0.0569188 0.0202396 0.0497726 0.0252874 0.0376156 0.0492166 0.0567395 0.0356585 0.0354909 0.0321741 0.20827 
0.0444539 0.0407242 0.0477296 0.0171726 0.114213 0.04557 0.0339059 0.0491827 0.0577694 0.0594588 0.0233657 0.0498413 0.0325799 0.0383214 0.0345824 0.0463141 0.0305858 0.0353067 0.0329031 0.16602 
0.0414957 0.0338641 0.0534855 0.0198836 0.189352 0.0376856 0.0439147 0.0471736 0.0547645 0.0583875 0.0276887 0.0462098 0.0426362 0.0397563 0.0260459 0.0367895 0.0260595 0.0354836 0.0316675 0.107658 
0.038523 0.0290878 0.0563483 0.0219224 0.254813 0.0320563 0.0518794 0.0430248 0.0484801 0.0550216 0.0315877 0.0411435 0.0523538 0.0409613 0.0218886 0.0304175 0.0234425 0.0357755 0.0291321 0.0621423 
0.03623 0.0262795 0.0570979 0.0228023 0.294475 0.0292324 0.0565238 0.0394484 0.0426053 0.051876 0.0341411 0.0372841 0.0598284 0.0415775 0.0202055 0.0270653 0.0226115 0.0358884 0.0266686 0.0381632 
0.043245 0.0835157 0.0270647 0.0281237 0.0135568 0.0795898 0.0153426 0.0314015 0.0280614 0.035597 0.0169903 0.0343152 0.0220722 0.0534988 0.218644 0.0740276 0.0808543 0.0330609 0.0251594 0.0558799 
0.0468228 0.0802207 0.0276932 0.0257319 0.0147205 0.0757222 0.0157605 0.0335995 0.0309675 0.0383325 0.017841 0.0376615 0.0221839 0.0511764 0.183218 0.0787269 0.0711928 0.0340496 0.0256823 0.088697 
0.0501426 0.0726652 0.0304464 0.0221575 0.0175786 0.0693069 0.0167797 0.0373064 0.0363385 0.0432039 0.0186421 0.043459 0.0225794 0.0478617 0.134101 0.0810139 0.0585085 0.0348115 0.0269402 0.136159 
0.0509538 0.0623293 0.0362292 0.0188798 0.0246389 0.0618757 0.0188105 0.0419987 0.0431347 0.0494972 0.0193182 0.0510765 0.0239944 0.045065 0.0877582 0.0773827 0.0468647 0.0350382 0.0288378 0.176318 
0.0490217 0.0524722 0.0446564 0.0173619 0.0411235 0.0549346 0.0224599 0.0464001 0.049223 0.0555674 0.0202225 0.0582412 0.0273617 0.0439753 0.0571777 0.0683387 0.0388277 0.0348695 0.0307574 0.187008 
0.045766 0.0441064 0.0544917 0.0178153 0.0759405 0.0479156 0.0288515 0.0492571 0.0530107 0.0598397 0.022022 0.0622571 0.0339813 0.0440524 0.0397219 0.0565627 0.0330754 0.0347313 0.0319417 0.16466 
0.0423022 0.0369557 0.0628793 0.0196047 0.133892 0.0403819 0.038417 0.0491824 0.0529293 0.0605474 0.0251187 0.0604871 0.0447337 0.0440365 0.0293306 0.0446724 0.0283497 0.0349565 0.0316052 0.11962 
0.0392844 0.0314551 0.0664834 0.0214791 0.199355 0.0339336 0.0487015 0.0461735 0.0489369 0.0575331 0.0287938 0.0536018 0.0576115 0.0433043 0.0233957 0.0355812 0.0251523 0.0354898 0.029652 0.0740824 
0.037024 0.0279295 0.0658341 0.0225346 0.248572 0.0300303 0.0565409 0.0424727 0.043693 0.0533882 0.0317767 0.0462074 0.0690698 0.0422575 0.0205476 0.0303512 0.0238549 0.0359745 0.0271495 0.0447936 
0.0354595 0.0258445 0.0638185 0.0228403 0.276263 0.0281824 0.0615295 0.0398222 0.0393871 0.05019 0.0337001 0.0411486 0.0779373 0.0413563 0.0192331 0.0277274 0.0237677 0.0362331 0.0250459 0.0305149 
0.042611 0.0763788 0.0280579 0.0322682 0.0141222 0.0875166 0.0169658 0.0338877 0.0257414 0.0334006 0.0183133 0.0326808 0.0269769 0.0513767 0.192641 0.0684484 0.113792 0.0342113 0.0290954 0.0415158 
0.0477616 0.075292 0.0285875 0.0311217 0.0152116 0.0832924 0.0171618 0.0354889 0.0274104 0.0353822 0.0190869 0.0360319 0.0273116 0.0513856 0.170405 0.0762406 0.100249 0.0345081 0.0284858 0.0595864 
0.0536352 0.0714312 0.0312397 0.0286083 0.0173038 0.0757238 0.0175698 0.0381933 0.0309754 0.0394651 0.0198067 0.0426063 0.027739 0.0512991 0.135435 0.0849816 0.080759 0.0344483 0.0280491 0.0907318 
0.0566393 0.0641951 0.0378747 0.0251549 0.0216004 0.0658722 0.0185463 0.0419498 0.0364463 0.0456806 0.0202965 0.0531302 0.0288422 0.0514038 0.0952506 0.0887145 0.0599434 0.0340877 0.0282157 0.126157 
0.0544949 0.0554743 0.0489968 0.0223087 0.0307649 0.0567007 0.0207153 0.0457978 0.0421418 0.0524768 0.0207 0.0652773 0.0316063 0.0521073 0.0636128 0.0830794 0.0447413 0.0337785 0.029067 0.146158 
0.0491578 0.0473004 0.0630844 0.021099 0.050013 0.0491131 0.0251371 0.0487094 0.0463466 0.0580133 0.0215192 0.0749617 0.037364 0.0529584 0.0443157 0.070489 0.0359664 0.033794 0.0299734 0.140685 
0.0436183 0.0402095 0.0763846 0.0213498 0.0856274 0.0421366 0.0330991 0.0498121 0.0480184 0.0606185 0.0232832 0.0779418 0.0477778 0.052536 0.0328734 0.055851 0.0306989 0.034215 0.0300905 0.113859 
0.0395601 0.0344179 0.0832778 0.0221872 0.135848 0.0357581 0.0444213 0.0485648 0.0466286 0.0592019 0.0260711 0.0721224 0.0629909 0.0498353 0.0256821 0.0434456 0.0273961 0.0349833 0.028922 0.0786872 
0.0371658 0.0302557 0.0818473 0.0227444 0.184885 0.0310814 0.0562096 0.0458395 0.0431547 0.0550931 0.0291163 0.0613956 0.079664 0.0458563 0.0214165 0.0355385 0.0258948 0.0358381 0.0268617 0.0501434 
0.035794 0.027593 0.0762897 0.0228298 0.218542 0.0284284 0.0656488 0.0433102 0.0394788 0.0509657 0.0315461 0.0518787 0.0940405 0.0423878 0.0191307 0.0314505 0.0257757 0.0365157 0.0248 0.0335982 
0.0478066 0.0664164 0.029352 0.0384227 0.0156268 0.0907427 0.0196534 0.0382466 0.0246067 0.0329593 0.0204519 0.0338812 0.0336931 0.0474016 0.139759 0.068718 0.138315 0.0360338 0.0369865 0.0409299 
0.056421 0.0655415 0.031617 0.0379276 0.0174696 0.0828125 0.0197642 0.0401654 0.026777 0.035931 0.0209943 0.0399073 0.034189 0.0500597 0.119269 0.0819649 0.113263 0.0352277 0.0341306 0.0565678 
0.063231 0.0623586 0.0381885 0.0356814 0.0205494 0.0712739 0.0199674 0.0429206 0.0307695 0.0412314 0.0212923 0.0512187 0.0350075 0.0539146 0.0916066 0.0942568 0.0825171 0.0339593 0.0310867 0.0789693 
0.0629838 0.0566626 0.051069 0.0320168 0.0258217 0.0593583 0.0208271 0.0459152 0.0358086 0.0478993 0.0213682 0.067054 0.0370459 0.0582416 0.0651778 0.0963539 0.0562433 0.0330686 0.0290737 0.098011 
0.0559805 0.0498435 0.0693286 0.0285929 0.0355589 0.050002 0.0234835 0.0482466 0.0401344 0.0539191 0.0216151 0.0825717 0.0416141 0.061679 0.0467494 0.0858995 0.0406454 0.0331428 0.0283685 0.102624 
0.0471297 0.0432908 0.0886193 0.0264527 0.0535221 0.0429121 0.029555 0.049462 0.0425942 0.0576752 0.0225414 0.0919055 0.0505247 0.062605 0.0354397 0.0691793 0.0330948 0.0339477 0.0280513 0.0914976 
0.0403131 0.0376684 0.101731 0.0253484 0.0822469 0.0369766 0.0405162 0.0494295 0.0428067 0.0581111 0.0245445 0.090872 0.0655858 0.0596359 0.0280568 0.0533134 0.0295794 0.0350193 0.0272469 0.0709982 
0.0366083 0.0332338 0.10296 0.0245521 0.11738 0.0321411 0.0557269 0.0483548 0.041062 0.0554068 0.0275381 0.0804049 0.0859549 0.053283 0.022915 0.0422518 0.0282805 0.0360645 0.0257859 0.0500955 
0.0350752 0.0300237 0.0945384 0.0237419 0.14802 0.0288152 0.071582 0.0469564 0.0384115 0.0514483 0.0307348 0.0670771 0.106965 0.046309 0.0195026 0.0361982 0.0284393 0.0369493 0.0241301 0.0350854 
0.0344333 0.027884 0.0836907 0.0230592 0.166968 0.0269047 0.0846254 0.0459451 0.0359123 0.0481048 0.033357 0.0566609 0.12432 0.0410205 0.0174173 0.0333314 0.0293284 0.0376241 0.0227773 0.0266378 
0.0466594 0.0567295 0.0296878 0.048692 0.0156223 0.0946408 0.0228563 0.0406513 0.0227767 0.0317721 0.0221264 0.0318585 0.0394636 0.0405205 0.102707 0.0576746 0.17071 0.038102 0.0560979 0.0306515 
0.0566825 0.0574798 0.0312821 0.0511851 0.0171919 0.0876635 0.0229394 0.0420525 0.0241882 0.0335561 0.0224508 0.0363378 0.0400182 0.0442454 0.0926665 0.0714589 0.144752 0.0371108 0.0501063 0.0366339 
0.0670494 0.0574692 0.0365719 0.0520248 0.0196598 0.0765819 0.0228413 0.0440063 0.0272119 0.037387 0.022533 0.0457731 0.0405553 0.0503455 0.0774898 0.088739 0.10924 0.0353973 0.0422773 0.046846 
0.0710332 0.0554355 0.0487334 0.0491089 0.0232321 0.063367 0.0228337 0.0462506 0.0319306 0.0430514 0.0223255 0.061684 0.041756 0.0581381 0.0602045 0.100066 0.0733321 0.0339341 0.0347882 0.0587948 
0.0650264 0.0511396 0.0687026 0.0430513 0.0284545 0.0519531 0.0240324 0.0480346 0.0369075 0.0488175 0.022197 0.0807171 0.0448476 0.0652697 0.0458729 0.0965548 0.0485081 0.033913 0.0299645 0.0660359 
0.0535473 0.0457708 0.0926019 0.0367669 0.0367921 0.0437981 0.028348 0.0489671 0.0403432 0.0529068 0.0227827 0.0959102 0.051483 0.0691679 0.036134 0.0810373 0.0362083 0.0352207 0.0276193 0.0645943 
0.0430399 0.0406143 0.112423 0.0320099 0.0500735 0.037831 0.0381767 0.0492956 0.0414138 0.054448 0.0247258 0.101298 0.0638636 0.0680573 0.0294851 0.0628894 0.0313636 0.0368231 0.0262515 0.055917 
0.0365174 0.0362298 0.119655 0.0286651 0.0683546 0.0330658 0.0551967 0.0493984 0.0402696 0.0533901 0.0284483 0.0951735 0.0833932 0.0617286 0.0244097 0.0488231 0.0301013 0.0379827 0.0249721 0.0442257 
0.0336415 0.0327 0.11216 0.0261601 0.087616 0.0293764 0.0774776 0.0494744 0.0377799 0.0506776 0.0335072 0.0817501 0.107464 0.0525399 0.0204086 0.0405428 0.0306919 0.0386219 0.0237382 0.0336724 
0.0327187 0.030069 0.0969451 0.0243629 0.101979 0.0269014 0.0992733 0.0495999 0.0350932 0.0478283 0.0385497 0.0682035 0.129919 0.0441193 0.0175406 0.0365569 0.0321078 0.038985 0.0228155 0.0264348 
0.0542768 0.0507219 0.0304062 0.0690026 0.016275 0.0870524 0.0264011 0.0429499 0.0231115 0.0329335 0.024704 0.0331679 0.0430169 0.0367973 0.0667927 0.057356 0.158434 0.0391359 0.0807308 0.0267364 
0.0656834 0.0521908 0.0338268 0.075067 0.0180461 0.078702 0.0263528 0.0443832 0.0258385 0.0352157 0.0246009 0.0392646 0.043441 0.0426052 0.0597147 0.0735677 0.126465 0.0377964 0.0671005 0.0301397 
0.0737822 0.0527394 0.0428828 0.0761141 0.0206666 0.0672296 0.0260799 0.0460862 0.0309531 0.0393375 0.0241282 0.0514787 0.0439959 0.0512739 0.0506506 0.0897972 0.0892941 0.036509 0.0515828 0.0354186 
0.0720454 0.0510962 0.0604916 0.0688935 0.0241397 0.055394 0.0263137 0.047593 0.0377587 0.0442977 0.0235778 0.0696404 0.0456698 0.0609882 0.0417994 0.0953975 0.0584474 0.0367079 0.0389464 0.0408015 
0.0611015 0.0473867 0.085253 0.0565111 0.0286366 0.0459541 0.0290109 0.0484692 0.0436635 0.0482996 0.0238504 0.0881902 0.049933 0.0684191 0.0348222 0.0862113 0.0406055 0.0387893 0.0315696 0.0433235 
0.0479385 0.042909 0.109728 0.0446656 0.0347252 0.0392011 0.0371617 0.0489308 0.0462755 0.0502851 0.0261518 0.0996841 0.0587043 0.0707299 0.0295695 0.0692625 0.0331076 0.0414054 0.0279267 0.0416376 
0.038095 0.0386627 0.123653 0.0359918 0.042801 0.0341606 0.0540408 0.049543 0.0450316 0.0502353 0.0316191 0.0998598 0.0740013 0.0667926 0.0252255 0.053575 0.0311104 0.0430074 0.0259032 0.0366912 
0.0328011 0.0349437 0.120734 0.0301969 0.0519251 0.0302082 0.0802314 0.0505438 0.0410981 0.0487918 0.0403575 0.0900322 0.0954438 0.0579732 0.0213796 0.0432957 0.0317552 0.0431407 0.024606 0.0305413 
0.0306923 0.0319144 0.104884 0.0264679 0.0595723 0.0273197 0.110011 0.0516687 0.0365202 0.0469621 0.0503369 0.076362 0.117982 0.0479946 0.0182239 0.0380413 0.0335118 0.0424107 0.0239215 0.0252044 
0.0300218 0.0297658 0.0865626 0.0243188 0.063837 0.0255268 0.135052 0.0525683 0.0328506 0.0455278 0.0588058 0.0649423 0.135837 0.040238 0.0160318 0.0357585 0.0353189 0.0416135 0.0237692 0.0216559 
0.0506475 0.0470345 0.0293531 0.0896798 0.0149936 0.0800929 0.0296391 0.0428763 0.023041 0.0338735 0.0280221 0.031055 0.0422383 0.0307393 0.0480817 0.0447679 0.146769 0.0404029 0.125163 0.0215308 
0.0602059 0.0487736 0.0312134 0.102233 0.0159416 0.0752889 0.0296711 0.044039 0.0257814 0.0349363 0.0277568 0.034043 0.0427516 0.034741 0.0448206 0.0559158 0.123411 0.0398123 0.1062 0.0224654 
0.0694345 0.0503402 0.036572 0.111015 0.017543 0.0679244 0.029495 0.0453742 0.031605 0.0374899 0.0270792 0.0410333 0.0430928 0.041493 0.0405454 0.0701626 0.0938567 0.0394182 0.0821989 0.0243267 
0.0724705 0.0504162 0.0486482 0.107816 0.0200297 0.0586368 0.0293715 0.0466483 0.0411477 0.0412912 0.0260828 0.0540706 0.0437855 0.0506353 0.0359843 0.0807617 0.0652439 0.040551 0.059129 0.0272797 
0.0658659 0.0482865 0.06912 0.0909894 0.023328 0.0493889 0.0307535 0.0475676 0.0519317 0.0450034 0.0257358 0.0714361 0.0459908 0.0598542 0.0319161 0.0802351 0.0452171 0.0440765 0.0429385 0.0303649 
0.0532707 0.0446206 0.0938645 0.06866 0.0271914 0.0417673 0.0367012 0.0482472 0.0589613 0.0472455 0.0280325 0.0868185 0.0513623 0.0657552 0.0284392 0.0691336 0.0351444 0.0487144 0.0341733 0.0318974 
0.041262 0.0405248 0.11284 0.0496739 0.0314227 0.0359826 0.0514319 0.0491722 0.0588365 0.0476951 0.0354109 0.0936895 0.0617556 0.0657862 0.0252161 0.0549842 0.031768 0.0518348 0.0298124 0.0309001 
0.0333851 0.036582 0.116448 0.0369392 0.0356826 0.0315696 0.0777427 0.0505998 0.0523143 0.046959 0.0491419 0.0899664 0.0778065 0.059778 0.0220284 0.0440682 0.0318876 0.0518427 0.0274744 0.0277843 
0.029509 0.0331366 0.104153 0.0294144 0.039155 0.0282963 0.111666 0.0522107 0.0433487 0.0459231 0.0667103 0.0793302 0.0963713 0.0505471 0.0190901 0.0379231 0.0335242 0.0493734 0.0263259 0.0239917 
0.0279849 0.0305848 0.0855818 0.0254084 0.0410857 0.0261758 0.142932 0.0534771 0.0358965 0.0451917 0.0826586 0.0681939 0.112003 0.0421145 0.0168371 0.0351306 0.0353645 0.0463794 0.0260518 0.0209496 
0.0537998 0.0475602 0.0294086 0.126884 0.0139806 0.0675321 0.0323107 0.0434526 0.0260082 0.0358244 0.0314394 0.0309443 0.0394541 0.029394 0.0354069 0.0424404 0.103726 0.0407347 0.151041 0.0186605 
0.0611748 0.0492319 0.0321714 0.144328 0.0146012 0.0642426 0.0321931 0.0446219 0.0319762 0.0372011 0.0305894 0.0337904 0.0399311 0.0334448 0.0332046 0.0512733 0.084418 0.0411606 0.120942 0.0195042 
0.0661481 0.0499983 0.0387639 0.150716 0.0160234 0.0591334 0.0320392 0.0456728 0.0433749 0.0398356 0.0292816 0.0405798 0.0402375 0.039682 0.0308025 0.0604664 0.0639566 0.0433093 0.0887263 0.0212544 
0.0646388 0.0489355 0.05174 0.13727 0.0185738 0.0524022 0.0326158 0.0463922 0.059764 0.04309 0.0281873 0.0524925 0.0409311 0.0474619 0.0285851 0.0648044 0.0472053 0.048506 0.0624221 0.0239822 
0.0560741 0.0460638 0.0711012 0.107323 0.0220391 0.045207 0.0362687 0.0469954 0.0751835 0.0456435 0.0296063 0.0671355 0.0433578 0.0546817 0.026597 0.0609723 0.0369095 0.0561481 0.0459693 0.0267243 
0.044673 0.0421769 0.0906697 0.0744344 0.0257342 0.0388339 0.0472304 0.0480388 0.0809953 0.0465822 0.0375609 0.0786912 0.0493321 0.0584141 0.0245736 0.0516508 0.0324458 0.0627473 0.0373351 0.027881 
0.0352537 0.0379737 0.100287 0.0494044 0.0289602 0.0337777 0.0698402 0.0497235 0.0737641 0.0461751 0.0556335 0.0821496 0.0600042 0.0567332 0.0222991 0.0424852 0.0317278 0.0644382 0.0327459 0.0266261 
0.0296305 0.033994 0.0947315 0.0344166 0.0312225 0.0299971 0.10291 0.0515736 0.0586052 0.0454157 0.082062 0.0773383 0.0737817 0.0504846 0.0198955 0.0366458 0.0328478 0.0605854 0.0301392 0.0237239 
0.027017 0.030903 0.0798716 0.0268918 0.0323349 0.0274774 0.1366 0.0529471 0.0441988 0.0450416 0.108254 0.0689384 0.0862848 0.0430711 0.0178081 0.0338515 0.0343951 0.0543821 0.0289061 0.0208267 
0.025946 0.0289882 0.0654061 0.0235959 0.0325406 0.0260669 0.161506 0.0536829 0.0349397 0.0450997 0.12717 0.0616887 0.0947401 0.0373254 0.0163228 0.0326468 0.035602 0.0492167 0.0286286 0.0188873 
0.0488264 0.0475469 0.0283871 0.143891 0.0125029 0.0590716 0.0341805 0.0429349 0.0259994 0.036911 0.0347747 0.0295063 0.0355334 0.0266506 0.0306129 0.0348783 0.0803504 0.040835 0.190085 0.016521 
0.05354 0.0490683 0.0298853 0.16726 0.0125055 0.0583988 0.0339675 0.0441029 0.0312672 0.0375609 0.0337429 0.0301265 0.0362848 0.0288057 0.0292811 0.0391621 0.0689806 0.0415666 0.157294 0.0172002 
0.0577939 0.0500267 0.0332094 0.183624 0.0130156 0.0567235 0.0337533 0.0451245 0.0423333 0.039282 0.0322512 0.0325956 0.0367057 0.0323148 0.0277277 0.0445452 0.0565512 0.0440182 0.11981 0.0185945 
0.0589503 0.0495858 0.0399746 0.180558 0.0146331 0.0532927 0.0338826 0.0456417 0.0612711 0.041966 0.030609 0.0386051 0.036716 0.0372357 0.0262286 0.0487483 0.0454017 0.049836 0.0857848 0.0210806 
0.0549219 0.0474246 0.0516605 0.152963 0.0176557 0.0480869 0.0357368 0.0457722 0.0849186 0.044756 0.0306035 0.0487075 0.0370077 0.0429651 0.0249413 0.0489138 0.0373875 0.0596808 0.0615531 0.0243426 
0.0466003 0.0439069 0.0666758 0.110573 0.021632 0.0421569 0.0425577 0.0463276 0.102105 0.0464331 0.0368296 0.0604954 0.0392732 0.0478953 0.0237279 0.0445726 0.033022 0.0707638 0.0475344 0.0269174 
0.0375732 0.039592 0.0783978 0.0707321 0.0255155 0.0367561 0.0589836 0.0478938 0.10123 0.046519 0.0556846 0.0691987 0.0452901 0.0498449 0.0223065 0.0386809 0.0316819 0.0770842 0.0399203 0.0271162 
0.0308881 0.0350554 0.0796857 0.043861 0.028361 0.0324529 0.0867551 0.0499415 0.0827285 0.0457909 0.0888744 0.0713207 0.0549161 0.0476774 0.0205641 0.0344229 0.0321631 0.0745202 0.0352334 0.0247883 
0.027192 0.0312126 0.0710596 0.0299135 0.0298399 0.0294112 0.118934 0.0514726 0.059461 0.0453549 0.126645 0.0677977 0.0649784 0.0427868 0.0187669 0.032402 0.0332329 0.0656104 0.0323031 0.0216266 
0.0255034 0.0287369 0.0599442 0.0240132 0.0302679 0.0275981 0.145 0.0521957 0.0426664 0.0455233 0.156145 0.0626231 0.0722684 0.0378636 0.017291 0.0315535 0.034138 0.0565332 0.0308713 0.0192644 
0.0483914 0.0491321 0.028817 0.179171 0.0112048 0.0529931 0.0350767 0.0437091 0.0299148 0.0379445 0.0361626 0.0286703 0.0332776 0.0266266 0.0275584 0.0331842 0.0553988 0.04134 0.185497 0.0159324 
0.051217 0.0501484 0.0307034 0.20206 0.0111944 0.053289 0.0347262 0.044876 0.0391307 0.0390372 0.0345525 0.0290301 0.0340297 0.0285724 0.0264083 0.035677 0.0483256 0.0434789 0.146393 0.0171494 
0.052861 0.0501128 0.0342106 0.209909 0.012004 0.0523498 0.0345524 0.0454915 0.05675 0.0411326 0.0326268 0.0312813 0.0341071 0.0313811 0.0251574 0.0381428 0.0417527 0.0486844 0.108097 0.019396 
0.0515746 0.0485829 0.0404104 0.192313 0.0142379 0.0494727 0.0352659 0.045317 0.0834368 0.0438658 0.0314019 0.0367599 0.0334903 0.0349897 0.0240354 0.0390579 0.0365657 0.0585532 0.0778752 0.0227939 
0.0466039 0.0456147 0.0496572 0.150522 0.0180257 0.0449171 0.038881 0.0450263 0.111156 0.0462267 0.0345731 0.0456386 0.0332745 0.0389707 0.0231138 0.0373901 0.0332124 0.0723045 0.0585037 0.0263919 
0.0394269 0.0415271 0.0593859 0.100335 0.0225979 0.0398542 0.0491145 0.0457829 0.123483 0.0471721 0.0496795 0.0556644 0.0355159 0.0422219 0.0222116 0.0341594 0.0317672 0.0843204 0.047614 0.0281672 
0.0327373 0.0367149 0.0643045 0.0598584 0.0266306 0.0353272 0.0693087 0.0476774 0.110393 0.046751 0.0834488 0.0629477 0.0414965 0.0432271 0.0210567 0.031662 0.0317863 0.0869264 0.0409466 0.0267999 
0.0282279 0.032079 0.061573 0.0361667 0.0291699 0.0318044 0.0967328 0.0494858 0.0814199 0.0461193 0.130243 0.0650088 0.0496344 0.0413935 0.0196146 0.0308148 0.032407 0.0785043 0.036214 0.023387 
0.025857 0.0287566 0.0546093 0.0256214 0.0302302 0.0294755 0.122075 0.0503792 0.055295 0.0461254 0.172492 0.063096 0.0565634 0.0380191 0.0181842 0.0307304 0.0329625 0.0660347 0.0332376 0.0202574 
0.0247235 0.0269498 0.0481839 0.0217404 0.0303966 0.0281864 0.13932 0.0506331 0.0398743 0.0466331 0.200143 0.0601201 0.0608677 0.0347982 0.0170154 0.0305995 0.033311 0.0562665 0.0318459 0.018393 
