20 hexa 10 10 gaussian
#SNAPSHOT FILE
#iterations: 52000 (200000 total)
0.0422143 0.0895964 0.0268086 0.0258554 0.0120953 0.075575 0.0141974 0.0270922 0.0274677 0.0356974 0.0144433 0.032591 0.018265 0.0562516 0.262843 0.0745966 0.0638485 0.0306544 0.0231924 0.0467174 
0.0432107 0.0887859 0.0262349 0.0242224 0.0124227 0.0738673 0.0143848 0.0294912 0.0295733 0.0372528 0.0149849 0.0342772 0.0180006 0.0534455 0.231999 0.0771292 0.0597957 0.0324287 0.0235034 0.0749909 
0.0445695 0.0832466 0.0265471 0.0211381 0.0137069 0.0700222 0.0152045 0.0334462 0.0344082 0.040648 0.0157973 0.0371645 0.0178252 0.0482141 0.180154 0.0779147 0.0531992 0.0343787 0.0246223 0.127794 
0.0458231 0.0720119 0.0289529 0.0174126 0.0178908 0.0643919 0.0171077 0.0389088 0.0418399 0.0460078 0.0167495 0.041426 0.0184229 0.0419546 0.119154 0.074023 0.0456559 0.0355739 0.0267516 0.189942 
0.0463593 0.0595311 0.0335475 0.0150458 0.0290872 0.0586235 0.0202221 0.0446641 0.0495482 0.051921 0.0177941 0.0461732 0.0204616 0.0377649 0.0736487 0.0658624 0.0397299 0.0355698 0.029299 0.225148 
0.0460852 0.0491089 0.0398204 0.0149418 0.056469 0.0526675 0.0252688 0.0493858 0.0555547 0.0569869 0.0194976 0.050065 0.0245586 0.0364714 0.0480897 0.0559505 0.03517 0.0349902 0.0315477 0.217372 
0.0447754 0.0403062 0.0472055 0.0169617 0.113801 0.0451903 0.0336249 0.0512409 0.0577312 0.0596124 0.0228232 0.0509635 0.031821 0.0371744 0.0336287 0.0453687 0.0304633 0.0345734 0.0325753 0.170162 
0.0420617 0.0329156 0.053463 0.0198546 0.195564 0.0372509 0.044044 0.0485519 0.0539323 0.0582645 0.0276678 0.0471745 0.0418147 0.038771 0.0252065 0.0357955 0.0260007 0.034659 0.0313068 0.105702 
0.0387215 0.0278869 0.0564592 0.0216156 0.265471 0.0318784 0.052232 0.0434833 0.0468271 0.054762 0.03207 0.0413201 0.051224 0.040156 0.0211808 0.0295657 0.0233356 0.0349676 0.0285087 0.0583357 
0.0359491 0.025064 0.0570598 0.0219647 0.305617 0.0293518 0.0568723 0.0393843 0.0408697 0.0518791 0.034866 0.0368565 0.0583951 0.0409783 0.0195147 0.0263944 0.0223395 0.0351796 0.0259466 0.0355207 
0.0419975 0.0849735 0.0274101 0.0275008 0.0129847 0.0804315 0.0150514 0.0307133 0.0271562 0.0350159 0.0163209 0.0330938 0.0212528 0.0545546 0.224272 0.0746135 0.0819161 0.032735 0.0248143 0.0531944 
0.0441685 0.0829183 0.027537 0.0254146 0.0139022 0.0763383 0.0154444 0.0336804 0.0301836 0.0376095 0.0171437 0.0364707 0.021218 0.0522192 0.187974 0.0800798 0.0715691 0.0340463 0.0250099 0.0870737 
0.0464198 0.0756359 0.0297433 0.0218834 0.0164255 0.0692958 0.0165391 0.0381434 0.0359026 0.0426497 0.0180711 0.0425296 0.0215539 0.0484129 0.136248 0.0829754 0.0577785 0.0349131 0.0260163 0.138863 
0.0472942 0.0643646 0.0351971 0.0184487 0.0229803 0.0612929 0.0186426 0.043445 0.0430482 0.0493294 0.0188717 0.0508711 0.0230536 0.0448931 0.0875237 0.0789216 0.0455833 0.0349315 0.0278871 0.183421 
0.0463901 0.0533046 0.0436547 0.0168749 0.0388293 0.0542192 0.0221764 0.0483081 0.049297 0.0556788 0.0197742 0.0593939 0.0265064 0.0433067 0.0563764 0.068812 0.0378268 0.0344385 0.0300056 0.194828 
0.0444235 0.0439647 0.054075 0.0174616 0.0741194 0.0472611 0.0283756 0.0514039 0.0530242 0.0600135 0.0215475 0.0650786 0.0331057 0.0431919 0.0390311 0.0561393 0.0326017 0.0340243 0.0315215 0.169636 
0.0419167 0.0361492 0.0632902 0.0194797 0.135916 0.0397778 0.0380205 0.0509772 0.0524513 0.0603995 0.0248486 0.0638569 0.0439604 0.0431174 0.0287385 0.0438132 0.0282075 0.0340805 0.03135 0.119649 
0.0391974 0.0303422 0.0671289 0.0213062 0.206554 0.0335834 0.0485386 0.0470609 0.0476659 0.0569529 0.0289602 0.0557532 0.0570991 0.0423318 0.0228611 0.0347607 0.0251139 0.0345709 0.0292315 0.0709893 
0.0367491 0.026793 0.0661737 0.0219203 0.258016 0.0300916 0.0564641 0.0426069 0.0420526 0.052861 0.0322868 0.0468348 0.0687776 0.0413456 0.0199612 0.0297535 0.0237406 0.0351057 0.0265458 0.0419229 
0.0348791 0.0248279 0.0637654 0.0217643 0.285271 0.0284889 0.0615398 0.0396068 0.03798 0.0500184 0.0342981 0.0408778 0.0779867 0.0406769 0.0185139 0.0272714 0.0234324 0.0355443 0.0244446 0.0288139 
0.0398208 0.0765018 0.0287107 0.0317535 0.0136225 0.0891581 0.0166501 0.0334203 0.0250652 0.0328837 0.0180326 0.0315098 0.0264958 0.0518528 0.19465 0.067947 0.119852 0.0341917 0.0287944 0.0390878 
0.0433515 0.0767251 0.0288497 0.0309608 0.0145914 0.0848248 0.0168454 0.0355807 0.0267058 0.0346492 0.0188136 0.0348335 0.0267792 0.0522299 0.172574 0.0770533 0.105086 0.0347972 0.0279376 0.0568114 
0.0478784 0.0739238 0.0308863 0.0286079 0.0165748 0.0765695 0.0173069 0.0389321 0.030394 0.0387483 0.0196706 0.04167 0.0271367 0.0523252 0.13706 0.0879869 0.083008 0.0347881 0.0271751 0.0893583 
0.0508038 0.0665894 0.0370386 0.0249659 0.0206606 0.0656695 0.0183299 0.0432745 0.0360512 0.0453339 0.0203139 0.0530937 0.0281902 0.0522322 0.0954628 0.093147 0.0596777 0.0341221 0.0271765 0.127867 
0.0498308 0.0568557 0.0482335 0.0219161 0.029402 0.0557999 0.020416 0.0475297 0.0418077 0.0524539 0.0207182 0.0670113 0.0309173 0.0525142 0.063143 0.0867213 0.0435738 0.033406 0.0281525 0.149598 
0.0460554 0.0475623 0.0633111 0.0207501 0.0482732 0.0480176 0.0245725 0.0506115 0.0458869 0.057942 0.0213775 0.0791254 0.0365892 0.0530547 0.0439326 0.0721274 0.0350742 0.0331323 0.0293829 0.143222 
0.0418324 0.03968 0.0781962 0.0212248 0.0846973 0.0411202 0.0322678 0.0515101 0.0472349 0.0600998 0.0229923 0.0838439 0.0471053 0.0524224 0.0326545 0.0558575 0.0303164 0.0333753 0.0297932 0.113776 
0.0386381 0.0335503 0.0858349 0.0221807 0.13765 0.0350525 0.0435949 0.0496235 0.0453829 0.0580665 0.0258507 0.0773533 0.0631613 0.0493493 0.0254819 0.0428883 0.0273536 0.0340444 0.0286633 0.0762806 
0.0365974 0.0293818 0.0837071 0.0225076 0.18922 0.0308762 0.0556033 0.0461868 0.0416223 0.0537384 0.0291081 0.0642618 0.0813527 0.0449642 0.021051 0.0351346 0.0259485 0.0348805 0.0264632 0.0473944 
0.0352071 0.0268515 0.0770617 0.0221679 0.223254 0.0286426 0.0653607 0.0432586 0.0380859 0.0499031 0.0316255 0.0527601 0.0972539 0.0413779 0.0184881 0.031265 0.0257122 0.0356563 0.0243285 0.0317412 
0.0420866 0.0660376 0.0299981 0.038255 0.0150776 0.0934566 0.01947 0.0383617 0.0240734 0.0323867 0.0205262 0.0326091 0.0338959 0.0471988 0.13765 0.0679071 0.149806 0.0366817 0.0362454 0.0382781 
0.0494897 0.0664933 0.0316655 0.0380516 0.0170328 0.0850036 0.0196351 0.0407511 0.0261717 0.035219 0.0211935 0.0386683 0.0343869 0.0504924 0.118001 0.0840762 0.121063 0.035953 0.0331292 0.053524 
0.0565787 0.0641193 0.0375793 0.0357681 0.020233 0.0721963 0.0198236 0.0440075 0.0300793 0.0406882 0.021619 0.0505852 0.0350371 0.0549584 0.0907354 0.100025 0.0853611 0.0342616 0.0298113 0.0765337 
0.0579409 0.0581765 0.0504302 0.0318269 0.0253565 0.058963 0.0205299 0.0473377 0.0349595 0.0476051 0.0216845 0.06803 0.0367981 0.0595056 0.0645522 0.103353 0.0558397 0.0327639 0.0278116 0.0965351 
0.052655 0.0504917 0.0700516 0.0282984 0.0345844 0.0488759 0.0228827 0.0497074 0.0390328 0.053478 0.0217297 0.0861587 0.0410607 0.0628382 0.0465735 0.0908307 0.039525 0.0324789 0.0274298 0.101317 
0.0449321 0.0431378 0.0919831 0.0263457 0.0519508 0.0416037 0.0285232 0.0506483 0.0411867 0.0566247 0.0223233 0.0981195 0.0498225 0.0635846 0.0355939 0.07105 0.0323652 0.0331565 0.0275051 0.0895439 
0.038801 0.0371468 0.107163 0.0254951 0.0805696 0.0359061 0.0391578 0.0501435 0.0411234 0.0563059 0.0240226 0.0978527 0.0656441 0.0602314 0.0282664 0.0533391 0.0293668 0.0341372 0.0269438 0.0683841 
0.0355737 0.0327148 0.107976 0.0247183 0.116223 0.0315781 0.054577 0.0486373 0.0393023 0.0531856 0.0268635 0.0855936 0.0885226 0.0531423 0.0228729 0.0419593 0.0283968 0.0350787 0.025531 0.0475554 
0.0342975 0.0296472 0.0973152 0.0236609 0.146904 0.0287705 0.0711937 0.0470458 0.036872 0.0493554 0.0299488 0.0695962 0.113042 0.0454506 0.019023 0.0361814 0.0286434 0.0359343 0.0238552 0.0332657 
0.033719 0.0276642 0.0844268 0.0226819 0.16478 0.0271696 0.0852453 0.0460556 0.0348224 0.0464372 0.0323471 0.0574018 0.13308 0.0398525 0.0165469 0.0334925 0.0294239 0.0367367 0.0225313 0.025587 
0.0408837 0.0551102 0.030548 0.0478343 0.0149989 0.0979919 0.0228285 0.0406251 0.022387 0.0315336 0.0222843 0.0306308 0.0402407 0.0393241 0.0982837 0.0554629 0.18663 0.0388586 0.0547296 0.0288145 
0.0501193 0.0569599 0.0316157 0.0507187 0.0167717 0.090974 0.0229832 0.0423402 0.0236246 0.0330851 0.0227142 0.0347918 0.040935 0.0436226 0.0891275 0.0714305 0.157469 0.0380991 0.0485447 0.0340751 
0.0615307 0.0581079 0.0360703 0.0518765 0.0196066 0.0789774 0.0228589 0.0447068 0.0263669 0.0368347 0.0228668 0.0441877 0.0412576 0.0506128 0.0751199 0.0928047 0.116012 0.036048 0.0404181 0.043737 
0.068081 0.0565935 0.0477834 0.0489076 0.0233719 0.0642912 0.0226338 0.0472356 0.0307343 0.0425824 0.0225948 0.060778 0.0419141 0.0592035 0.0589912 0.107486 0.0746514 0.0338231 0.0328706 0.0554726 
0.0641731 0.0519887 0.0689025 0.0426239 0.0282924 0.0516592 0.0234633 0.0489904 0.0353974 0.0482141 0.022238 0.0816315 0.0444013 0.0666751 0.0456934 0.1036 0.0475595 0.0332643 0.028451 0.0627811 
0.0532573 0.0459899 0.0961033 0.0363704 0.0358662 0.0428406 0.0272882 0.0495731 0.0386268 0.0517483 0.0224425 0.0994376 0.0505653 0.070628 0.036558 0.084863 0.0351696 0.0344675 0.0266813 0.0615234 
0.0424414 0.0404337 0.119575 0.0319579 0.0481326 0.0367624 0.0365638 0.0494315 0.0395441 0.0525284 0.0238976 0.10672 0.0630842 0.0693894 0.030039 0.0636927 0.0308314 0.0360792 0.0257797 0.0531159 
0.0356591 0.0360048 0.127809 0.0289615 0.0654326 0.0323118 0.0535113 0.0492663 0.0383431 0.0509215 0.0271458 0.10043 0.0845945 0.0625446 0.0247178 0.0484387 0.0300534 0.0371251 0.0247999 0.0419301 
0.0327747 0.0325763 0.117777 0.0265397 0.0837803 0.0290792 0.0768456 0.0494338 0.0360094 0.0481027 0.0318182 0.0850781 0.112952 0.052423 0.0202101 0.0402504 0.030959 0.037597 0.0237509 0.0320446 
0.0319326 0.0300604 0.0989036 0.0246279 0.0969444 0.0269569 0.100341 0.0498578 0.0337021 0.0454813 0.0364602 0.0695338 0.139812 0.0431929 0.0168525 0.0365907 0.0324714 0.0379019 0.0229437 0.025435 
0.049275 0.0495427 0.0308778 0.0672586 0.0157434 0.0905915 0.026568 0.0429021 0.0225529 0.0328763 0.0249455 0.0316312 0.0441789 0.035704 0.0632698 0.0559268 0.171743 0.0400673 0.0791747 0.0251719 
0.0623499 0.0520091 0.0334298 0.0741031 0.0179012 0.0820913 0.0264935 0.04472 0.0248825 0.0348809 0.0248494 0.0371863 0.0445061 0.042167 0.0570004 0.0748543 0.135077 0.0386479 0.0647862 0.0280664 
0.0740677 0.0534095 0.0415913 0.0757213 0.0209322 0.0696723 0.0259981 0.0467127 0.0295405 0.0388742 0.0242123 0.0490706 0.0443984 0.0516339 0.0490995 0.0945728 0.0921223 0.0366946 0.0487988 0.0328773 
0.0754001 0.0519744 0.0594942 0.0683632 0.0244406 0.0565995 0.0258315 0.0481722 0.0361084 0.0437666 0.0233257 0.0676711 0.0452141 0.0618561 0.0414968 0.101583 0.0579192 0.036205 0.0365495 0.0380291 
0.0648355 0.0479164 0.0871143 0.0556022 0.0284469 0.0461111 0.0280028 0.0486701 0.0421833 0.0475365 0.023134 0.0878655 0.0487886 0.0695291 0.0353543 0.0905944 0.0393906 0.0381445 0.0300608 0.0407192 
0.0500526 0.0430318 0.116134 0.0438196 0.0336557 0.0387654 0.035482 0.0486417 0.0450561 0.0490689 0.024848 0.101461 0.0571953 0.0719908 0.0303372 0.070586 0.0322543 0.0409664 0.0272119 0.039442 
0.0385416 0.038633 0.132859 0.0357151 0.0406663 0.0336517 0.0519174 0.0489958 0.0437971 0.048528 0.0296873 0.102809 0.0732234 0.067974 0.0258055 0.053045 0.030784 0.042625 0.0257737 0.034969 
0.0323528 0.0349085 0.128508 0.0304788 0.0487284 0.0299109 0.0789838 0.0501918 0.0396686 0.046773 0.0379835 0.0926085 0.0977199 0.0585414 0.0215031 0.0424888 0.0318888 0.0425517 0.0249489 0.0292619 
0.0299487 0.0318829 0.108277 0.0269875 0.0553352 0.0272524 0.111026 0.0518191 0.0350316 0.0448496 0.0476901 0.0776725 0.124791 0.047609 0.0178442 0.0375907 0.0339433 0.041559 0.0246103 0.024282 
0.0292744 0.029777 0.0863026 0.0248481 0.0586896 0.0255843 0.138274 0.0531681 0.031608 0.0434712 0.0557803 0.0652931 0.145711 0.0392352 0.0153602 0.035579 0.0357976 0.0406586 0.0245616 0.0210277 
0.0473708 0.0458299 0.0298228 0.0869256 0.0144112 0.0826545 0.0299647 0.0425432 0.022501 0.0343417 0.0285136 0.0298206 0.0429713 0.0298265 0.0455654 0.0432329 0.15534 0.0410908 0.126689 0.0205858 
0.0585573 0.0482105 0.0309633 0.100751 0.0155859 0.0784773 0.0299242 0.044084 0.024781 0.0350549 0.0281915 0.0320849 0.0436379 0.0342109 0.0426111 0.0554923 0.129858 0.0406675 0.105598 0.0212604 
0.0716003 0.0505925 0.0352974 0.111073 0.01757 0.0710848 0.0295087 0.0458178 0.030104 0.0372798 0.0272209 0.0382573 0.0434956 0.0414812 0.0390488 0.0717949 0.0963299 0.0399277 0.0796062 0.02291 
0.0786911 0.0511991 0.0467958 0.108276 0.0203103 0.0611667 0.0289914 0.0471234 0.0395769 0.0409633 0.0256809 0.050641 0.0432834 0.0509135 0.0355077 0.0839872 0.0647314 0.0404379 0.05599 0.0257331 
0.0733987 0.0490567 0.0686043 0.090504 0.0234914 0.0509744 0.0298542 0.0476406 0.0512447 0.0447706 0.0246387 0.0682171 0.0446801 0.0601683 0.0323217 0.0831313 0.04386 0.0437922 0.0407244 0.0289272 
0.0587971 0.0450584 0.0971624 0.0670937 0.0268512 0.0424846 0.0350827 0.0477779 0.0596263 0.0470996 0.0261639 0.0849204 0.0494838 0.0661895 0.0292178 0.0700429 0.0340476 0.0489276 0.0331803 0.0307933 
0.0437941 0.0406998 0.119939 0.048126 0.030326 0.0362448 0.0490409 0.0484026 0.060017 0.0474003 0.0328406 0.0933789 0.0597057 0.0664322 0.0259221 0.0541322 0.031196 0.0525624 0.0297451 0.0300944 
0.0338524 0.0366199 0.123958 0.0362601 0.033769 0.0317159 0.0756298 0.0499918 0.0528179 0.0463126 0.046394 0.0906175 0.0769366 0.0603362 0.0224026 0.0427801 0.031846 0.052553 0.0281278 0.0270802 
0.0290169 0.0330299 0.108138 0.0294951 0.0364977 0.0284167 0.11178 0.0521231 0.0427555 0.0448983 0.0645464 0.0800039 0.0984856 0.0504432 0.0190279 0.0370139 0.0339144 0.0496037 0.0275779 0.0232335 
0.02722 0.0303857 0.0853789 0.0258081 0.0378477 0.0262681 0.145727 0.0539162 0.0347193 0.0438952 0.0810404 0.0684937 0.117059 0.0412902 0.0164638 0.0346572 0.0359533 0.0461157 0.0275827 0.0201792 
0.0526926 0.0468556 0.0292916 0.125417 0.0134891 0.0693412 0.0326942 0.0431501 0.0250993 0.0365068 0.0324002 0.0294658 0.0396019 0.0290958 0.0337995 0.0416492 0.105114 0.0414876 0.154999 0.0178506 
0.062873 0.0490835 0.0312031 0.145494 0.0143215 0.0667951 0.0322898 0.0448081 0.030538 0.0375211 0.0311872 0.0314884 0.0399605 0.0334775 0.0319089 0.0511462 0.0844358 0.0419301 0.120847 0.0186936 
0.0716645 0.0504673 0.0368993 0.153437 0.0160001 0.0619051 0.0317319 0.0461132 0.0419362 0.0399308 0.0291504 0.0373032 0.0396259 0.0398099 0.0301435 0.0610336 0.0625487 0.0437407 0.0860071 0.0205522 
0.0725803 0.0497255 0.0497487 0.139038 0.0186719 0.0548583 0.0318224 0.046527 0.0598279 0.0433519 0.0270655 0.0484437 0.039541 0.0472499 0.0286608 0.0653427 0.0454941 0.0488006 0.0596975 0.0235535 
0.0632334 0.0467625 0.0708024 0.106431 0.0220363 0.0470374 0.0347865 0.0464974 0.0782472 0.0464213 0.0273729 0.0631367 0.0413371 0.05408 0.0271466 0.0605168 0.0356078 0.0571693 0.0446365 0.0267415 
0.0488803 0.0426157 0.0932951 0.0717191 0.0253773 0.040134 0.0447474 0.0471232 0.0862406 0.0477341 0.0343753 0.0756457 0.0467805 0.0578056 0.0252225 0.0500646 0.031692 0.0649774 0.0373502 0.0282203 
0.0367375 0.0381919 0.104502 0.0470229 0.028051 0.0347693 0.0667506 0.0488935 0.0784639 0.0471662 0.0524332 0.0804934 0.057337 0.0563711 0.0227927 0.0406809 0.0315221 0.0672786 0.0336932 0.0268496 
0.0295539 0.033956 0.0973678 0.033262 0.0297191 0.030718 0.101066 0.051197 0.0607863 0.0458508 0.0806779 0.0768515 0.0721863 0.0500436 0.0200792 0.0354053 0.0331319 0.0629319 0.0317716 0.023445 
0.0263282 0.0306134 0.0791793 0.0265898 0.0303532 0.0279398 0.137224 0.0530466 0.0441215 0.0449293 0.109406 0.0690067 0.0865193 0.0421642 0.0176783 0.0332648 0.034978 0.0556488 0.0309479 0.0200623 
0.0251999 0.028597 0.0625505 0.0235717 0.0303715 0.0263218 0.16395 0.054085 0.0340211 0.0446475 0.129737 0.0619101 0.0960464 0.0361093 0.0160363 0.0324176 0.0362231 0.0496693 0.0305626 0.0179741 
0.0477266 0.0467524 0.0283668 0.142024 0.0120446 0.0593184 0.0346434 0.0422813 0.025265 0.0379343 0.0362306 0.0286387 0.0349143 0.0265467 0.0295534 0.0343876 0.0775042 0.0414143 0.198557 0.0158975 
0.0538718 0.0485074 0.0292778 0.168802 0.0120924 0.0596286 0.0341257 0.0438193 0.0299701 0.0383866 0.0349229 0.0286133 0.0357848 0.0289631 0.0282635 0.0386827 0.0664485 0.0424059 0.160806 0.0166304 
0.060653 0.0499434 0.0318382 0.188131 0.0127574 0.0586951 0.0334979 0.0452561 0.0408865 0.0399188 0.0326932 0.0302777 0.0359464 0.0325966 0.0269961 0.0440706 0.0540183 0.0448291 0.118772 0.0182229 
0.0641879 0.050001 0.037966 0.185085 0.0145406 0.0555901 0.0331611 0.0457246 0.0612358 0.0426961 0.029919 0.0353932 0.0354154 0.0371597 0.0259797 0.047982 0.0432434 0.0505715 0.0830421 0.0211065 
0.0607254 0.0480856 0.0497134 0.154131 0.0176876 0.050319 0.0344092 0.0452649 0.0887556 0.0460558 0.0285063 0.0448493 0.0351366 0.0421237 0.025158 0.0474367 0.0359028 0.0610565 0.0596655 0.0250186 
0.0508099 0.0445173 0.0657846 0.10766 0.021679 0.044172 0.0402353 0.0452318 0.110306 0.0484713 0.0332957 0.0566353 0.0368423 0.0464483 0.0241995 0.0423525 0.0321498 0.0737355 0.0472647 0.0282106 
0.0395433 0.0400426 0.0786853 0.0665283 0.025331 0.0385783 0.0553672 0.0467396 0.11055 0.0487774 0.0515534 0.0661532 0.0422983 0.0483854 0.022807 0.036435 0.0313343 0.0815566 0.0408929 0.0284418 
0.0312335 0.0352542 0.0798554 0.0408887 0.0277131 0.0339625 0.0828258 0.0491902 0.0891314 0.0475343 0.0867787 0.0697237 0.0518161 0.0465116 0.0209069 0.0329314 0.0322956 0.0791321 0.0369127 0.0254028 
0.026716 0.0310646 0.0695215 0.0284445 0.028671 0.0304826 0.116355 0.0511677 0.0616971 0.0463471 0.129068 0.0674884 0.0625399 0.041626 0.0188225 0.0318052 0.0337132 0.0688632 0.03434 0.0212666 
0.0248203 0.0283388 0.0567965 0.0233219 0.0287797 0.0282996 0.143848 0.0521511 0.0425097 0.046015 0.16227 0.0629742 0.0705548 0.036538 0.0171025 0.0315146 0.0347382 0.0582229 0.0328857 0.01832 
0.0478049 0.0482035 0.0285017 0.179797 0.0108573 0.0530747 0.0352958 0.0429666 0.0288078 0.0389496 0.0377276 0.0279317 0.0324612 0.0267463 0.0268775 0.0328661 0.0517675 0.0420017 0.191891 0.0154732 
0.0518978 0.049468 0.029858 0.206747 0.0108952 0.0541941 0.0345619 0.0444528 0.0376547 0.0400112 0.0355746 0.0277039 0.0331827 0.0288911 0.0257631 0.0351474 0.0452809 0.0443163 0.147564 0.0168361 
0.0551559 0.0498883 0.0327899 0.216227 0.0118173 0.0538972 0.0339507 0.0452037 0.0560756 0.0421981 0.0326168 0.0292683 0.0329989 0.0315876 0.0247418 0.0372298 0.0394084 0.0495126 0.106006 0.0194259 
0.0548514 0.0488154 0.0385834 0.196023 0.0142117 0.0513991 0.0341375 0.0446471 0.0861291 0.0453545 0.0299462 0.0340992 0.0319833 0.0345793 0.0239818 0.0375316 0.0350138 0.0597296 0.0754901 0.0234954 
0.049531 0.0460914 0.0478334 0.148796 0.0181995 0.0470209 0.0369498 0.0437244 0.119203 0.0484513 0.0313631 0.0426089 0.0313172 0.0377144 0.0233934 0.0352254 0.0322995 0.0748279 0.057472 0.0279792 
0.0411494 0.0420472 0.0578678 0.0950457 0.022831 0.0420452 0.0458665 0.0442482 0.134857 0.0499052 0.0449492 0.0527766 0.0330553 0.0404745 0.022669 0.031876 0.0313217 0.0887392 0.0480595 0.0302186 
0.033321 0.0371297 0.0629188 0.0549963 0.0266135 0.0373919 0.0647133 0.0464834 0.120275 0.0492439 0.0793481 0.0609718 0.0386056 0.041615 0.0214975 0.0300405 0.0317576 0.0924427 0.0422543 0.0283818 
0.0280568 0.0321891 0.0596169 0.0332641 0.0286723 0.0334216 0.0920347 0.0487936 0.0864542 0.0478418 0.130852 0.0643979 0.0467645 0.0400793 0.0198346 0.0301818 0.0327296 0.083223 0.0377921 0.0238032 
0.0253711 0.0285341 0.0517249 0.0241287 0.0292692 0.0305969 0.118091 0.0499787 0.0562948 0.04722 0.178948 0.0634514 0.0540285 0.0367523 0.0180975 0.0308184 0.0334687 0.0688187 0.0347536 0.0196561 
0.0242882 0.0265465 0.0449329 0.0207774 0.0293051 0.0289392 0.135706 0.0503479 0.0394265 0.0474461 0.209978 0.0608278 0.0584318 0.0335479 0.0167312 0.0309733 0.0338245 0.0575807 0.0329728 0.0174181 
