20 hexa 10 10 gaussian
#SNAPSHOT FILE
#iterations: 13000 (40000 total)
0.0509985 0.0703417 0.0342898 0.0344963 0.0222117 0.0699556 0.0184173 0.0366247 0.0386094 0.0406191 0.0186781 0.0390155 0.0230762 0.0499213 0.145448 0.0740813 0.0639706 0.0338323 0.034519 0.100894 
0.0511062 0.0675758 0.0371499 0.0331823 0.027988 0.0672692 0.0198481 0.0379262 0.0406331 0.0416712 0.0195501 0.0410328 0.0248185 0.0498944 0.133471 0.0731765 0.06111 0.0341996 0.0343095 0.104088 
0.0509015 0.0642127 0.0408687 0.0317194 0.0365554 0.063951 0.0218973 0.0393666 0.042825 0.0429012 0.0207499 0.0434384 0.0272378 0.0499142 0.119619 0.0716524 0.0576363 0.0346906 0.0339504 0.105913 
0.0502873 0.0602518 0.0454855 0.0301636 0.0486363 0.0599827 0.0247119 0.0408542 0.044999 0.0442545 0.0223665 0.0461515 0.0304677 0.0499902 0.104301 0.069394 0.0535994 0.035301 0.0333896 0.105412 
0.0492045 0.0557974 0.0508602 0.028603 0.0645694 0.0554625 0.0283647 0.042258 0.046918 0.0456327 0.0244538 0.0489768 0.0345361 0.0500951 0.088268 0.0663418 0.0491471 0.0360096 0.0326006 0.101901 
0.0476719 0.0510864 0.0566269 0.0271456 0.0839412 0.0506421 0.0327814 0.0434333 0.0483493 0.0469087 0.0269889 0.0516224 0.0392966 0.0501662 0.0725793 0.0625573 0.0445465 0.0367767 0.0316061 0.0952734 
0.0458068 0.0464497 0.0622563 0.025892 0.105453 0.0458876 0.0377117 0.0442669 0.0491435 0.0479662 0.0298508 0.0537851 0.0444247 0.0501291 0.0583775 0.0582612 0.0401408 0.0375503 0.0304837 0.0861632 
0.0437987 0.042213 0.0672264 0.0249035 0.127234 0.041567 0.0427882 0.0447178 0.0492911 0.0487402 0.0328481 0.0552657 0.0495109 0.0499333 0.0465356 0.053795 0.0362469 0.038281 0.0293416 0.0757621 
0.0418452 0.0385913 0.0712006 0.0241867 0.147457 0.0379315 0.0476485 0.044826 0.0489121 0.0492335 0.0357864 0.0560365 0.0542013 0.0495734 0.0374069 0.0495127 0.033057 0.0389381 0.0282786 0.0653768 
0.0400917 0.0356499 0.0740988 0.0237039 0.164853 0.035065 0.0520406 0.0446853 0.048192 0.0494991 0.0385279 0.0562208 0.0582933 0.0490854 0.0308305 0.0456752 0.0306085 0.0395163 0.0273551 0.0560087 
0.0511712 0.0671319 0.0364296 0.0399155 0.0238138 0.0690272 0.0200726 0.0379696 0.040288 0.041027 0.0200684 0.0402066 0.0252903 0.0490019 0.131152 0.0712654 0.0665774 0.0352677 0.0383692 0.0959547 
0.0510502 0.064221 0.0399607 0.0380714 0.0303338 0.0658859 0.0218662 0.0393495 0.042521 0.0422021 0.021161 0.0426826 0.0274748 0.0491379 0.118911 0.070189 0.0629982 0.0357881 0.0377819 0.0984142 
0.0505404 0.0607446 0.0444353 0.0359759 0.0397423 0.0620894 0.0243935 0.0408347 0.0448203 0.043532 0.0226709 0.0455743 0.0304369 0.0493456 0.105101 0.0684797 0.0587764 0.0364245 0.0369371 0.0991455 
0.0495663 0.0567484 0.0497912 0.033721 0.0525379 0.0576858 0.0277835 0.0423125 0.0469487 0.0449357 0.0246906 0.0487301 0.0342615 0.0496086 0.0902796 0.0660499 0.0540332 0.0371537 0.0358037 0.0973585 
0.0481171 0.0523955 0.05574 0.0314502 0.06869 0.0528673 0.0320473 0.0436405 0.0486454 0.0462926 0.0272504 0.0518717 0.0388827 0.0498674 0.0753259 0.0628941 0.0490126 0.0379338 0.0344056 0.0926704 
0.0462773 0.0479606 0.0617788 0.029333 0.0873977 0.047964 0.0370178 0.044683 0.0497045 0.0474739 0.0302776 0.0546535 0.0440446 0.0500353 0.0613076 0.0591413 0.0440644 0.0387104 0.0328362 0.0853387 
0.0442193 0.0437589 0.0673274 0.0275163 0.107181 0.043359 0.0423641 0.0453585 0.0500532 0.0483868 0.0335972 0.0567811 0.0493538 0.050034 0.0491818 0.0550568 0.0395547 0.0394317 0.0312367 0.0762482 
0.0421494 0.0400432 0.0719264 0.0260801 0.126337 0.0393616 0.0476921 0.0456651 0.0497715 0.0490052 0.036987 0.0581191 0.0544089 0.0498289 0.0394987 0.0509698 0.0357509 0.0400648 0.0297467 0.0665945 
0.0402407 0.036937 0.0753689 0.0250242 0.143474 0.0361251 0.0526706 0.0456705 0.0490429 0.0493658 0.0402532 0.0587155 0.0589265 0.0494373 0.0323017 0.047168 0.0327552 0.0406052 0.0284596 0.0574584 
0.0385942 0.0344378 0.0776987 0.0242918 0.157798 0.0336462 0.057105 0.0454761 0.0480737 0.0495381 0.0432785 0.0587451 0.062789 0.0489104 0.0272537 0.0438291 0.0305232 0.0410704 0.0274081 0.0495332 
0.0511432 0.0660837 0.0356726 0.0487805 0.0205031 0.0705984 0.0206519 0.0381322 0.0400654 0.0404117 0.020826 0.0391733 0.0260267 0.0476525 0.126021 0.0685347 0.0725238 0.0365678 0.0439107 0.0867216 
0.0510912 0.0636087 0.0389768 0.0465796 0.0253395 0.0676392 0.0222264 0.0394181 0.0422989 0.0415202 0.0218283 0.0416671 0.0280027 0.0479102 0.115535 0.0678669 0.0688773 0.0371413 0.0430729 0.0894001 
0.050678 0.0606229 0.0432426 0.043927 0.0324543 0.0640308 0.024494 0.0408565 0.0446799 0.0428055 0.023243 0.0446691 0.0307092 0.0482554 0.103488 0.066679 0.0645038 0.037829 0.0418957 0.0909364 
0.0498146 0.0571253 0.0484805 0.0409025 0.0423911 0.0597815 0.0276292 0.0423589 0.0469778 0.0442049 0.0251981 0.0480803 0.0342765 0.048683 0.0902521 0.0648709 0.0595007 0.0386047 0.0403401 0.0905275 
0.0484629 0.053211 0.05449 0.0376703 0.0553621 0.0550255 0.031722 0.0437956 0.0489134 0.0456113 0.0277791 0.0516598 0.0387127 0.0491418 0.0765011 0.0623893 0.0540841 0.0394221 0.0384283 0.0876181 
0.0466728 0.0490875 0.0608256 0.0344663 0.0709784 0.0500445 0.0366976 0.0450218 0.0502315 0.0468927 0.0309729 0.0550499 0.0438406 0.049539 0.0631609 0.0592809 0.0485988 0.0402209 0.036269 0.0821487 
0.0445919 0.0450368 0.0668868 0.0315418 0.0881848 0.0452152 0.0422865 0.0459231 0.050792 0.047934 0.0346392 0.0578798 0.0493073 0.0497729 0.0511864 0.0557231 0.0434493 0.0409427 0.0340436 0.0746631 
0.0424255 0.0413267 0.0721123 0.0290865 0.105531 0.0408904 0.0480887 0.0464537 0.050622 0.0486789 0.0385429 0.0598998 0.0546888 0.0497758 0.0412671 0.0519916 0.0389783 0.0415504 0.0319487 0.0661415 
0.0403694 0.0381287 0.0761606 0.0271786 0.121642 0.0372914 0.053703 0.0466452 0.0498894 0.0491413 0.0424339 0.0610571 0.0596294 0.049539 0.033644 0.0483741 0.0353668 0.0420391 0.03013 0.0576374 
0.0385563 0.0354923 0.0789679 0.0257884 0.135585 0.0344737 0.0588391 0.0465818 0.0488215 0.0493834 0.0461232 0.061472 0.0639304 0.0491035 0.0281433 0.0450854 0.03262 0.0424327 0.0286502 0.0499501 
0.0510038 0.0624177 0.0378735 0.0573829 0.0213892 0.0691221 0.0229333 0.0395647 0.0421812 0.040863 0.0227244 0.0403767 0.0287347 0.0461926 0.109456 0.0647269 0.0749858 0.0386823 0.0499737 0.0794156 
0.0506744 0.0599072 0.0418507 0.0542218 0.0266092 0.0657302 0.0249685 0.0409158 0.0445966 0.0420862 0.024053 0.0434036 0.0311965 0.0466667 0.0993225 0.0640078 0.070539 0.0394474 0.0484559 0.0813474 
0.0499213 0.056922 0.0468528 0.0504203 0.0340707 0.0616825 0.0278583 0.0423924 0.0470198 0.0434547 0.025941 0.046968 0.0344946 0.0472512 0.0879479 0.0627878 0.065355 0.0402992 0.0464388 0.0819219 
0.0486815 0.0534974 0.0527718 0.0461391 0.0441087 0.0570577 0.0317639 0.0438862 0.0491634 0.0448798 0.0285287 0.0508858 0.0387034 0.0479065 0.0757969 0.0609842 0.0596159 0.0411857 0.0439342 0.0805094 
0.0469694 0.0497709 0.0592463 0.0416633 0.0566339 0.0520804 0.0367077 0.0452568 0.0507309 0.0462348 0.0318729 0.0548193 0.0437291 0.0485415 0.0636042 0.058578 0.0536456 0.0420377 0.0410592 0.0768184 
0.0448994 0.0459733 0.0656972 0.0373539 0.0709815 0.0471007 0.0425037 0.0463675 0.0515139 0.0473903 0.0358885 0.0583513 0.0492801 0.0490372 0.0522415 0.0556575 0.0478715 0.0427858 0.0380363 0.0710692 
0.0426659 0.0423651 0.0714928 0.0335456 0.0860168 0.0424974 0.0487747 0.0471322 0.0514737 0.0482605 0.0403482 0.0611251 0.0549345 0.0492924 0.0424627 0.052424 0.0427072 0.0433825 0.0351343 0.063965 
0.0404801 0.0391517 0.0761606 0.0304455 0.100493 0.0385548 0.0550664 0.0475403 0.0507468 0.0488313 0.0449531 0.062967 0.0602787 0.0492648 0.0346745 0.0491364 0.0384246 0.0438197 0.0325773 0.0564342 
0.0385052 0.036432 0.0795109 0.0280961 0.113431 0.0353947 0.0609878 0.0476479 0.0495725 0.0491506 0.049432 0.0639136 0.0650303 0.0489773 0.0288785 0.046027 0.0350984 0.0441264 0.0304829 0.049305 
0.0368267 0.0342054 0.0816159 0.0264128 0.124303 0.0329898 0.0662959 0.0475468 0.0481987 0.049295 0.0536063 0.0641448 0.0690748 0.048492 0.0247874 0.0432448 0.0326432 0.0443507 0.0288612 0.0431048 
0.0507901 0.0607631 0.0366492 0.07029 0.0183207 0.0702315 0.0239036 0.0397637 0.0421721 0.0402386 0.0237877 0.0388419 0.0295592 0.04403 0.101026 0.0609328 0.0808803 0.0402943 0.0584072 0.0691183 
0.0505237 0.0586906 0.0402563 0.0667584 0.0220349 0.0670933 0.0257315 0.0409949 0.0445677 0.0413849 0.0250389 0.0417959 0.0317853 0.044607 0.0928126 0.0606036 0.0764805 0.0411576 0.0566004 0.0710822 
0.0498734 0.0562022 0.0448971 0.0622814 0.0274534 0.0633038 0.0283825 0.0423987 0.0470647 0.0426985 0.0268513 0.0453884 0.0348029 0.045321 0.0834289 0.0599012 0.0712497 0.0421127 0.0541494 0.0722391 
0.0487562 0.0532851 0.0505548 0.0569808 0.0349448 0.0588904 0.0320794 0.0438952 0.0493784 0.044111 0.0294176 0.0495052 0.0387431 0.0461479 0.0731438 0.0587324 0.065326 0.0431026 0.0510425 0.071963 
0.0471502 0.0500097 0.056973 0.0511542 0.0446106 0.0540129 0.0369417 0.0453594 0.0511819 0.0455102 0.0328702 0.0538608 0.043596 0.0470065 0.0624776 0.0570322 0.058993 0.0440479 0.0473872 0.0698249 
0.0451305 0.0465442 0.0636357 0.0452542 0.0561027 0.0489759 0.0428862 0.0466472 0.0522011 0.0467614 0.0372001 0.05803 0.0491487 0.0477694 0.0521508 0.0548101 0.0526755 0.0448631 0.0434353 0.0657782 
0.0428684 0.0431212 0.0698837 0.0397788 0.0686091 0.044162 0.0495911 0.0476391 0.0523197 0.0477536 0.0422154 0.0615712 0.0550074 0.0483055 0.0429006 0.0521815 0.0468428 0.0454837 0.0395339 0.0602319 
0.0405808 0.0399624 0.0751319 0.035118 0.08108 0.0399095 0.0565741 0.0482804 0.0516231 0.0484401 0.0475861 0.0641818 0.0607191 0.0485331 0.0352452 0.0493502 0.0418645 0.0458902 0.0360128 0.0539169 
0.0384584 0.0372107 0.0790519 0.0314503 0.092572 0.0364119 0.0633467 0.0485909 0.0503484 0.0488469 0.052956 0.0657852 0.0659182 0.0484459 0.0293524 0.0465417 0.0379077 0.0461128 0.033081 0.0476111 
0.0366193 0.0349102 0.081613 0.0287453 0.102489 0.0336981 0.0695464 0.0486429 0.0487798 0.0490452 0.058046 0.0665015 0.0704091 0.0480973 0.0250765 0.0439334 0.0349393 0.0462127 0.0307946 0.0419009 
0.050249 0.0571353 0.0385161 0.0810313 0.0185537 0.0680345 0.0266647 0.0410681 0.0445787 0.0407168 0.0261086 0.0399277 0.0323539 0.0421957 0.0845509 0.0567222 0.0818356 0.0428009 0.0660326 0.060924 
0.0496849 0.0550987 0.0426822 0.0761048 0.0223644 0.0645591 0.0290809 0.0423601 0.0470878 0.0419537 0.0278345 0.0434123 0.0350823 0.0429931 0.0771101 0.0564353 0.0767277 0.0438758 0.0632574 0.062295 
0.0486915 0.0526714 0.0479089 0.0699739 0.0277654 0.0604416 0.0325405 0.0438067 0.0495222 0.043323 0.0303396 0.0475605 0.0387151 0.043943 0.0687753 0.0558109 0.0708141 0.044997 0.0596373 0.0627626 
0.0472145 0.0498648 0.0540556 0.0628933 0.0349571 0.0557727 0.0372543 0.0453082 0.0515398 0.0447332 0.0338321 0.0521654 0.0433227 0.0449826 0.0598581 0.0547618 0.0643158 0.0460764 0.0552436 0.0618482 
0.0452851 0.0467806 0.0607086 0.0553553 0.0438229 0.050792 0.0432558 0.0467268 0.0528092 0.0460554 0.0383961 0.0568378 0.0487839 0.0459889 0.0508878 0.0532376 0.0576197 0.0470101 0.0503273 0.0593195 
0.0430393 0.0436056 0.0672338 0.0480051 0.0538414 0.0458601 0.0503131 0.0479223 0.0531281 0.0471611 0.0439078 0.0610896 0.0547613 0.0468096 0.0425079 0.0512693 0.0512202 0.0477085 0.045299 0.055317 
0.0406869 0.0405589 0.0729675 0.0414534 0.0641911 0.0413517 0.0579523 0.0487985 0.0525091 0.0479704 0.0500362 0.0644981 0.0607864 0.0473223 0.0352791 0.0489859 0.0455762 0.0481305 0.0406112 0.0503347 
0.0384402 0.0378174 0.0774417 0.0360891 0.0740215 0.0375334 0.0656019 0.0493321 0.0511645 0.0484788 0.056348 0.0668501 0.066417 0.0474803 0.0295028 0.0465794 0.0409668 0.0482977 0.0366062 0.0450314 
0.0364509 0.0354712 0.0804989 0.0320081 0.0827144 0.0345039 0.0727687 0.0495673 0.0494058 0.0487438 0.06245 0.0681708 0.0713649 0.0473163 0.0251802 0.0442374 0.037441 0.0482805 0.0334307 0.0399956 
0.0347877 0.0335277 0.0822512 0.0290775 0.0899852 0.0322165 0.0791426 0.049586 0.0475294 0.0488478 0.0680782 0.0686488 0.0755243 0.0469082 0.0221008 0.0420897 0.0348734 0.0481657 0.0310559 0.0356037 
0.0499015 0.0554443 0.0367321 0.0961748 0.0159809 0.0685131 0.0276377 0.0411122 0.0446163 0.0400993 0.0271568 0.0379342 0.0327979 0.0396231 0.0754074 0.0526914 0.0861565 0.0442194 0.0761983 0.051603 
0.0493987 0.053792 0.040345 0.0911208 0.0185863 0.0653912 0.0298231 0.0422654 0.0470672 0.0412431 0.0287861 0.0411852 0.035234 0.0404474 0.0696983 0.0527008 0.0813348 0.0454119 0.0732784 0.0528907 
0.0485188 0.0518045 0.0450005 0.0845015 0.0223614 0.0616414 0.0330143 0.0436167 0.0495584 0.0425412 0.0311861 0.0451906 0.0385281 0.041454 0.0632049 0.052496 0.0756448 0.0466755 0.0693332 0.0537286 
0.0471825 0.0494482 0.0506706 0.0764697 0.0275384 0.0572875 0.0374997 0.0450982 0.0517524 0.0439269 0.0346317 0.0498384 0.0428202 0.0426057 0.0560665 0.0519899 0.0692268 0.0479181 0.0643711 0.0536579 
0.0453771 0.0467609 0.0570721 0.0674757 0.0341504 0.05249 0.0434339 0.0465919 0.0532768 0.045288 0.0393087 0.0548175 0.0480883 0.0437981 0.0486143 0.0510988 0.0623929 0.0490197 0.0585966 0.0523486 
0.0431937 0.0438726 0.0636519 0.0582461 0.0419128 0.0475573 0.0507075 0.0479515 0.0538442 0.0464903 0.0451935 0.0596461 0.0540792 0.0448741 0.0413452 0.0497842 0.0556148 0.0498618 0.0524405 0.049733 
0.0408196 0.0409798 0.0697204 0.0496058 0.0502335 0.0428732 0.0589016 0.0490482 0.0533726 0.0474248 0.0519961 0.0638127 0.060342 0.0456762 0.034788 0.0480929 0.0494105 0.0503685 0.0464664 0.0460672 
0.0384787 0.0382794 0.0746888 0.0422165 0.0583925 0.0387693 0.0673934 0.0498133 0.05202 0.0480505 0.059232 0.0669579 0.0663726 0.0461101 0.0293265 0.0461591 0.0441752 0.0505386 0.0411831 0.0418429 
0.0363548 0.0359049 0.0782543 0.0363932 0.0657876 0.0354246 0.075559 0.0502535 0.0501057 0.0484007 0.0663884 0.068978 0.0717816 0.0461725 0.025094 0.0441561 0.0400705 0.0504412 0.0368851 0.0375944 
0.03455 0.0339052 0.0804278 0.0321034 0.0720865 0.0328522 0.0829425 0.0504315 0.0479772 0.0485525 0.0730723 0.0699932 0.0763767 0.0459306 0.0219967 0.0422349 0.037035 0.050182 0.03362 0.0337299 
0.0490777 0.0524685 0.038052 0.106326 0.0158738 0.0657966 0.0304975 0.0421173 0.0470011 0.0405882 0.0296156 0.0388927 0.0352024 0.037896 0.0620163 0.04902 0.0847588 0.0465842 0.0835598 0.0446562 
0.0482912 0.0508498 0.042051 0.0996479 0.018448 0.0624561 0.0333948 0.0433394 0.0494734 0.041794 0.0318717 0.0426041 0.038139 0.0388905 0.0571049 0.0491001 0.0794695 0.0479762 0.0795399 0.0455587 
0.0470933 0.0488956 0.0470839 0.0911331 0.0220739 0.0585009 0.0375713 0.0447488 0.0517851 0.0431219 0.0351805 0.0470867 0.0420563 0.0400717 0.0515939 0.0489973 0.0733721 0.0493867 0.0742841 0.045963 
0.0454338 0.0465909 0.0530066 0.0811026 0.026865 0.0540077 0.0432943 0.0462567 0.0535481 0.0444845 0.0398244 0.0521371 0.0470284 0.0413663 0.0456454 0.0486221 0.0666751 0.0506882 0.0679052 0.0455179 
0.0433537 0.0440043 0.0593941 0.0702549 0.0327116 0.0492067 0.0505993 0.0477279 0.0544029 0.045756 0.0459039 0.0573379 0.0529092 0.0426323 0.03959 0.0478931 0.0597753 0.0517344 0.0607867 0.0440261 
0.0410032 0.0412921 0.0655978 0.0595568 0.0392296 0.0444544 0.0591749 0.0490145 0.0541604 0.0468084 0.0532195 0.0621432 0.0593056 0.0436943 0.0338653 0.0467837 0.0531962 0.0524072 0.0535514 0.0415418 
0.0386024 0.0386535 0.0709505 0.0499555 0.0458501 0.0401244 0.0683986 0.050006 0.0528915 0.0475637 0.061281 0.0660652 0.0656819 0.0444113 0.0288743 0.0453548 0.0474265 0.0526641 0.0468746 0.0383702 
0.036363 0.0362587 0.0750035 0.0420739 0.0520187 0.0364793 0.0775339 0.0506643 0.0508916 0.0480206 0.0694699 0.0688441 0.0715478 0.0447309 0.0248497 0.0437401 0.0427583 0.0525556 0.0412513 0.0349451 
0.0344236 0.0342013 0.0776348 0.0360843 0.0573727 0.0336092 0.0859631 0.0510229 0.0485463 0.0482406 0.0772449 0.0704909 0.076603 0.0446923 0.0218117 0.0420922 0.0392308 0.0521968 0.0368735 0.0316654 
0.0328347 0.0324978 0.0789943 0.0318015 0.0617942 0.0314598 0.0933148 0.0511577 0.0461965 0.0483087 0.0842612 0.071202 0.0807592 0.0443858 0.0196265 0.0405299 0.0366955 0.0517178 0.0336699 0.0287926 
0.0487867 0.0512779 0.0359493 0.120728 0.0139786 0.0658353 0.0310316 0.0419327 0.0469158 0.0400022 0.0302634 0.03671 0.0349804 0.0355245 0.0547884 0.0456496 0.0869249 0.0473295 0.0934415 0.0379506 
0.0480696 0.0499511 0.0392739 0.114414 0.0157067 0.0629044 0.0336235 0.0430066 0.049289 0.0411046 0.0323507 0.0400235 0.0375583 0.0364512 0.0511264 0.045894 0.0821332 0.0488106 0.0896054 0.0387035 
0.046996 0.0483345 0.0435806 0.105948 0.0181975 0.0593909 0.0374262 0.044302 0.0516413 0.0423491 0.0354465 0.0441674 0.0410614 0.0375852 0.0469722 0.0460532 0.0765318 0.0503633 0.0843743 0.0392788 
0.0454895 0.0463756 0.0488497 0.0954634 0.021594 0.0552947 0.042797 0.0457653 0.0535967 0.0436762 0.0399109 0.0490542 0.0456457 0.0388893 0.0423669 0.0460512 0.0702185 0.0518638 0.0777452 0.0393522 
0.0435436 0.044086 0.0548094 0.0835116 0.0259006 0.0507535 0.049921 0.047286 0.0547507 0.0449806 0.0459754 0.0543772 0.0512826 0.0402545 0.0374902 0.0457939 0.0634748 0.0531501 0.0699873 0.0386716 
0.0412596 0.0415702 0.0609167 0.071067 0.0309044 0.0460596 0.0586414 0.0487158 0.0548111 0.046131 0.0535765 0.0596258 0.0576779 0.0415113 0.0326571 0.0452044 0.0567649 0.0540618 0.0616939 0.0371496 
0.0388366 0.0390092 0.0664935 0.0592965 0.0361917 0.0415915 0.0684043 0.0499132 0.0537343 0.0470185 0.0622826 0.0642319 0.0643108 0.0424867 0.0282329 0.044271 0.0506197 0.0545014 0.0536559 0.0349181 
0.036503 0.0365971 0.0709692 0.0491723 0.0412823 0.037682 0.0784064 0.0507931 0.0517508 0.0476016 0.071409 0.0677789 0.0706091 0.0430743 0.024503 0.0430674 0.0454523 0.0544772 0.0465888 0.0322825 
0.0344352 0.0344727 0.0740713 0.0411833 0.0458036 0.0345106 0.0878679 0.0513493 0.0492574 0.0479139 0.0802611 0.0701287 0.076148 0.0432686 0.021584 0.0417244 0.0414316 0.0540949 0.0408996 0.0295943 
0.0327181 0.0326924 0.0758429 0.0353137 0.0495861 0.0320883 0.0962476 0.0516377 0.0466555 0.0480338 0.0883376 0.0713961 0.0807402 0.0431413 0.0194297 0.0403728 0.0384899 0.0535052 0.0366409 0.0271307 
0.0479053 0.0492033 0.0368221 0.127941 0.0138316 0.0630575 0.0336879 0.0426572 0.04906 0.0404841 0.0326159 0.0376298 0.0368345 0.0342766 0.045753 0.0430559 0.0837098 0.049178 0.0989585 0.0333388 
0.0469363 0.0478577 0.0403917 0.120006 0.0155267 0.0599812 0.0370811 0.0438125 0.0513666 0.0416306 0.0354498 0.0413213 0.0399104 0.0353085 0.0426444 0.0433579 0.07868 0.0508198 0.0940486 0.0338687 
0.0455773 0.0461965 0.0449116 0.109685 0.0179032 0.0563296 0.0419874 0.0451813 0.0534404 0.0428922 0.039614 0.045851 0.0440403 0.0365418 0.0391388 0.0435911 0.0729146 0.0524825 0.0875467 0.034175 
0.0437834 0.0441861 0.0502586 0.0972976 0.0210277 0.0521489 0.0487244 0.0466878 0.0548665 0.0441908 0.0454566 0.0510434 0.0493065 0.0379092 0.0353019 0.0436717 0.0665645 0.0540048 0.0795672 0.0340028 
0.0416035 0.0418753 0.0560389 0.0836745 0.0248144 0.0476414 0.0573166 0.0482009 0.0552732 0.0454074 0.0530771 0.0564865 0.0555429 0.0392708 0.0313263 0.0435021 0.0599819 0.0551975 0.0705814 0.0331875 
0.0391983 0.0394089 0.061638 0.0700546 0.0289927 0.0431469 0.0673515 0.0495663 0.0544912 0.0464163 0.0621719 0.0616062 0.0622999 0.0404466 0.0275013 0.0430151 0.0536695 0.0559043 0.0613944 0.0317262 
0.0367962 0.0369856 0.0664213 0.0577154 0.0331758 0.039036 0.0780336 0.0506579 0.0526461 0.047137 0.0720598 0.0658626 0.0689671 0.0412857 0.0241169 0.042218 0.0481196 0.0560707 0.052903 0.0297919 
0.0346068 0.0347838 0.0699697 0.0475368 0.037004 0.0355764 0.0884496 0.0514223 0.0501045 0.0475655 0.0819174 0.0689485 0.0749972 0.0417269 0.0213569 0.0411969 0.0436373 0.0557658 0.0457739 0.0276597 
0.0327562 0.0329062 0.0721882 0.039798 0.0402659 0.0328636 0.0978678 0.0518835 0.0473101 0.0477614 0.0910612 0.0708506 0.0800735 0.0418055 0.0192564 0.0400752 0.0402707 0.0551439 0.0402672 0.0255951 
0.0312759 0.0313743 0.073243 0.0342844 0.0429259 0.0308454 0.105886 0.0521136 0.0446311 0.0478091 0.0990947 0.0717641 0.0841287 0.041612 0.0177363 0.0389614 0.0378725 0.0543759 0.0362868 0.0237792 
