20 hexa 10 10 gaussian
#SNAPSHOT FILE
#iterations: 19000 (40000 total)
0.0507437 0.0760141 0.0310622 0.0318341 0.0171637 0.0742575 0.016915 0.0344388 0.0347218 0.0395091 0.0174337 0.0359859 0.0220839 0.0518307 0.171609 0.0752404 0.0698483 0.0331138 0.0312658 0.0849295 
0.0511297 0.0727794 0.0334 0.0301746 0.0214272 0.0712133 0.0179446 0.0361314 0.0375546 0.0409637 0.0179766 0.0382349 0.0232744 0.0509461 0.155203 0.074659 0.0659522 0.0335183 0.0312813 0.0962363 
0.0511476 0.0685236 0.0367448 0.0282847 0.0289107 0.0672852 0.019609 0.0381604 0.0409143 0.0427497 0.0188186 0.0410765 0.0251346 0.0499677 0.135391 0.0733655 0.0611169 0.0340455 0.0312192 0.107535 
0.0506328 0.06329 0.0412205 0.0263186 0.0411325 0.0624705 0.0221518 0.0403305 0.0444532 0.0447728 0.0200843 0.0443108 0.0279144 0.0490149 0.113328 0.0710487 0.0554722 0.0346816 0.0309909 0.116381 
0.0494872 0.0573422 0.0466807 0.0245192 0.0592944 0.0569666 0.0257493 0.0423401 0.0476307 0.0468229 0.0218868 0.0475314 0.0317646 0.0482018 0.0909029 0.0675004 0.0493677 0.0353984 0.0305341 0.120079 
0.0477566 0.0511632 0.0526187 0.0231297 0.0833865 0.0512005 0.0303701 0.0438667 0.049879 0.0486227 0.0242558 0.0502118 0.0365945 0.0475843 0.0703341 0.0627799 0.0433442 0.0361547 0.0298474 0.1169 
0.0456538 0.0453293 0.0582858 0.0222776 0.1116 0.0457247 0.035695 0.0447048 0.0508624 0.0499438 0.0270783 0.0519163 0.0420187 0.0471323 0.0534153 0.0572889 0.0379744 0.0369018 0.0290057 0.107191 
0.0434805 0.0403083 0.0630066 0.0219201 0.140754 0.0410149 0.0412022 0.0448594 0.0506385 0.0507085 0.0301158 0.0525086 0.0474856 0.0467584 0.0408937 0.0516503 0.0336521 0.0375946 0.0281297 0.093319 
0.0414949 0.0363175 0.066462 0.021894 0.167572 0.0373056 0.046381 0.0445204 0.0495822 0.050994 0.0331043 0.0521894 0.0525133 0.046382 0.0324267 0.0464611 0.0304821 0.0382058 0.0273304 0.0783818 
0.0398286 0.03333 0.0687349 0.0220184 0.189819 0.0345771 0.050911 0.0439432 0.0481586 0.0509549 0.0358584 0.0513512 0.0568467 0.0459745 0.0270599 0.0420972 0.0283306 0.0387317 0.026669 0.0648052 
0.0514323 0.0719531 0.0332007 0.0369221 0.0184611 0.0735217 0.0182846 0.0362547 0.0365192 0.0400436 0.0186713 0.0375983 0.0243795 0.0505868 0.152292 0.0729132 0.0738778 0.0344152 0.034897 0.0837764 
0.0515371 0.0684365 0.036462 0.0346612 0.0236938 0.0697531 0.019582 0.0381285 0.0397933 0.041724 0.0193225 0.0407002 0.0260965 0.0499988 0.135272 0.0723629 0.068767 0.0349388 0.0345331 0.0942368 
0.0511204 0.0639788 0.0409569 0.0320836 0.0325294 0.0650531 0.0216438 0.0402424 0.0434277 0.0437109 0.0203475 0.0444507 0.0286726 0.0494311 0.115614 0.0710178 0.0626237 0.0355792 0.0339308 0.103586 
0.0500539 0.0587207 0.0466562 0.0294277 0.046252 0.0595572 0.0247071 0.0423406 0.046936 0.0458398 0.0218999 0.0484865 0.0323133 0.0489614 0.0947755 0.0685728 0.0557705 0.036303 0.0330287 0.109398 
0.0483419 0.0530188 0.0531433 0.0270164 0.0654569 0.0536359 0.0288748 0.0441014 0.0497112 0.0478405 0.0240909 0.0522201 0.0370322 0.0486167 0.0747456 0.0648944 0.0487788 0.0370629 0.0318454 0.109572 
0.0461674 0.047379 0.0596436 0.0251278 0.0893325 0.0478342 0.0339901 0.0452571 0.0512721 0.049434 0.0269038 0.0550285 0.0425485 0.0483496 0.0574429 0.0601646 0.0423271 0.0378075 0.0304933 0.103497 
0.0438396 0.0422905 0.0653108 0.0238705 0.115581 0.0426842 0.0396301 0.0457157 0.0514994 0.0504596 0.0301576 0.0565329 0.0483422 0.0480648 0.0440147 0.0548722 0.036959 0.0384938 0.0291421 0.0925396 
0.0416595 0.0380609 0.0695925 0.0231636 0.141243 0.038513 0.0452635 0.0455907 0.0506624 0.0509312 0.0335708 0.0567597 0.0538636 0.0476831 0.0345469 0.0496271 0.0329039 0.0390988 0.0279451 0.0793204 
0.0398077 0.0347653 0.0724006 0.0228245 0.16382 0.0353776 0.0504579 0.0451154 0.0492302 0.050986 0.0368804 0.056065 0.0587387 0.0471865 0.0283443 0.0449281 0.0300831 0.0396217 0.026986 0.0663805 
0.0383245 0.0323094 0.0740101 0.0226759 0.181894 0.0331391 0.054992 0.0445236 0.0476434 0.0507924 0.0399301 0.0549217 0.0628299 0.0466175 0.0244551 0.041043 0.0282454 0.0400775 0.0262733 0.055302 
0.0516606 0.0700787 0.032948 0.0465089 0.0163354 0.0756094 0.0191192 0.0366706 0.0358177 0.0391474 0.019741 0.0366618 0.0257551 0.0493738 0.144348 0.0699274 0.0826188 0.0356205 0.0405652 0.0714928 
0.0518385 0.0672726 0.036061 0.0438785 0.0198775 0.0720309 0.0201207 0.0383439 0.0389578 0.0406953 0.0202406 0.0398914 0.0273616 0.0491988 0.130408 0.0700018 0.0773585 0.0361614 0.0398367 0.0804648 
0.0515198 0.0636295 0.0404682 0.0406284 0.0260099 0.0674912 0.0217705 0.0403216 0.0425948 0.0425956 0.0210577 0.0440083 0.0297665 0.0490842 0.113779 0.0695534 0.070825 0.0368328 0.0387463 0.0893174 
0.0505459 0.0591855 0.046265 0.0369554 0.0358834 0.0620647 0.0243386 0.0424085 0.0463163 0.0447362 0.0223779 0.0487447 0.0332118 0.0490753 0.0954399 0.0682393 0.063292 0.0375951 0.0372232 0.0961017 
0.0488732 0.0541634 0.0531673 0.0332369 0.0503552 0.0560574 0.0280342 0.0443141 0.0495207 0.0468783 0.0243899 0.0535254 0.0377994 0.0491605 0.0769826 0.0657785 0.0553313 0.0383879 0.0353053 0.0987387 
0.0466429 0.0489611 0.0604438 0.0299141 0.0693407 0.049988 0.0328622 0.0457427 0.0516223 0.048719 0.0271869 0.0575939 0.0433597 0.0492525 0.0602231 0.062125 0.0477136 0.0391454 0.0331622 0.096001 
0.0441595 0.0440365 0.0671261 0.0273075 0.091452 0.0444304 0.0385406 0.0465204 0.0523273 0.0500225 0.0306791 0.0603152 0.0494373 0.0492212 0.0465495 0.0575624 0.0411495 0.0398179 0.0310464 0.0882991 
0.041764 0.0397468 0.0724186 0.0254974 0.114362 0.0397996 0.0445764 0.0466701 0.0517643 0.0507224 0.0346014 0.0614609 0.0554511 0.0489667 0.0364541 0.0526181 0.036035 0.0403861 0.0291898 0.0775156 
0.039694 0.0362561 0.0760001 0.0243539 0.135692 0.0362384 0.0504621 0.0463729 0.0503653 0.0509146 0.038623 0.0612548 0.0609212 0.0484728 0.0295799 0.0478482 0.0323855 0.0408611 0.0277212 0.0659831 
0.0380309 0.0335519 0.0780244 0.0236633 0.153756 0.033657 0.0558423 0.0458601 0.0486229 0.050771 0.042476 0.0601832 0.065592 0.0478033 0.0251427 0.0436535 0.0299595 0.0412697 0.0266543 0.0554862 
0.0520037 0.065142 0.0354488 0.0565032 0.0171081 0.0738765 0.0211969 0.0387739 0.0384768 0.0396954 0.0215563 0.0386029 0.0287661 0.047433 0.120772 0.0662709 0.0860918 0.0376544 0.0476452 0.0669826 
0.0517788 0.0622902 0.0396167 0.0526031 0.0212035 0.0695863 0.0225103 0.0405528 0.0420486 0.0414612 0.0222102 0.042867 0.0310003 0.047767 0.107496 0.0665647 0.0794136 0.038387 0.0460119 0.0746311 
0.0509183 0.0587108 0.0452938 0.0478243 0.0279857 0.0643431 0.0246446 0.042534 0.0458803 0.0435428 0.0233276 0.048073 0.0342355 0.0482657 0.0923297 0.0662956 0.0714395 0.0392302 0.0437364 0.0813895 
0.0493253 0.0545005 0.0523636 0.0425472 0.0383231 0.058371 0.0278882 0.0444817 0.0494102 0.0457519 0.0251673 0.0537397 0.0386491 0.0488853 0.0763681 0.0650986 0.0626881 0.0401078 0.0408588 0.0854749 
0.0470813 0.0499276 0.0602146 0.037363 0.0525461 0.0521359 0.0323974 0.0461077 0.0519893 0.0477915 0.0279433 0.0590661 0.0441844 0.0494896 0.0611147 0.0627293 0.0539721 0.0409276 0.0376099 0.0854088 
0.0444645 0.0453755 0.0678368 0.0328599 0.0700003 0.0462311 0.0380549 0.0471832 0.0531645 0.049369 0.031691 0.0631971 0.0504758 0.0498889 0.0479905 0.059229 0.0461625 0.041615 0.0343614 0.0808493 
0.0418451 0.0412097 0.0742157 0.0293828 0.0890749 0.0411583 0.0444559 0.0476409 0.0529012 0.0503306 0.0362035 0.0655996 0.0569457 0.0499306 0.0377994 0.0549574 0.0398639 0.0421425 0.0314803 0.0728623 
0.0395248 0.0376606 0.0787545 0.0269485 0.107783 0.0371602 0.0510585 0.0475885 0.0515576 0.050708 0.0411049 0.0662651 0.063027 0.0495749 0.0305498 0.0504442 0.0352434 0.0425331 0.0291893 0.0633247 
0.0376422 0.034795 0.0814145 0.0253497 0.124455 0.0342121 0.0573851 0.0472284 0.0496565 0.0506555 0.0460033 0.0656056 0.0683426 0.0488988 0.0257054 0.0461792 0.0321086 0.0428371 0.0275295 0.0539966 
0.0361876 0.0325649 0.0825569 0.0243218 0.138104 0.0321301 0.0631352 0.0467582 0.0476591 0.0503553 0.0506134 0.0641905 0.0727373 0.0480404 0.0225733 0.0424812 0.0301078 0.0431039 0.0264167 0.0459632 
0.0519955 0.0623352 0.0345921 0.0725242 0.0150869 0.0749882 0.0227042 0.0393313 0.0383524 0.038781 0.0231746 0.0368869 0.0301076 0.0447644 0.107285 0.0614207 0.0937439 0.0392705 0.0580709 0.0545846 
0.0518476 0.0601889 0.0383531 0.068163 0.0177301 0.0710647 0.0237571 0.0408735 0.0418092 0.0403691 0.0237221 0.0410344 0.032144 0.0454569 0.0972913 0.0622303 0.0872717 0.0400888 0.0559642 0.0606403 
0.0511171 0.0574428 0.0436486 0.0623842 0.0221981 0.0661672 0.0255268 0.0426721 0.0456664 0.0423195 0.0246762 0.0463805 0.0351231 0.0464092 0.0855702 0.0627996 0.0792725 0.0410534 0.0529414 0.0666315 
0.0496572 0.054088 0.0505439 0.0554843 0.0292319 0.0604197 0.0283558 0.0445607 0.0494266 0.044507 0.026352 0.0526116 0.0392867 0.0475683 0.0727158 0.0627562 0.0701402 0.0420789 0.0490027 0.0712128 
0.0474721 0.0502583 0.058623 0.0481313 0.0393245 0.0541941 0.0325352 0.0462901 0.0524185 0.0466717 0.0290846 0.0589975 0.0446926 0.0487632 0.0597762 0.0617213 0.0606359 0.0430411 0.0444058 0.0729632 
0.0447814 0.0462304 0.0669409 0.0411916 0.0523126 0.0480621 0.0381277 0.0476095 0.0540503 0.048493 0.0330671 0.0645526 0.0510882 0.0497359 0.0479875 0.0594994 0.0517275 0.0438197 0.0396524 0.0710707 
0.0419598 0.0423392 0.0743306 0.0353868 0.0672101 0.0425988 0.0448591 0.0483759 0.0541054 0.0497335 0.0382034 0.0684367 0.0579322 0.0502479 0.0383039 0.0562184 0.0442418 0.0443524 0.03531 0.0658541 
0.0393722 0.0388566 0.0799051 0.0310265 0.0825126 0.0381648 0.0521942 0.0486122 0.0528321 0.0503406 0.0441107 0.0703219 0.0645918 0.0501968 0.0310631 0.0522938 0.0385667 0.0446585 0.0317798 0.0586005 
0.0372314 0.0359209 0.0833679 0.0280085 0.09676 0.0348289 0.059547 0.048469 0.0507606 0.050428 0.0502747 0.0704411 0.0705676 0.0496459 0.0260254 0.0482401 0.0346261 0.0448153 0.0291878 0.0508535 
0.0355743 0.0335494 0.0849578 0.0260168 0.108949 0.032448 0.0664603 0.0481331 0.0484352 0.0501811 0.0562331 0.0693514 0.0755931 0.0487636 0.0226706 0.044483 0.0320736 0.0449105 0.0274411 0.043775 
0.0517108 0.057708 0.0367559 0.0865886 0.015248 0.0716791 0.0253157 0.0411956 0.0418132 0.0394017 0.0254248 0.0386898 0.0329906 0.042391 0.0846185 0.0570435 0.0931339 0.0417127 0.0682018 0.0483771 
0.0511097 0.0556869 0.0414231 0.080193 0.0180945 0.0672927 0.0267897 0.0427621 0.0456233 0.0411579 0.0262647 0.0438044 0.03565 0.0436413 0.076129 0.0581496 0.0855967 0.0428183 0.064639 0.0531743 
0.0498291 0.0531378 0.0477707 0.0719563 0.0226901 0.0619969 0.0292447 0.0445055 0.0495282 0.0432296 0.0277863 0.050156 0.039462 0.0452193 0.0665132 0.0589909 0.0766678 0.044042 0.0597805 0.0574935 
0.0477917 0.0500736 0.0556295 0.0624737 0.0295312 0.0560281 0.033081 0.0462392 0.0528768 0.0454216 0.0304294 0.0572033 0.0445966 0.0469572 0.0563365 0.0591482 0.0669382 0.0452361 0.0538274 0.0601809 
0.0451249 0.0466468 0.0642413 0.0527913 0.0387303 0.0498715 0.0385478 0.0477258 0.0549689 0.0474242 0.0345645 0.0639738 0.050939 0.0485515 0.046483 0.0582457 0.0573421 0.0462219 0.0473523 0.0602535 
0.042166 0.0431256 0.0724032 0.0440584 0.0497692 0.0441316 0.0455452 0.048771 0.0553892 0.0489355 0.0402658 0.069387 0.0580252 0.0496648 0.03786 0.0561564 0.0488687 0.0468675 0.0411493 0.0574606 
0.0393246 0.0397954 0.0789659 0.0370564 0.0615903 0.0392923 0.0535908 0.0493126 0.0542276 0.0498063 0.047203 0.0727413 0.0651812 0.050086 0.0310267 0.0530985 0.0421713 0.0471531 0.0359055 0.0524713 
0.0369006 0.0368572 0.08332 0.0319694 0.0730072 0.0355532 0.0620072 0.0494312 0.0519893 0.0500833 0.0547606 0.0739761 0.0717849 0.0498185 0.026041 0.0495304 0.0373793 0.0471671 0.0319452 0.0464783 
0.0350011 0.0343954 0.0855088 0.0285221 0.083111 0.0328453 0.070169 0.0492837 0.0493018 0.0499359 0.0622797 0.0735421 0.0774425 0.0490364 0.0226023 0.0459406 0.0342186 0.047045 0.0292268 0.0405923 
0.0335798 0.0324067 0.0860021 0.0262724 0.0914331 0.0309603 0.07764 0.0490231 0.0466707 0.0495554 0.0692441 0.0720842 0.0820008 0.0479738 0.0202965 0.0426914 0.0322612 0.046903 0.0275055 0.0354964 
0.0514071 0.0552715 0.0350118 0.106299 0.0134787 0.0713457 0.0269475 0.0414445 0.0419411 0.0386324 0.027106 0.036151 0.0334287 0.0390164 0.0714573 0.0516954 0.0961258 0.0430409 0.0816649 0.038535 
0.050913 0.0538188 0.0388903 0.0998838 0.0152551 0.0675741 0.0281873 0.0427608 0.0456349 0.0401563 0.0278819 0.0407104 0.0357105 0.0403555 0.0655925 0.0530105 0.0894299 0.0442697 0.0779368 0.0420282 
0.0498304 0.0519499 0.0443803 0.0909707 0.0181751 0.0629207 0.0303056 0.0442987 0.0495987 0.042032 0.0292638 0.0467113 0.0390683 0.0421317 0.0588512 0.0543655 0.0812727 0.0456994 0.0725649 0.0456097 
0.0480166 0.0495889 0.0515591 0.0799024 0.0226577 0.0574721 0.033775 0.0459447 0.0532449 0.0441427 0.0317575 0.0538811 0.04377 0.0442269 0.0514108 0.0553944 0.0719989 0.0471842 0.0655924 0.0484798 
0.0454892 0.0467668 0.0599593 0.067673 0.0289369 0.0515605 0.0390195 0.0475074 0.0558152 0.0462313 0.0359028 0.0614294 0.0498578 0.046349 0.0437533 0.0556472 0.0623494 0.0484969 0.0575193 0.0497361 
0.0424989 0.0436553 0.0685035 0.0557455 0.0368127 0.0457381 0.0461556 0.0487753 0.0566936 0.0479708 0.0419962 0.0681911 0.0569979 0.0480911 0.0365678 0.0547815 0.0533253 0.0494111 0.0492846 0.0488043 
0.0394583 0.0405195 0.0758773 0.0454871 0.0455948 0.0405791 0.054819 0.0496126 0.0557503 0.0491189 0.0498439 0.0731101 0.0645222 0.0491085 0.0304752 0.0527655 0.045808 0.0498153 0.0419218 0.0458127 
0.0367508 0.0376104 0.0811332 0.0376163 0.0543572 0.0364405 0.0642718 0.0500176 0.0534043 0.0496296 0.0587811 0.0757256 0.0716878 0.0492848 0.0257692 0.04991 0.0402062 0.0497664 0.0361112 0.0415266 
0.0345774 0.0350822 0.0840347 0.0320992 0.0623121 0.0333756 0.0737057 0.0500972 0.0503523 0.0496306 0.0679468 0.0762587 0.0779499 0.0487502 0.0223836 0.0466995 0.0364138 0.0494368 0.0319964 0.0368975 
0.0329466 0.032986 0.0849421 0.0284575 0.0690197 0.0312246 0.0824908 0.0499932 0.0472347 0.0493178 0.076582 0.0753261 0.0830558 0.0477662 0.0200503 0.0435805 0.0340345 0.0490135 0.029332 0.0326463 
0.0505934 0.0521526 0.0363913 0.119562 0.0133169 0.0670527 0.0295016 0.042665 0.0455813 0.0393804 0.0293343 0.037566 0.035353 0.0370542 0.0555822 0.0480824 0.0904517 0.0452487 0.0915205 0.0336107 
0.0496938 0.0508046 0.0408617 0.110812 0.0151511 0.0631284 0.0313159 0.0439691 0.0495086 0.0410139 0.0305952 0.0428426 0.038185 0.0387876 0.0510409 0.0495849 0.0834113 0.0468341 0.0861755 0.0362841 
0.0481408 0.0490293 0.0470097 0.0991162 0.0180349 0.0583927 0.0343901 0.0454548 0.0533684 0.0429498 0.0328845 0.0495855 0.0423087 0.0409732 0.0459035 0.0510768 0.0751539 0.0485977 0.078803 0.0388266 
0.0458528 0.0467601 0.054692 0.0851432 0.0222258 0.052996 0.0392848 0.0469973 0.0564137 0.0450114 0.0368664 0.057315 0.0479208 0.0433935 0.0403224 0.0521485 0.066127 0.0503029 0.0696659 0.0405607 
0.042958 0.0440586 0.0631198 0.0703565 0.027721 0.0473481 0.0463562 0.0484076 0.0578659 0.0468981 0.0430807 0.0649972 0.0548718 0.0456472 0.0346949 0.0523479 0.0571554 0.0516373 0.0596387 0.0408396 
0.0398135 0.0411321 0.0709917 0.056608 0.0341177 0.0420273 0.0554442 0.0495039 0.0573239 0.0483047 0.0515672 0.0713625 0.0625777 0.0472838 0.0295462 0.0514074 0.0492023 0.0523534 0.0500159 0.039417 
0.036855 0.0382562 0.0770727 0.0453477 0.0407211 0.0375344 0.0658201 0.0501998 0.0550216 0.0490788 0.0617068 0.0755082 0.0702094 0.0480255 0.0252911 0.0494141 0.0429513 0.0524063 0.0419495 0.036631 
0.0343917 0.035657 0.0807698 0.0370862 0.0468524 0.0340904 0.0764912 0.050533 0.051672 0.0492748 0.072463 0.0772803 0.0770441 0.04789 0.0220686 0.0467594 0.0385557 0.0519609 0.0359707 0.0331892 
0.0325155 0.0334507 0.0822367 0.0315051 0.0520965 0.0316331 0.0865918 0.0506162 0.0480631 0.0490727 0.0828039 0.0771525 0.0826872 0.0471187 0.0197732 0.0439248 0.0357372 0.0512733 0.0319717 0.0297766 
0.0311563 0.0316591 0.0820695 0.0279267 0.056347 0.0299522 0.0955664 0.0505694 0.0447635 0.0486669 0.0919827 0.0758362 0.0870579 0.0460156 0.0181923 0.0412909 0.0340538 0.0505639 0.0295099 0.0268201 
0.0502339 0.0508513 0.0341961 0.13749 0.0119985 0.0659451 0.0306023 0.0425047 0.0453981 0.0388389 0.0305023 0.034762 0.0347337 0.0341499 0.0471939 0.0438593 0.0890983 0.045742 0.104148 0.0277512 
0.0494812 0.0498732 0.0376564 0.129637 0.0131567 0.0627158 0.0321434 0.0435793 0.0491843 0.0402251 0.0316634 0.0391234 0.037024 0.035662 0.044134 0.0452447 0.0832149 0.04739 0.099312 0.0295786 
0.0481818 0.0485502 0.0426186 0.118362 0.01501 0.0587578 0.0348037 0.0448626 0.0531376 0.0419308 0.0337155 0.0450289 0.0404832 0.0376884 0.0406794 0.0468295 0.076234 0.0493436 0.0922178 0.0315649 
0.0461897 0.0467541 0.049207 0.103851 0.017788 0.0540626 0.03922 0.046299 0.0565926 0.0438629 0.0373756 0.052336 0.0454281 0.0401192 0.0367828 0.0483174 0.0683179 0.0514077 0.0828126 0.0332758 
0.0435079 0.0444445 0.0570066 0.0871926 0.0215915 0.0488474 0.0459694 0.0477542 0.0586938 0.0457901 0.043394 0.0603282 0.0519191 0.0426404 0.0325851 0.0492737 0.0599918 0.0532362 0.0716686 0.0341652 
0.0403828 0.0417386 0.0649419 0.0703518 0.0262337 0.0435857 0.0551769 0.0490425 0.05877 0.0473965 0.0521191 0.0677686 0.0595526 0.0447813 0.028427 0.0492857 0.0521008 0.0544467 0.0600788 0.033819 
0.0372445 0.0388976 0.0716503 0.0554636 0.0312264 0.0388468 0.0662468 0.0500101 0.0567617 0.0484377 0.0631191 0.0734081 0.0675013 0.0461196 0.0247166 0.0482001 0.0454844 0.0548241 0.0496098 0.0322315 
0.0344975 0.0362093 0.0761706 0.0438677 0.0359904 0.0350293 0.0780523 0.0506108 0.0532846 0.0488669 0.0752672 0.0766145 0.0748682 0.0465026 0.0217285 0.0462279 0.0405839 0.0544425 0.0413612 0.0298246 
0.0323453 0.033869 0.0783378 0.0357329 0.0401183 0.032224 0.0894472 0.0509065 0.0492464 0.0488181 0.0872464 0.0775581 0.0810612 0.0460811 0.0195115 0.0438091 0.0373318 0.0535882 0.0355903 0.0271774 
0.0307788 0.0319487 0.0786267 0.0304352 0.0434772 0.0302857 0.0996424 0.0510066 0.0454045 0.048491 0.0980228 0.076895 0.0858959 0.0451627 0.0179521 0.0413814 0.0353544 0.0525789 0.031919 0.0247415 
0.0492532 0.0492008 0.0350176 0.146065 0.0118454 0.0618942 0.0327542 0.0431936 0.0486388 0.0396571 0.0324342 0.0359463 0.0358199 0.0330612 0.0386586 0.0416749 0.0813559 0.0474603 0.110979 0.02509 
0.0481713 0.0482097 0.0388389 0.13602 0.013053 0.0586546 0.0350057 0.0442671 0.0525412 0.0411208 0.0342469 0.040824 0.0386098 0.0347723 0.0363003 0.0431074 0.0755969 0.0494716 0.104681 0.0265074 
0.0464821 0.0468013 0.0441752 0.122172 0.0149086 0.054718 0.0388529 0.0455398 0.0562666 0.0428567 0.037484 0.0472624 0.0427796 0.0369709 0.0336079 0.0446659 0.0689655 0.0517668 0.0957855 0.0279381 
0.0440932 0.0448591 0.0509537 0.10501 0.0175513 0.0501209 0.0450272 0.0469442 0.0589898 0.0447184 0.0430213 0.0549297 0.0485735 0.0394727 0.0305572 0.0460194 0.0616826 0.0540388 0.0844402 0.0289971 
0.0411157 0.0423976 0.0584711 0.086136 0.0209423 0.0451558 0.0539677 0.0483324 0.059849 0.0464338 0.0515239 0.0628648 0.0558365 0.0418851 0.0273014 0.0467357 0.0543289 0.0558321 0.0716206 0.0292702 
0.0379049 0.0396166 0.0654716 0.0679856 0.0247769 0.0403443 0.0653626 0.0495216 0.0584343 0.0477093 0.0628946 0.0697159 0.0638743 0.043726 0.024152 0.0464853 0.0477093 0.0567446 0.0590236 0.0285469 
0.034915 0.0368332 0.0707331 0.0527753 0.0285815 0.0362106 0.0780874 0.0503858 0.0551108 0.0483922 0.0760814 0.0744017 0.0716886 0.0446695 0.0214307 0.0452545 0.0424772 0.0566665 0.0483233 0.0269819 
0.0324695 0.0343282 0.0737027 0.0415166 0.0319497 0.0330313 0.0907214 0.0509141 0.0508041 0.0485365 0.0895306 0.0766387 0.0784528 0.044709 0.0193088 0.0433553 0.0388293 0.0558269 0.0403793 0.0249954 
0.0306548 0.0322462 0.0746114 0.0339533 0.0347032 0.0307826 0.102158 0.0511844 0.0464653 0.0483235 0.101868 0.0768768 0.0838037 0.0440918 0.0177751 0.0412256 0.0365418 0.0546144 0.0351028 0.0230174 
0.029383 0.0306065 0.0741182 0.0291951 0.0368812 0.0292688 0.111828 0.0513001 0.0427096 0.0479423 0.112257 0.0758602 0.0877851 0.0431361 0.0167149 0.0392248 0.0352173 0.0533681 0.0318839 0.0213201 
