20 hexa 10 10 gaussian
#SNAPSHOT FILE
#iterations: 21000 (40000 total)
0.0500656 0.077345 0.0303914 0.0303605 0.0158537 0.0742597 0.016677 0.0339671 0.033846 0.0392169 0.0170175 0.0352979 0.0218179 0.0519799 0.178157 0.07574 0.072363 0.0327787 0.029972 0.0828938 
0.0506723 0.0740176 0.0325434 0.0286713 0.0194525 0.0711782 0.0175497 0.0357154 0.0369091 0.0408344 0.0174644 0.0374173 0.0228438 0.0508128 0.16031 0.0752484 0.0683333 0.0332254 0.0300751 0.0967264 
0.0509353 0.0695275 0.0357382 0.0267512 0.0261803 0.0672306 0.0190142 0.0378556 0.0406379 0.0428431 0.0181866 0.0401903 0.0244956 0.0495287 0.138564 0.0740069 0.0631115 0.0338189 0.0301709 0.111213 
0.0506265 0.0639398 0.0401562 0.0247898 0.0378557 0.062399 0.0213642 0.0401635 0.0446229 0.0451107 0.0193261 0.0434268 0.0270771 0.0483176 0.11441 0.0716735 0.0568878 0.0345253 0.030152 0.123176 
0.0495879 0.0575749 0.0456842 0.0230844 0.0561868 0.0568599 0.0248576 0.0422821 0.0481956 0.0473645 0.0210353 0.046676 0.0308265 0.047369 0.0901857 0.0680014 0.0501313 0.0352984 0.029918 0.128881 
0.04784 0.0509889 0.0517817 0.0219145 0.0816325 0.051028 0.0295379 0.0438318 0.0506448 0.0492655 0.0233891 0.0493212 0.0357277 0.0467714 0.0684656 0.0630232 0.0435122 0.0360921 0.029425 0.125807 
0.0456233 0.0448258 0.0575925 0.0213903 0.112403 0.0454654 0.0350918 0.0445839 0.0515633 0.0505607 0.0262902 0.0508496 0.0413948 0.0464566 0.0511327 0.0571622 0.0376946 0.0368656 0.0287222 0.114331 
0.0433071 0.0395959 0.0623237 0.0213973 0.144718 0.0406791 0.0409108 0.044576 0.0510628 0.0512015 0.0294638 0.0511264 0.0471855 0.0462509 0.0387574 0.0511246 0.033105 0.0375826 0.0279331 0.0976987 
0.0412166 0.0355243 0.0656154 0.021687 0.174417 0.0369351 0.0463562 0.0440669 0.0496569 0.0513284 0.0325776 0.0504389 0.0524986 0.0459949 0.0307103 0.0456104 0.02983 0.0382152 0.0271887 0.0801319 
0.0395181 0.0325597 0.0676094 0.0220259 0.19862 0.0342239 0.0510192 0.0433736 0.0479401 0.0511517 0.0353917 0.0492924 0.0570093 0.0456255 0.0258056 0.0410612 0.0276913 0.0387516 0.02657 0.0647603 
0.0511591 0.073037 0.0325035 0.0349638 0.0169988 0.0737267 0.0179609 0.0359243 0.0355378 0.0397678 0.0182188 0.0367599 0.0242028 0.0505903 0.157339 0.073623 0.0775621 0.0339207 0.0333594 0.0828447 
0.0515538 0.0693668 0.0356445 0.0327089 0.021556 0.0698702 0.0190503 0.0378849 0.0391072 0.0416652 0.0187293 0.0398262 0.0257439 0.0497658 0.138741 0.0732472 0.0720562 0.0344762 0.0331008 0.0959057 
0.0513847 0.06463 0.0401319 0.0301648 0.0297372 0.0650803 0.020872 0.0401167 0.0431585 0.0439225 0.0195815 0.0436582 0.0281233 0.0489952 0.117212 0.0720393 0.0651982 0.0351734 0.0326652 0.108156 
0.0504496 0.0590069 0.045993 0.027614 0.0431941 0.0594858 0.0237324 0.0423196 0.0471049 0.0463141 0.0209588 0.0478628 0.0316263 0.0484196 0.0945867 0.069633 0.0574493 0.0359625 0.0319667 0.11632 
0.0487144 0.0529216 0.0527913 0.0254264 0.0629917 0.0534581 0.0278228 0.0441158 0.050193 0.0484923 0.023023 0.0517443 0.0363569 0.0481022 0.0732488 0.0658322 0.0495715 0.0367867 0.0309885 0.117419 
0.0463874 0.0469498 0.0596268 0.0238853 0.0885845 0.0475523 0.0330394 0.0452035 0.0518277 0.0501234 0.0258014 0.054543 0.0420749 0.0479693 0.0553206 0.0607974 0.0424049 0.0375973 0.0298147 0.110497 
0.0438542 0.0416289 0.0654778 0.0230433 0.117449 0.0423196 0.038928 0.0455066 0.0518875 0.0510505 0.029113 0.0558098 0.0482079 0.0478472 0.0418735 0.0550713 0.0365673 0.0383586 0.0286053 0.0974011 
0.0415004 0.0372824 0.069681 0.0227302 0.145962 0.0381056 0.0448518 0.0451979 0.0507503 0.0513457 0.0326275 0.0556219 0.0540915 0.0475738 0.0327401 0.0493744 0.032276 0.0390452 0.0275214 0.0817208 
0.039557 0.0339726 0.0721695 0.0226912 0.170916 0.0349749 0.0502649 0.0445774 0.0490234 0.0512188 0.0360182 0.0544693 0.0592505 0.0470891 0.0269753 0.0443138 0.0293929 0.0396416 0.0266592 0.0668249 
0.0380712 0.0315759 0.0733442 0.0227231 0.190476 0.0327821 0.054887 0.0439174 0.0472356 0.0508858 0.0390917 0.0529594 0.0635082 0.0464435 0.0234816 0.040214 0.0276022 0.0401443 0.0260339 0.0546228 
0.0515874 0.0708592 0.0324125 0.0442499 0.0153253 0.0761859 0.0188968 0.0364922 0.0345524 0.0387059 0.0193746 0.0357824 0.0258741 0.0494295 0.148675 0.0705856 0.0876596 0.0349713 0.0388799 0.0695001 
0.0520961 0.0679773 0.0354414 0.041641 0.018322 0.0724504 0.0196969 0.0382351 0.0379103 0.0404434 0.0197202 0.0390013 0.0273549 0.0490975 0.133572 0.0709316 0.0820779 0.0354955 0.0381855 0.0803493 
0.0520703 0.0641454 0.039891 0.0384338 0.0238285 0.0677314 0.0210833 0.0403121 0.0419122 0.042616 0.0203309 0.0432682 0.0295885 0.0488641 0.115443 0.07077 0.0747756 0.0361899 0.0371806 0.0915658 
0.0512612 0.0594167 0.0459412 0.0348502 0.0332165 0.0621082 0.0233776 0.0424941 0.0460772 0.045062 0.0214096 0.0483147 0.0328838 0.0488233 0.0955272 0.0696832 0.0661462 0.0370046 0.0357827 0.10062 
0.0495683 0.054067 0.0533164 0.0313203 0.0477064 0.0559061 0.0268756 0.0444409 0.0496683 0.047459 0.0231933 0.0534605 0.037437 0.0489899 0.0757756 0.067293 0.0569944 0.0378683 0.0340139 0.104646 
0.0471491 0.0485624 0.06116 0.0283195 0.0675494 0.0496725 0.0316651 0.0458178 0.0519605 0.0494221 0.0258382 0.0577649 0.0431478 0.0492516 0.0582779 0.0634833 0.0483381 0.0387133 0.0320296 0.101877 
0.0443926 0.0434135 0.0682793 0.0261405 0.0914092 0.0440042 0.037488 0.0464537 0.0526084 0.0506845 0.0292923 0.060438 0.0495519 0.0494024 0.0444551 0.0585459 0.0410392 0.0394955 0.0300743 0.0928319 
0.0417437 0.038999 0.0736839 0.0247791 0.116617 0.0393225 0.0437919 0.0464189 0.0518107 0.0512187 0.0332747 0.0612306 0.0559797 0.0492575 0.0346113 0.0531013 0.0355103 0.040196 0.0283769 0.0800762 
0.0395104 0.0354749 0.0770023 0.0240153 0.140235 0.0357635 0.0499611 0.0459595 0.0501325 0.0511987 0.0373982 0.0604849 0.0618391 0.0487527 0.0281424 0.0478351 0.0316962 0.0408098 0.0270641 0.0667242 
0.0377933 0.0328066 0.0784943 0.0235855 0.160091 0.0332241 0.055547 0.0453521 0.0481755 0.0508658 0.0413375 0.058861 0.0667991 0.0479575 0.0240949 0.0432516 0.0292655 0.0413358 0.0261453 0.0550173 
0.0524586 0.0654796 0.0349884 0.0543986 0.0160547 0.0746556 0.0209371 0.0388521 0.0371662 0.0392393 0.0211469 0.0376607 0.0291223 0.0473464 0.122968 0.0669987 0.092009 0.0368725 0.0461457 0.0655001 
0.0525625 0.0625296 0.0392344 0.0505162 0.0196281 0.0701118 0.0219848 0.0407154 0.0410474 0.0412478 0.0215742 0.0421099 0.0312255 0.0476493 0.108647 0.0676855 0.0846358 0.0375873 0.0444893 0.0748178 
0.0519057 0.0587648 0.0452265 0.0457573 0.0258793 0.0645752 0.023803 0.0427804 0.0453075 0.0436456 0.0224029 0.0477317 0.0343163 0.0482113 0.0922872 0.0678155 0.0754972 0.038457 0.0422002 0.0834358 
0.0503121 0.0543108 0.0528982 0.040552 0.0359054 0.0582993 0.0267577 0.0447711 0.0492678 0.0461687 0.0239333 0.0539695 0.0386625 0.0490036 0.0752385 0.066906 0.065334 0.0393949 0.0393245 0.08899 
0.0478589 0.0494919 0.0615381 0.0355633 0.0503196 0.0518017 0.0311043 0.0463612 0.0521264 0.0484213 0.0264547 0.0598173 0.0442946 0.0498555 0.0592767 0.0645932 0.0552714 0.0403014 0.0361124 0.0894361 
0.0449082 0.0447476 0.0698847 0.0314053 0.0686366 0.0457216 0.0367945 0.0473139 0.0533355 0.0500421 0.0300756 0.064183 0.0508757 0.0504938 0.0459435 0.0608679 0.0464326 0.0411049 0.0329562 0.084277 
0.0419531 0.0404719 0.0766483 0.028366 0.0891602 0.0405716 0.0434175 0.0475984 0.0528912 0.0508827 0.0346148 0.0664152 0.0577755 0.050674 0.0359438 0.0561443 0.0395077 0.0417833 0.0302264 0.0749545 
0.0393895 0.0368916 0.0810896 0.0263584 0.109587 0.0365734 0.0503523 0.0473821 0.0512753 0.0510437 0.0396602 0.0665698 0.0643254 0.0503035 0.0290715 0.0510804 0.034601 0.0423513 0.0281279 0.0639666 
0.0373911 0.0340541 0.08322 0.0250923 0.127863 0.033673 0.057014 0.0469147 0.0491371 0.0507633 0.0447504 0.0652417 0.0700529 0.0494629 0.0246108 0.0463006 0.0314037 0.0428316 0.0266755 0.0535481 
0.0359339 0.0318899 0.0835905 0.0242746 0.142706 0.0316645 0.0630195 0.0464089 0.0470048 0.0502805 0.0495392 0.0631936 0.0747418 0.0483406 0.0217882 0.0422129 0.029464 0.0432375 0.0257624 0.0449472 
0.0525524 0.0622305 0.0342086 0.0712268 0.0144151 0.0760429 0.0226599 0.0396115 0.03691 0.0381564 0.0229132 0.0358687 0.030779 0.0445718 0.107998 0.0617274 0.100139 0.0384809 0.0572571 0.052251 
0.0527457 0.0600576 0.038056 0.0668423 0.0166656 0.0718333 0.023465 0.0412292 0.0406302 0.0399275 0.0232289 0.0401844 0.0327291 0.0452955 0.0974054 0.0629587 0.0931749 0.0392489 0.0550274 0.0592946 
0.0522532 0.0572252 0.0436743 0.0609711 0.0206643 0.0665886 0.0249045 0.0431006 0.0448962 0.042163 0.0238688 0.0459765 0.0355769 0.0463911 0.0849579 0.0640333 0.0841402 0.0402177 0.0518238 0.0665733 
0.0508307 0.0537266 0.0512236 0.0539359 0.0272702 0.0604582 0.0273849 0.0450316 0.0491173 0.044685 0.0251786 0.0529133 0.0396455 0.0478181 0.0713811 0.0644655 0.0735787 0.0412921 0.0476618 0.0724014 
0.0484473 0.0497273 0.060242 0.0465082 0.0371642 0.0538728 0.0313043 0.0467404 0.0524628 0.0471363 0.0275758 0.0600815 0.0450906 0.0493625 0.0579188 0.0637231 0.0625582 0.0423321 0.0428572 0.0748952 
0.045388 0.0455527 0.0695411 0.0396644 0.0503508 0.0474762 0.0368316 0.0479618 0.054204 0.0490973 0.0313609 0.0662007 0.0517178 0.0506665 0.0459563 0.0614939 0.0523808 0.0432107 0.0379911 0.0729538 
0.0421605 0.041575 0.0776146 0.0341456 0.0658826 0.0418809 0.0437389 0.0485769 0.0541102 0.0502924 0.0365106 0.0701993 0.0589675 0.0513818 0.0364395 0.0579 0.0440624 0.0438731 0.0336795 0.067009 
0.03925 0.0380724 0.0833329 0.0301726 0.0821334 0.0374302 0.0514512 0.0486613 0.0525415 0.0507122 0.0426377 0.0717216 0.066127 0.0513406 0.0295556 0.0534615 0.037978 0.0443459 0.0303105 0.0587641 
0.0369259 0.0351679 0.0863705 0.0275218 0.0974256 0.0341481 0.0592798 0.0484127 0.0501765 0.0505556 0.0491556 0.0711593 0.0725988 0.050609 0.0248977 0.048842 0.0339242 0.044693 0.0279566 0.0501793 
0.035221 0.0328593 0.0871277 0.0258017 0.110541 0.0318534 0.0666499 0.0480352 0.0476572 0.0500846 0.055503 0.0692939 0.0780334 0.0494109 0.021853 0.0445917 0.0314221 0.0449681 0.0264693 0.0426244 
0.0525682 0.0572099 0.0364179 0.0867525 0.0145543 0.0725135 0.0252929 0.0417236 0.0405995 0.0387959 0.025112 0.0377083 0.033817 0.0420774 0.0834663 0.0571975 0.0986871 0.0409319 0.0684169 0.0461574 
0.0522203 0.0551775 0.0413546 0.0801752 0.0170392 0.0677881 0.0264506 0.0433552 0.0448037 0.0407694 0.0256356 0.0432041 0.0363578 0.043501 0.0746728 0.0588115 0.0904189 0.0420354 0.0645481 0.0516813 
0.0510251 0.0525783 0.0483055 0.0715787 0.021229 0.0621014 0.0285293 0.0451382 0.0491987 0.0431463 0.0267614 0.0502697 0.0400452 0.0453989 0.0647449 0.0602272 0.0803038 0.043314 0.0592384 0.0568662 
0.0488381 0.0494278 0.0571293 0.0616523 0.0277227 0.0557306 0.0320356 0.0468646 0.0529793 0.0456571 0.0290097 0.0582552 0.045152 0.0475691 0.0543354 0.0608737 0.0691463 0.0445942 0.0527605 0.0602665 
0.0458135 0.0459062 0.0668817 0.0516314 0.0367533 0.0492374 0.0373562 0.0482823 0.0552676 0.0478838 0.0328885 0.0658924 0.0516476 0.0495992 0.0444365 0.0602058 0.058215 0.0456706 0.0458285 0.0606028 
0.0424106 0.042319 0.0759926 0.0428198 0.0478694 0.0432954 0.0444898 0.0492085 0.0555712 0.0494441 0.0385993 0.0717649 0.0590799 0.0510124 0.0359971 0.0580109 0.0487813 0.0464063 0.0393756 0.0575523 
0.0391805 0.0389722 0.0829698 0.0359982 0.0599875 0.0384005 0.0529583 0.0496216 0.0540662 0.0501889 0.0458528 0.0750103 0.0667146 0.0515036 0.029505 0.054558 0.041581 0.0467994 0.0341342 0.0519971 
0.0365078 0.0360636 0.0870755 0.03122 0.0718286 0.0347094 0.061994 0.0496479 0.0514321 0.0502356 0.0539671 0.0756582 0.0738358 0.0510688 0.0248909 0.0504498 0.0366452 0.0469535 0.030369 0.0454473 
0.0345112 0.0336621 0.0884651 0.0280712 0.082375 0.0321003 0.0708307 0.0494634 0.0484403 0.0498411 0.0621484 0.0743942 0.0799605 0.0499447 0.0217625 0.0463258 0.0335467 0.0469918 0.0279392 0.0392257 
0.0331128 0.0317505 0.0878667 0.0260386 0.0910756 0.0303311 0.0788923 0.0492076 0.045656 0.0492586 0.0697361 0.072101 0.0848633 0.0484596 0.0196818 0.0426494 0.0317392 0.0469967 0.0265216 0.034062 
0.0520863 0.0545164 0.0345476 0.108379 0.013014 0.0720058 0.0271693 0.0420898 0.0407905 0.0379656 0.0269807 0.035068 0.0343388 0.038539 0.069233 0.0512844 0.100216 0.0423637 0.0833565 0.0360553 
0.0518299 0.0530895 0.0385986 0.101792 0.0145394 0.0679467 0.0281316 0.0434702 0.0448666 0.0396222 0.027461 0.0398698 0.0365129 0.0400224 0.063339 0.053011 0.0931414 0.0435988 0.0793069 0.0398507 
0.0508714 0.0512363 0.0445504 0.0923995 0.0171392 0.0629638 0.0298782 0.0450447 0.0493487 0.0417327 0.0284458 0.0464563 0.0397138 0.0420966 0.0566066 0.0549147 0.0842232 0.0451093 0.0733603 0.0439086 
0.0489828 0.0488621 0.0525758 0.0805719 0.0212777 0.057154 0.0329745 0.0466918 0.0535174 0.0441416 0.030507 0.0545509 0.0443089 0.0446379 0.0492178 0.0565228 0.0738816 0.0467209 0.0656009 0.0473021 
0.0461601 0.0459969 0.0621235 0.0674989 0.0272613 0.0508972 0.0380016 0.0482129 0.0564085 0.0465014 0.034338 0.0631481 0.0504486 0.0472641 0.041687 0.0572083 0.0630881 0.0481556 0.0566839 0.0489164 
0.042737 0.0428349 0.0717888 0.0549319 0.0349463 0.0448232 0.0452294 0.0494004 0.0572486 0.0483807 0.0404216 0.0707026 0.057846 0.0494102 0.0347372 0.0564701 0.0531397 0.0491475 0.0477802 0.0480237 
0.0392708 0.039671 0.0798367 0.0444178 0.0436461 0.0395567 0.0543512 0.0501438 0.0559303 0.0494876 0.048668 0.0758466 0.0657896 0.0505914 0.0289738 0.0542419 0.0450997 0.0495901 0.0400927 0.0447944 
0.0362598 0.0367712 0.0850694 0.0366287 0.0523983 0.0354408 0.0645551 0.0504782 0.0530594 0.049812 0.0583656 0.0780774 0.073441 0.0506509 0.0246197 0.0509399 0.039357 0.0495797 0.0343043 0.0401921 
0.0339418 0.0342869 0.0872855 0.031353 0.0603747 0.0324766 0.0748717 0.0505322 0.0495396 0.049567 0.0684863 0.0778193 0.0801611 0.0497795 0.021536 0.0472117 0.0356645 0.0493189 0.0304361 0.0353578 
0.0323027 0.032259 0.0870904 0.0279585 0.0671155 0.0304571 0.0844883 0.0504366 0.0461287 0.0490268 0.0780636 0.0759676 0.0856252 0.0483476 0.0194263 0.0436374 0.033485 0.0489897 0.0281057 0.0310887 
0.0512118 0.0513338 0.0358529 0.123447 0.0128075 0.0671256 0.0296666 0.0434285 0.0448897 0.0388109 0.0291159 0.0365494 0.0361088 0.0365731 0.0528627 0.0475405 0.0922323 0.0446858 0.0944057 0.0313515 
0.0504484 0.0500323 0.0406024 0.114273 0.014418 0.06296 0.0311412 0.0447697 0.0493504 0.040593 0.0300046 0.0421976 0.038758 0.0385201 0.0484949 0.0494642 0.0848556 0.046382 0.0885235 0.0342116 
0.048894 0.048294 0.0473702 0.101713 0.0170283 0.0579629 0.0338263 0.0462588 0.0538192 0.042764 0.0318478 0.049684 0.0426928 0.0410779 0.0435898 0.0514918 0.0760231 0.0483328 0.0802799 0.03705 
0.0464085 0.0460282 0.0560398 0.0865363 0.020933 0.0522888 0.0384385 0.0477769 0.0573466 0.0450933 0.0354564 0.0584499 0.048233 0.0439871 0.0382766 0.0530835 0.0662621 0.0502395 0.0700354 0.0390872 
0.0431455 0.0432927 0.0656095 0.0705217 0.02617 0.0463949 0.0455357 0.0491422 0.0589209 0.0471821 0.0416032 0.067146 0.05532 0.0467082 0.0329446 0.0536047 0.0566019 0.0517069 0.0589133 0.0395363 
0.0395794 0.0403183 0.0743553 0.0558935 0.032347 0.0409271 0.0550845 0.0501851 0.0580531 0.0486376 0.0505155 0.0740898 0.063358 0.0486145 0.0281156 0.0526638 0.0482214 0.052443 0.0485084 0.0380895 
0.0362809 0.0374121 0.0806678 0.0442667 0.0387479 0.0364167 0.066314 0.050841 0.0551253 0.0492948 0.0615745 0.0781536 0.0714176 0.0493291 0.0241802 0.0503729 0.0418801 0.0524337 0.0401268 0.0351646 
0.0336295 0.0348186 0.0838691 0.0360389 0.0446764 0.0330572 0.0780486 0.0511654 0.0511178 0.0492715 0.0735528 0.0792795 0.0786627 0.0489005 0.0212373 0.0472681 0.0376455 0.0519167 0.0342316 0.0316126 
0.0317129 0.0326548 0.0843144 0.0306694 0.0497263 0.0307369 0.089194 0.0512649 0.0470228 0.0488342 0.085145 0.0782289 0.0846238 0.0476868 0.0191567 0.0439879 0.0350977 0.0511988 0.0305343 0.0282098 
0.0304201 0.0309349 0.0829274 0.0273191 0.0538249 0.0292089 0.0990003 0.0512291 0.043478 0.0482394 0.0953583 0.0759965 0.0891811 0.0461208 0.01773 0.041013 0.0336894 0.0505038 0.0284357 0.0253892 
0.0505374 0.0500713 0.0334764 0.142938 0.0115978 0.0656469 0.0308944 0.0432598 0.0447497 0.0383251 0.0304579 0.0336922 0.035355 0.0336285 0.0444249 0.0430049 0.0887055 0.0452516 0.108233 0.0257495 
0.0499024 0.0491439 0.037048 0.13485 0.0126117 0.0622479 0.032144 0.044378 0.049056 0.0397843 0.03129 0.0382073 0.0374547 0.0352509 0.0415718 0.0446465 0.0827544 0.0470255 0.103026 0.0276056 
0.0486489 0.0478838 0.0423737 0.122844 0.0142732 0.058133 0.0344249 0.0456653 0.0536715 0.0416461 0.0329086 0.0445847 0.0406602 0.0375211 0.0384055 0.046629 0.0756233 0.0492145 0.0951756 0.0297134 
0.04656 0.0461291 0.0496729 0.107072 0.016827 0.0532701 0.0385037 0.0470817 0.0577669 0.0438002 0.0361447 0.0527278 0.0454044 0.0403373 0.034838 0.0485961 0.0674396 0.0515747 0.0846378 0.0316163 
0.0436118 0.0438104 0.0584642 0.0888151 0.0204012 0.047875 0.045183 0.0485117 0.0602206 0.0459478 0.0419961 0.0617561 0.0518767 0.043306 0.0309697 0.0499687 0.0587953 0.0536547 0.0721482 0.032688 
0.0401139 0.041045 0.0673482 0.0704714 0.0248233 0.0424659 0.0547946 0.0497814 0.0601458 0.0476768 0.0510864 0.0700434 0.0597193 0.04579 0.0271192 0.0501654 0.05069 0.0549607 0.0593333 0.0324261 
0.0366242 0.0381284 0.0745275 0.0545922 0.0295899 0.0376705 0.0667665 0.050744 0.0575158 0.0486829 0.0630748 0.075958 0.0680213 0.0472121 0.0236886 0.0489623 0.0440898 0.0552475 0.0480885 0.0308154 
0.0336516 0.0353894 0.0788062 0.0426235 0.0341027 0.0339035 0.0797794 0.0513587 0.0532225 0.0489431 0.0766488 0.0787774 0.0757463 0.0473879 0.0209436 0.0466514 0.039429 0.0546664 0.0396092 0.0283595 
0.0314245 0.0330455 0.0801238 0.0345422 0.0379633 0.0312238 0.0924032 0.0516826 0.0484789 0.0486705 0.0901515 0.078894 0.0822024 0.0465658 0.0189219 0.0438301 0.0365291 0.0536163 0.034004 0.0257271 
0.0299029 0.0311686 0.0792679 0.0294693 0.0410782 0.0294443 0.103607 0.0518005 0.0442018 0.0481406 0.102227 0.0772879 0.0871715 0.0451954 0.0175096 0.0410648 0.0349024 0.0524819 0.0306773 0.0234011 
0.049377 0.0485855 0.0342113 0.152414 0.0114077 0.0611405 0.0328478 0.0439386 0.0484541 0.0392705 0.0322521 0.0349276 0.0360953 0.0326259 0.0363302 0.040843 0.0791272 0.0471266 0.115602 0.0234235 
0.0483538 0.0476642 0.038181 0.14191 0.0124909 0.0578143 0.0347498 0.0450207 0.0530164 0.0408204 0.0336682 0.0400167 0.0386039 0.0344528 0.0342336 0.0425119 0.0734527 0.0493862 0.108783 0.0248698 
0.046643 0.0463243 0.0439311 0.127021 0.0141895 0.0538094 0.0382253 0.0462711 0.0574852 0.0427139 0.0364553 0.0469955 0.0424719 0.0368899 0.0318569 0.0444253 0.0669061 0.052041 0.0989456 0.0263983 
0.0440966 0.0444067 0.0514302 0.10825 0.0166592 0.0491278 0.044216 0.0476517 0.0607945 0.0447739 0.0417079 0.0555231 0.0480833 0.0397376 0.0291275 0.0461759 0.0596711 0.0546927 0.0862771 0.0275974 
0.0408303 0.0418972 0.0598103 0.0875 0.0198781 0.0440603 0.0534306 0.0490377 0.0617827 0.0466513 0.0504226 0.0643903 0.0553909 0.0424943 0.0261575 0.0471835 0.0523748 0.0567346 0.0719858 0.0279873 
0.0372887 0.0390111 0.0674338 0.0677378 0.0235361 0.0391759 0.0656861 0.0502498 0.059907 0.0479689 0.0627196 0.0718274 0.0636759 0.0445116 0.0232459 0.0469842 0.0459229 0.0576439 0.0581677 0.0273063 
0.0340451 0.0361185 0.0727288 0.0515822 0.0271363 0.0350507 0.0797039 0.0511533 0.05572 0.04855 0.0774316 0.0764663 0.0717942 0.0453626 0.0207226 0.0455553 0.0410182 0.0573258 0.0468042 0.0257308 
0.0314861 0.0335488 0.0750973 0.0400489 0.0302671 0.0319669 0.0937254 0.0517254 0.0505159 0.0485017 0.0926185 0.0780859 0.0787796 0.0450822 0.0187655 0.0433272 0.0378006 0.0561467 0.0387593 0.0237514 
0.0296878 0.0314647 0.0750188 0.0326133 0.0327792 0.0298677 0.106333 0.0520242 0.0455256 0.0480853 0.106495 0.0774389 0.0842165 0.0440518 0.017365 0.0408811 0.0359412 0.0546378 0.0337272 0.0218466 
0.0285187 0.0298781 0.073487 0.0281195 0.0347582 0.0285223 0.116777 0.0521243 0.041445 0.0475467 0.117955 0.0755749 0.0881664 0.042722 0.0164112 0.038662 0.0349684 0.0532054 0.0308719 0.0202866 
