20 hexa 10 10 gaussian
#SNAPSHOT FILE
#iterations: 22000 (40000 total)
0.0496231 0.0777304 0.0299994 0.0297006 0.0153537 0.0746677 0.016421 0.0335336 0.0334909 0.0393105 0.0168256 0.0349087 0.0214715 0.052194 0.18168 0.0757728 0.0729541 0.0327106 0.0295068 0.0821451 
0.0503565 0.0743945 0.0319788 0.0279781 0.0185932 0.0716134 0.0172424 0.0353251 0.036609 0.0411764 0.0172347 0.036983 0.0223881 0.0508257 0.162974 0.0754252 0.0687426 0.033145 0.0296471 0.0973679 
0.0507696 0.0698567 0.0350066 0.0260173 0.0248638 0.0676601 0.0186455 0.0375519 0.0404571 0.0434795 0.0179106 0.039741 0.0239166 0.049306 0.140047 0.0743375 0.0632567 0.0337057 0.0298086 0.113662 
0.0505897 0.0641831 0.0393161 0.0240331 0.0361326 0.0627886 0.02093 0.0399678 0.0446159 0.0460156 0.0189976 0.0429885 0.0263863 0.0478879 0.114671 0.0721161 0.0567425 0.0343582 0.0298829 0.127397 
0.0496203 0.0577007 0.0448435 0.0223577 0.0544069 0.0571758 0.0243781 0.0421822 0.0483764 0.0484319 0.0206586 0.0462515 0.0300824 0.04682 0.0894941 0.0684636 0.0497354 0.0350649 0.0297575 0.134199 
0.0478685 0.0509712 0.0510576 0.0212913 0.0804788 0.0512326 0.0290674 0.0437832 0.0509719 0.0503403 0.0229836 0.0488746 0.0350372 0.046211 0.0672651 0.0633834 0.0429504 0.0357968 0.0293663 0.131069 
0.0455926 0.0446513 0.0570478 0.0209321 0.11265 0.0455281 0.0346973 0.044528 0.0519567 0.0514954 0.0258793 0.0503127 0.0408724 0.0459593 0.0498438 0.0573174 0.0370619 0.0365316 0.0287378 0.118404 
0.0432015 0.0392784 0.0619283 0.0211234 0.146799 0.0405983 0.0406256 0.0444684 0.0514468 0.0519069 0.0290534 0.0504357 0.0468908 0.0458316 0.0376466 0.0510403 0.0324843 0.0372428 0.027988 0.100009 
0.0410583 0.0351093 0.0652729 0.0215695 0.178179 0.0367468 0.0461578 0.0438958 0.049992 0.0517927 0.0321482 0.0495795 0.0524081 0.0456254 0.029875 0.0453328 0.029282 0.0378995 0.0272543 0.080822 
0.0393466 0.0321099 0.0672217 0.0220102 0.203463 0.0339844 0.0508538 0.0431569 0.048218 0.0514209 0.0349178 0.0483089 0.0570469 0.0452708 0.0252307 0.0406788 0.0272491 0.0384791 0.026629 0.0644035 
0.0508337 0.0733033 0.0319921 0.0341158 0.016424 0.0743548 0.0176733 0.0355055 0.0350828 0.0399409 0.0180005 0.0363292 0.0238181 0.0507493 0.160147 0.0738484 0.0786333 0.0338036 0.0328447 0.0825997 
0.0514069 0.0696222 0.0349731 0.0318287 0.0205883 0.0704687 0.0186911 0.0375266 0.0387192 0.0421214 0.0184531 0.0394056 0.0252398 0.0497516 0.140619 0.0737109 0.0727906 0.0343238 0.0326275 0.0971324 
0.0514023 0.0648405 0.0393619 0.0292553 0.0283341 0.0655988 0.0204254 0.0398532 0.0429021 0.0446787 0.0192328 0.0432984 0.0275026 0.0488194 0.11798 0.0727294 0.0655028 0.0349622 0.0322558 0.111065 
0.050564 0.0591388 0.0452471 0.0267156 0.0415179 0.0598859 0.0231989 0.0421564 0.0470214 0.0473058 0.0205284 0.0475954 0.0309341 0.0481488 0.0943481 0.0704601 0.0573261 0.0356754 0.031642 0.12059 
0.0488335 0.0529459 0.0522145 0.0246138 0.0615097 0.053716 0.0272364 0.0440242 0.0502741 0.0495813 0.0225162 0.0515503 0.0356924 0.0478281 0.0723473 0.0666439 0.0491158 0.0364232 0.0307577 0.122176 
0.0464364 0.0468451 0.0593116 0.0232367 0.0879902 0.0476568 0.032465 0.0451318 0.052018 0.0511453 0.0252376 0.0543405 0.0415659 0.0477578 0.0541712 0.0614307 0.0417599 0.0371793 0.0296696 0.114651 
0.0438061 0.0413903 0.0654027 0.0226017 0.118349 0.0422774 0.0384271 0.0454051 0.0521171 0.0518762 0.0285107 0.0554843 0.0479513 0.0477035 0.0407926 0.0554187 0.0358714 0.0379247 0.0285251 0.100165 
0.0413761 0.0369322 0.0697198 0.0224856 0.148544 0.0379484 0.0444438 0.0450421 0.0509727 0.0519212 0.0319876 0.055088 0.054102 0.0474525 0.0318798 0.0494257 0.0316306 0.0386368 0.0274836 0.0829283 
0.0394026 0.0335572 0.0721663 0.0225938 0.174875 0.0347528 0.0499243 0.044373 0.0492237 0.0515639 0.0353282 0.0537157 0.059465 0.0469346 0.0263564 0.0441404 0.0288546 0.0392898 0.0266456 0.0668376 
0.0379307 0.0311507 0.0731879 0.022712 0.195227 0.0325463 0.0545745 0.0436879 0.0474116 0.0510622 0.0383489 0.0520448 0.0638334 0.0462246 0.0230617 0.0399159 0.0271891 0.0398644 0.0260318 0.0539945 
0.0512734 0.0709639 0.0319567 0.0433361 0.0149933 0.0770467 0.0186568 0.0360833 0.033972 0.0387073 0.0191864 0.0353534 0.0255909 0.0496473 0.151163 0.0707741 0.0895437 0.0348353 0.0383609 0.0685558 
0.0519793 0.0681003 0.0348405 0.040709 0.0176867 0.0732686 0.019377 0.0378558 0.0373542 0.0406834 0.0194642 0.038603 0.0269611 0.0492204 0.135442 0.0714135 0.0836033 0.0353252 0.0376867 0.0804255 
0.052151 0.0642648 0.0392087 0.0374645 0.022803 0.068432 0.0206575 0.0400047 0.0414459 0.043147 0.0199852 0.0429779 0.0290808 0.048905 0.116458 0.0715833 0.0757614 0.0359608 0.0367067 0.0930021 
0.0514711 0.0595018 0.0453159 0.0338572 0.0318299 0.0626327 0.0228292 0.0422809 0.0457571 0.0458686 0.0209532 0.0482019 0.0322962 0.0488392 0.0956438 0.0707709 0.0665164 0.0366949 0.0353443 0.103395 
0.0497966 0.0540876 0.0529262 0.0303659 0.0462083 0.0562291 0.0262164 0.0443113 0.0495097 0.0484434 0.0226173 0.0535415 0.0368573 0.0490588 0.0751886 0.0684992 0.056813 0.0374693 0.0336253 0.108235 
0.0472955 0.048495 0.0611368 0.0274948 0.0664299 0.0498025 0.0309464 0.0457321 0.0519274 0.0504298 0.0251539 0.0579667 0.0427065 0.049425 0.0573297 0.0645992 0.0477806 0.0382389 0.0317023 0.105407 
0.0444129 0.0432449 0.0686246 0.0255187 0.0912421 0.0439728 0.0367832 0.0463635 0.0526392 0.051563 0.0285257 0.0606105 0.0493732 0.0496668 0.0434698 0.0593895 0.0403135 0.0389831 0.0298121 0.095491 
0.0416563 0.038732 0.0742541 0.02438 0.117787 0.0391745 0.0431597 0.0462921 0.0518581 0.0518732 0.0324488 0.0612139 0.0561215 0.0495386 0.0337805 0.0535865 0.0347844 0.0396956 0.0281764 0.0814868 
0.0393698 0.0351334 0.0775801 0.0238048 0.142753 0.0355495 0.04942 0.0457907 0.0501816 0.0516126 0.0365234 0.0601852 0.0622699 0.0489589 0.0275202 0.0479861 0.0310688 0.0403671 0.0269177 0.067008 
0.0376555 0.0324302 0.0788891 0.0235033 0.163629 0.0329914 0.0550838 0.0451561 0.0482299 0.0510811 0.040422 0.0582803 0.0674262 0.0480266 0.0236565 0.043161 0.028774 0.0409805 0.0260431 0.0545809 
0.0523782 0.0654312 0.0344512 0.0536424 0.0156926 0.0756859 0.0206948 0.0384836 0.0365055 0.0392762 0.0209388 0.0372625 0.0288547 0.0474838 0.124351 0.0673584 0.0943238 0.0367163 0.0457874 0.0646819 
0.0527005 0.0625119 0.0386273 0.0497183 0.0189593 0.0710113 0.0216238 0.0403887 0.04045 0.041532 0.0212641 0.0418459 0.0308498 0.0477883 0.109501 0.0684343 0.0863838 0.0373815 0.0441181 0.0749104 
0.0522051 0.0587574 0.0446973 0.0448827 0.0248592 0.0652568 0.0232907 0.0425307 0.0448364 0.0442042 0.0219591 0.0477108 0.0338561 0.0484175 0.092495 0.0689573 0.0765032 0.038177 0.041796 0.0846079 
0.0506523 0.0542853 0.0526572 0.0396219 0.0346207 0.0587154 0.0260852 0.0446073 0.0489517 0.0469558 0.0233339 0.0542605 0.0381929 0.0493557 0.074852 0.0683214 0.0655807 0.0390228 0.0388845 0.0910428 
0.0481128 0.0494234 0.0617673 0.0346633 0.0490414 0.0519621 0.0303051 0.0462595 0.051937 0.0493167 0.0257033 0.0603839 0.0439412 0.0503986 0.0585132 0.0660613 0.054917 0.0398365 0.0356559 0.0918007 
0.0450055 0.0446194 0.070628 0.0306433 0.0677729 0.045682 0.0359429 0.0472326 0.0532076 0.050893 0.0292053 0.0648672 0.0507782 0.0511973 0.0450769 0.0621483 0.0457382 0.0405716 0.0325167 0.0862731 
0.0419028 0.040277 0.0777673 0.0278114 0.089099 0.040404 0.0426014 0.0475028 0.05277 0.0515651 0.0336735 0.0669981 0.0580305 0.0514312 0.0351744 0.0570707 0.0387237 0.041229 0.0298355 0.0761327 
0.0392531 0.0366349 0.082322 0.0260148 0.110524 0.0363426 0.0496388 0.0472597 0.0511456 0.0515026 0.0386911 0.0668692 0.0649455 0.0509769 0.0284763 0.0516083 0.0338921 0.0418325 0.0278053 0.0642652 
0.0372391 0.0337547 0.0842929 0.0249146 0.129733 0.0334286 0.0564338 0.0467726 0.0490142 0.0510116 0.043785 0.0651774 0.0709685 0.0499428 0.0241796 0.0464883 0.0308414 0.0423958 0.0264261 0.0532002 
0.0358164 0.0315771 0.0843153 0.0242029 0.145245 0.0314398 0.0625748 0.0462625 0.0469065 0.0503698 0.0486057 0.0627915 0.0758382 0.0485802 0.0214796 0.0421656 0.0290565 0.0429118 0.0255803 0.0442803 
0.0525049 0.0620184 0.0337206 0.0709841 0.014243 0.0771801 0.0225299 0.0392746 0.0362209 0.0380405 0.022781 0.0354469 0.0306203 0.0446026 0.108532 0.0618584 0.102913 0.0383666 0.0572617 0.0509003 
0.0529152 0.0598957 0.0374944 0.0665749 0.0162786 0.072861 0.0232134 0.0408991 0.0400015 0.0399964 0.0229908 0.0398881 0.0324663 0.0453809 0.0977051 0.063463 0.0954615 0.0391043 0.0550012 0.0584088 
0.0526064 0.0571099 0.043179 0.0605774 0.0199916 0.0674005 0.0244842 0.0428203 0.0443952 0.0424697 0.0234832 0.0459409 0.0352227 0.0466163 0.0849248 0.0649824 0.085689 0.0400217 0.0516999 0.0663852 
0.0512558 0.053637 0.0510236 0.0533553 0.0263044 0.0609758 0.026767 0.0448278 0.0487808 0.0452312 0.0246107 0.0532635 0.0392603 0.0482813 0.0709858 0.0658137 0.0742696 0.0410219 0.0473903 0.0729445 
0.0487993 0.0496365 0.0605725 0.0457744 0.0360117 0.0540808 0.0305035 0.0466096 0.0522624 0.047851 0.026821 0.060848 0.0447894 0.0501235 0.0572487 0.0652892 0.0624695 0.0419698 0.0424344 0.0759051 
0.0455654 0.04544 0.0705099 0.0388994 0.0492345 0.0474313 0.035918 0.0478742 0.0540547 0.0498509 0.0304605 0.0672575 0.0516458 0.0516951 0.0451863 0.0630172 0.0517682 0.0427559 0.0374673 0.0739682 
0.0421505 0.041428 0.0791177 0.0334861 0.0650742 0.0416784 0.0428209 0.0484991 0.0539275 0.0509495 0.0355432 0.0712983 0.0592488 0.0525486 0.0357354 0.059148 0.0432388 0.0433527 0.0331332 0.0676215 
0.0391126 0.0378855 0.085091 0.0296949 0.0818472 0.0371592 0.0506405 0.0485761 0.0522934 0.0511855 0.041691 0.0726039 0.0668176 0.0524638 0.0289989 0.0543132 0.0371867 0.0438119 0.0298102 0.0588168 
0.0367441 0.0349442 0.0880473 0.0272261 0.0977403 0.0338704 0.0586592 0.0483225 0.0498862 0.0508252 0.0482994 0.071656 0.0736686 0.0515238 0.0244879 0.049301 0.033289 0.0442055 0.0275413 0.0497619 
0.0350605 0.0326123 0.0884485 0.0256442 0.111388 0.031604 0.0662594 0.0479508 0.047369 0.0501809 0.0547798 0.0693607 0.0793827 0.0500211 0.0215524 0.0447417 0.030971 0.0445754 0.0261501 0.0419476 
0.052731 0.0569529 0.0358799 0.0873688 0.0143504 0.0735056 0.0251769 0.0413964 0.0400265 0.0387154 0.0249724 0.0373408 0.0336143 0.0420018 0.083039 0.0573732 0.100973 0.0408595 0.068956 0.0447662 
0.0525686 0.0549869 0.0408368 0.0806626 0.0166332 0.0686146 0.0261647 0.0430422 0.0443838 0.0408696 0.0253478 0.043054 0.0360509 0.0435837 0.0741716 0.059391 0.0921088 0.0419481 0.0649643 0.0506172 
0.0514757 0.0524451 0.0480245 0.0717695 0.0205751 0.0626664 0.0280256 0.0448796 0.0489808 0.0434613 0.0262772 0.0504996 0.0396767 0.0457625 0.0641406 0.0612469 0.081212 0.0431945 0.059417 0.0562698 
0.0492504 0.049327 0.057357 0.0614655 0.0268335 0.0559824 0.0313075 0.0466794 0.0529391 0.0461655 0.0283116 0.058976 0.0448212 0.0483093 0.0536367 0.0622386 0.0692452 0.0444163 0.0526331 0.0601049 
0.0460598 0.0458104 0.0678054 0.0511359 0.035718 0.0492019 0.0364647 0.0481596 0.0552937 0.0484971 0.0320222 0.0670587 0.0514969 0.0507173 0.0437125 0.0616949 0.0576793 0.0454058 0.0454187 0.0606474 
0.042445 0.0422087 0.0775795 0.0421973 0.0468306 0.0430649 0.0435586 0.0491206 0.0555237 0.0500356 0.0376769 0.0731487 0.0592504 0.0523847 0.0353445 0.0593637 0.047921 0.0460431 0.0387929 0.05751 
0.0390474 0.038836 0.0849583 0.0354274 0.0590885 0.0380828 0.0521377 0.0495482 0.0538625 0.0506505 0.0450169 0.076301 0.0672955 0.0529202 0.0289854 0.0555858 0.040696 0.0463601 0.0335126 0.0516873 
0.0362943 0.0358967 0.0890926 0.0307931 0.0711636 0.0343848 0.0614169 0.049586 0.0510805 0.0505163 0.053342 0.0766014 0.0748363 0.0523144 0.024506 0.0510907 0.0359198 0.0464915 0.0298079 0.0448657 
0.0342966 0.0334679 0.0901692 0.0277946 0.081967 0.0318126 0.0705798 0.0494208 0.0480076 0.0499466 0.0618059 0.0748679 0.0813107 0.0508687 0.0214777 0.0466251 0.033041 0.0465702 0.0274862 0.0384843 
0.0329447 0.0315411 0.0890401 0.0258774 0.0908865 0.0300972 0.078987 0.0491909 0.0452165 0.0492274 0.0696859 0.0721138 0.086439 0.049007 0.0194601 0.0427029 0.0314346 0.0466645 0.0261862 0.0332978 
0.0522088 0.0542522 0.0340379 0.110035 0.0129007 0.072772 0.027183 0.0417699 0.0403133 0.0378094 0.0269457 0.0346339 0.0341384 0.0382913 0.0682037 0.0511793 0.101871 0.0423406 0.0845346 0.03458 
0.0521155 0.0528955 0.0380488 0.103388 0.014299 0.0686176 0.0279906 0.0431261 0.0445813 0.0395876 0.0272901 0.0395679 0.0361909 0.0398945 0.0623736 0.0531973 0.0944028 0.0435981 0.0803943 0.0384402 
0.051275 0.0511143 0.0441292 0.093686 0.0167223 0.0634559 0.0295201 0.0447217 0.0493249 0.0418661 0.0280799 0.0464464 0.0392924 0.042218 0.05572 0.0554788 0.0849185 0.0451311 0.0741935 0.0427059 
0.049393 0.0487929 0.0525494 0.0813243 0.0206587 0.0573952 0.0323694 0.0464275 0.0537517 0.0444588 0.0299103 0.0550025 0.0438638 0.0451394 0.0484075 0.0574647 0.0739185 0.0467495 0.0660305 0.0463927 
0.0464437 0.0459487 0.0627467 0.0676439 0.0264573 0.0508692 0.037193 0.0480204 0.0567807 0.0469607 0.0335477 0.0641257 0.0501112 0.0482048 0.040959 0.0584001 0.06253 0.0481504 0.0566498 0.048257 
0.0428138 0.0427774 0.0731338 0.0546051 0.0340144 0.0445817 0.0443486 0.0492673 0.0575555 0.0488841 0.039575 0.0720655 0.0577678 0.050714 0.0341173 0.0576853 0.0522158 0.0490546 0.0473622 0.0474609 
0.0391539 0.0395849 0.0817094 0.0438754 0.0426556 0.0392034 0.0535824 0.0500492 0.0559998 0.0499212 0.047968 0.0772833 0.0660852 0.0520559 0.0284857 0.0552572 0.0441048 0.0493772 0.0394706 0.0441769 
0.0360272 0.0366482 0.0870944 0.0360922 0.0514047 0.0350702 0.0640754 0.0504128 0.0528404 0.0500991 0.0580041 0.0792614 0.0741497 0.052029 0.0242582 0.0516304 0.0385175 0.0492622 0.0336572 0.0394658 
0.0336801 0.0341277 0.0890749 0.0309299 0.0594073 0.0321459 0.0748018 0.0504988 0.0490971 0.0496873 0.0685784 0.0785439 0.0812422 0.0508714 0.0212695 0.0475724 0.0350785 0.0489529 0.0298761 0.0345642 
0.0320714 0.0320732 0.0883709 0.027664 0.0661811 0.0301891 0.084868 0.0504398 0.0455765 0.0490028 0.0786206 0.0761821 0.0869765 0.0490522 0.0192185 0.0437399 0.0331472 0.0486425 0.0276764 0.0303077 
0.0514021 0.051209 0.0353118 0.126077 0.0126472 0.0675034 0.0296491 0.0430702 0.0447183 0.03871 0.0290568 0.0361314 0.0357431 0.0362768 0.0516316 0.0474465 0.0926177 0.0447191 0.0960908 0.0299886 
0.0507503 0.0499811 0.040077 0.116689 0.0141467 0.0632483 0.0309257 0.0443942 0.0494985 0.0406096 0.0297663 0.0419431 0.0382565 0.038387 0.0474102 0.0496207 0.0849154 0.0464836 0.0900163 0.0328803 
0.049238 0.0483039 0.0470704 0.103596 0.016614 0.0581006 0.0333619 0.0459123 0.0543238 0.0429319 0.0313754 0.0497679 0.0421002 0.0412461 0.0426733 0.0519562 0.0756767 0.0485136 0.0813825 0.0358555 
0.0466819 0.0460678 0.0562375 0.0876385 0.0203651 0.0522307 0.0377419 0.0474943 0.0581165 0.0454097 0.0347623 0.0590252 0.0476559 0.0445673 0.0375241 0.0538301 0.0655026 0.0504763 0.0705877 0.0380851 
0.0432492 0.0433218 0.0664825 0.0708147 0.0254644 0.0461473 0.0447312 0.0489337 0.0597208 0.0475887 0.0408268 0.0682065 0.05491 0.0477023 0.0323437 0.0544961 0.0555485 0.0519284 0.0588914 0.0386926 
0.0394878 0.0403045 0.0758281 0.0556003 0.0315319 0.0405561 0.0543843 0.0500399 0.0586058 0.0490338 0.0499113 0.0754027 0.0632543 0.0498761 0.0276543 0.0534983 0.0470977 0.0525579 0.0480624 0.0373129 
0.0360477 0.0373406 0.0824164 0.0437132 0.0378451 0.0360118 0.0659388 0.0507449 0.0552669 0.0495871 0.0614131 0.0793642 0.0716888 0.0506162 0.0238402 0.0509871 0.040909 0.0523876 0.0394942 0.0343871 
0.0333391 0.0346907 0.0854874 0.035475 0.0436951 0.0326871 0.0781513 0.0511133 0.0508614 0.0494141 0.0740083 0.0800955 0.0792916 0.0499811 0.0209886 0.0476035 0.0369531 0.051723 0.0336106 0.0308306 
0.0314334 0.0324835 0.0854856 0.030209 0.0486701 0.0304343 0.0898261 0.0512571 0.0465 0.0488314 0.086242 0.0785245 0.0855274 0.0484175 0.0189662 0.0440812 0.0346979 0.0509212 0.0300295 0.0274625 
0.030188 0.0307399 0.0835025 0.0269822 0.0527029 0.0289798 0.100116 0.0512621 0.0428447 0.0481244 0.0969839 0.0758034 0.0902452 0.0464689 0.0175732 0.0409433 0.0335265 0.0502167 0.028076 0.0247204 
0.0506293 0.0500505 0.0329974 0.146278 0.0114641 0.0656894 0.0309638 0.042919 0.0446238 0.0382066 0.0304903 0.0332283 0.0349595 0.0332629 0.0431706 0.0427847 0.0880889 0.0452694 0.110299 0.0246246 
0.0500827 0.0491937 0.0365088 0.138129 0.0124133 0.0622615 0.0320453 0.0439862 0.0492797 0.0397406 0.0311684 0.0377919 0.0369003 0.0349536 0.0404521 0.0445491 0.0819815 0.0471328 0.104996 0.0264334 
0.0488851 0.0479967 0.0419021 0.12573 0.0139853 0.0580871 0.0340937 0.0452655 0.0543295 0.0417141 0.0325647 0.0443511 0.0399589 0.0374039 0.0374624 0.0467179 0.0746744 0.0494507 0.0968565 0.0285711 
0.0467758 0.0462786 0.0494934 0.109208 0.0164335 0.0531241 0.0379251 0.0467192 0.0588322 0.0440002 0.0355567 0.0528525 0.0446228 0.0405259 0.0340835 0.0489082 0.066307 0.0519552 0.0858174 0.0305814 
0.0437135 0.0439521 0.0588062 0.0899703 0.0199033 0.0476035 0.0444542 0.0482192 0.0614875 0.0462588 0.0412733 0.062352 0.0511465 0.0438715 0.0303891 0.0504653 0.0575264 0.0541326 0.072681 0.0317937 
0.0400462 0.0411321 0.0682711 0.0706958 0.024235 0.0420877 0.0541395 0.0495681 0.0612716 0.0480267 0.0505047 0.0710206 0.059196 0.046675 0.0266843 0.0507181 0.0494147 0.0554188 0.0592516 0.0316428 
0.0364054 0.0381318 0.0758211 0.0541987 0.0289216 0.0372467 0.066453 0.0506002 0.0581963 0.048977 0.0629827 0.0770146 0.0678098 0.0482272 0.0233697 0.0494131 0.0429808 0.0555552 0.0476075 0.0300874 
0.0333519 0.035307 0.0800935 0.041986 0.0333515 0.0335023 0.080001 0.0512724 0.0533533 0.0491132 0.0773024 0.0795659 0.0758581 0.0483006 0.0207116 0.046902 0.0386146 0.0547576 0.0389964 0.027659 
0.0311159 0.0328947 0.0810607 0.0339149 0.0371206 0.0308886 0.0932203 0.0516468 0.0481592 0.0486998 0.0916095 0.0792006 0.0825722 0.0472024 0.0187484 0.0438761 0.0360412 0.0535144 0.0334484 0.0250656 
0.0296296 0.0309765 0.0796695 0.0289581 0.0401405 0.0291883 0.104961 0.0518087 0.0436237 0.0480516 0.10436 0.0770843 0.0877003 0.0454894 0.0173721 0.0409636 0.0346929 0.0522652 0.0302594 0.022806 
0.0494455 0.0487248 0.0337374 0.156138 0.0112403 0.0608947 0.032833 0.0435764 0.0486406 0.0392052 0.0322269 0.0344552 0.0355444 0.0322804 0.0353154 0.0406452 0.0776036 0.0471894 0.117797 0.0225073 
0.0484731 0.047867 0.0376737 0.145429 0.0122709 0.0575627 0.0345315 0.0446177 0.053664 0.0408313 0.0334455 0.0395974 0.0378766 0.0341772 0.0333595 0.0423902 0.0718911 0.0495914 0.110812 0.0239378 
0.0467719 0.0465711 0.0435328 0.129974 0.0139039 0.053535 0.037761 0.0458703 0.0586406 0.0428293 0.0359823 0.0467714 0.0415913 0.0367868 0.0311492 0.0444286 0.0653378 0.0524412 0.100609 0.0255117 
0.0441656 0.0446575 0.051348 0.11028 0.0163054 0.0488039 0.0435593 0.047297 0.0623367 0.0449984 0.0410395 0.0556559 0.0471376 0.0399052 0.0285852 0.0463283 0.0581315 0.055293 0.0873654 0.0268073 
0.0407743 0.0420967 0.0601922 0.0884324 0.019467 0.0436731 0.0527861 0.0487592 0.0633873 0.0469461 0.0498064 0.0649307 0.0545269 0.0429557 0.025756 0.0474416 0.0509305 0.0574451 0.0723895 0.0273034 
0.0370921 0.0391117 0.0682138 0.0677224 0.0230802 0.0387469 0.065359 0.0500538 0.0611673 0.0482549 0.062554 0.072603 0.0630316 0.0451635 0.0229522 0.0472382 0.0446802 0.0582954 0.057984 0.0266961 
0.0337521 0.0361042 0.0736189 0.0510083 0.0266352 0.0346305 0.0799479 0.051029 0.0563726 0.0487471 0.0780708 0.0771466 0.0714233 0.0460121 0.0205082 0.0456965 0.0400803 0.0577626 0.0462961 0.0251582 
0.0311643 0.0334366 0.0757589 0.0393037 0.0297081 0.0316032 0.0946283 0.0516581 0.0505576 0.0485704 0.0941927 0.0783825 0.0786426 0.0455478 0.0186077 0.0433145 0.0372082 0.0563131 0.0381927 0.0232093 
0.0293887 0.0312889 0.0752347 0.0319273 0.0321478 0.0295839 0.107823 0.0520021 0.0451394 0.048033 0.108884 0.0772421 0.084227 0.0442394 0.0172456 0.0407436 0.0356584 0.0545815 0.0332584 0.0213511 
0.0282659 0.0296748 0.0732126 0.0275746 0.0340481 0.028318 0.118694 0.0521349 0.0408546 0.0474068 0.12088 0.074946 0.0882399 0.0426353 0.0163171 0.0384574 0.0349137 0.0530207 0.0305497 0.0198559 
