20 hexa 10 10 gaussian
#SNAPSHOT FILE
#iterations: 29000 (40000 total)
0.0466473 0.0828306 0.0275461 0.0272326 0.0132269 0.0764788 0.0152338 0.0316693 0.0308669 0.037327 0.0160575 0.03374 0.0196182 0.0537834 0.210638 0.0763317 0.0721506 0.0321099 0.0265326 0.0699804 
0.0481453 0.0794922 0.028594 0.0255008 0.0146871 0.0736387 0.0158178 0.033651 0.0340688 0.0394433 0.0164996 0.0354289 0.0198445 0.0517214 0.187666 0.0765794 0.0675156 0.0326103 0.0269602 0.0921371 
0.0497098 0.0740626 0.0308169 0.0232218 0.0183618 0.0694609 0.0169983 0.0365136 0.0388528 0.042589 0.0171566 0.0380783 0.0205231 0.0488588 0.155438 0.0757115 0.0611079 0.0332872 0.0277657 0.121488 
0.0506213 0.066904 0.0346783 0.0207704 0.0267333 0.0640652 0.0191226 0.0399105 0.0447113 0.046396 0.0180921 0.0415482 0.0221324 0.0458564 0.118933 0.0730553 0.0534871 0.0340222 0.028778 0.150183 
0.0502836 0.0589824 0.0402234 0.0188774 0.0435763 0.0579027 0.0225908 0.0431107 0.0502884 0.0500321 0.0194712 0.0451577 0.0252922 0.0436597 0.0855074 0.0684038 0.0458257 0.0346879 0.0296477 0.166479 
0.0486089 0.0511352 0.0469022 0.0181203 0.0728739 0.0513876 0.0277387 0.0453227 0.0540207 0.0526572 0.0215407 0.0478956 0.0305046 0.0427591 0.0598308 0.0619956 0.0390101 0.0352846 0.030009 0.162403 
0.045981 0.0438349 0.0535543 0.0185508 0.115298 0.04493 0.0344436 0.0460367 0.0549057 0.0538329 0.0243994 0.0488572 0.0376595 0.0428626 0.0423839 0.0543993 0.0333913 0.0359223 0.0296787 0.139079 
0.0430607 0.0375882 0.0587802 0.0196998 0.164171 0.0392373 0.0416933 0.0453076 0.0530898 0.0536719 0.027697 0.047833 0.0456263 0.0432608 0.0316207 0.0466898 0.029194 0.036654 0.0287765 0.10635 
0.0404994 0.0329064 0.0619072 0.0209183 0.207998 0.0350087 0.0480443 0.0437965 0.0498708 0.0527376 0.0307741 0.0456272 0.0528035 0.043439 0.0256082 0.0401663 0.0265361 0.0373952 0.0276607 0.0763042 
0.0386197 0.0298679 0.0634214 0.0218108 0.238979 0.0323509 0.0527263 0.0422977 0.046721 0.051647 0.0332249 0.0434468 0.0582934 0.0433351 0.0225216 0.0355328 0.025181 0.0380322 0.0266698 0.0553223 
0.0484252 0.0776685 0.0289089 0.0302069 0.0138702 0.0781453 0.0163675 0.0339427 0.0315826 0.0377562 0.0173305 0.0345645 0.021999 0.0520426 0.184752 0.0749191 0.0820676 0.0331734 0.0290304 0.0732479 
0.0505226 0.0737139 0.0309974 0.0279454 0.0159964 0.0739529 0.0171089 0.0363321 0.0355401 0.0406075 0.0178068 0.0375588 0.0225536 0.0502907 0.159059 0.0758048 0.0745584 0.0335908 0.0292986 0.096763 
0.0520861 0.0679202 0.0349949 0.0251365 0.0211123 0.0681532 0.0185479 0.0394336 0.0409389 0.0444899 0.0184478 0.0420212 0.0238502 0.0482289 0.126709 0.0753958 0.0647305 0.0341238 0.029744 0.123937 
0.0521604 0.0609056 0.0412837 0.0224112 0.0320318 0.061286 0.0210878 0.0426928 0.0467816 0.0486851 0.0193697 0.0474216 0.0265554 0.0465639 0.0938114 0.0728668 0.0541776 0.0346968 0.0301345 0.145076 
0.0504451 0.0535847 0.0494 0.0205821 0.0523082 0.0541165 0.0251463 0.0453149 0.0514876 0.0521339 0.020821 0.0524536 0.0313232 0.0458489 0.066483 0.0679892 0.0447142 0.0352844 0.0301793 0.150384 
0.0474533 0.0465694 0.0579442 0.0200213 0.0844031 0.0472074 0.0309207 0.0466574 0.0537651 0.0540511 0.023051 0.055581 0.0383688 0.0459505 0.0470405 0.061152 0.0372176 0.0359736 0.0296904 0.136982 
0.0440707 0.0402509 0.0649745 0.0204745 0.126191 0.041059 0.0379523 0.0465339 0.0532635 0.0542885 0.02602 0.055832 0.0469794 0.0461894 0.0345855 0.0532885 0.0317766 0.0368515 0.0287137 0.110705 
0.0410864 0.0350841 0.0691065 0.0213358 0.169527 0.0362304 0.0450294 0.0453476 0.0507819 0.0533348 0.0292636 0.053543 0.0555587 0.0459889 0.0272444 0.0457643 0.0282463 0.0378513 0.0275264 0.0821503 
0.0388865 0.0313772 0.0705201 0.0220918 0.205175 0.0329714 0.0509694 0.0438449 0.0477226 0.0519569 0.032236 0.0502013 0.0626278 0.0453162 0.0232289 0.0397409 0.0263022 0.0387866 0.02645 0.0595961 
0.037442 0.0290373 0.0704943 0.0225559 0.228763 0.0310308 0.0554085 0.0426168 0.0451468 0.050723 0.0347669 0.047295 0.0676826 0.0444896 0.0211215 0.0355908 0.0254379 0.0395258 0.0256566 0.0452169 
0.0488059 0.0735344 0.0294187 0.0377652 0.0135271 0.0831475 0.0176189 0.0349438 0.02958 0.0361242 0.0186247 0.0333435 0.0249884 0.0506596 0.170683 0.0710133 0.10075 0.034356 0.0336093 0.0575075 
0.0514121 0.0709328 0.0313559 0.0354988 0.0147618 0.0791096 0.0180546 0.0368536 0.0327171 0.0385183 0.0189561 0.0364285 0.0255798 0.0500828 0.152087 0.0732789 0.0927011 0.0345188 0.0332401 0.0739133 
0.0537708 0.0667918 0.0353322 0.0323845 0.0177952 0.0730337 0.0189385 0.0395062 0.0374056 0.0421599 0.0193594 0.0415403 0.0267172 0.0494079 0.126591 0.0751958 0.0808414 0.0347652 0.032848 0.0956166 
0.0545364 0.0612282 0.0422044 0.0287296 0.0245371 0.0653435 0.0206474 0.0425819 0.0430813 0.0466164 0.0198997 0.048595 0.0290778 0.0489993 0.0977131 0.0754616 0.0667941 0.0351151 0.0322743 0.116565 
0.0529258 0.0549119 0.0518592 0.0254667 0.0376053 0.0571133 0.0236512 0.0453829 0.0483153 0.0508016 0.0208148 0.0562584 0.0334364 0.049193 0.0711744 0.073026 0.0533965 0.035578 0.0314059 0.127684 
0.0494218 0.048573 0.0627676 0.0234105 0.0594438 0.0493756 0.0283256 0.0471915 0.0516215 0.0535893 0.0224366 0.0623701 0.0402411 0.0498508 0.0509338 0.0677707 0.042763 0.0362176 0.0302102 0.123486 
0.045282 0.0426505 0.0724232 0.0226553 0.0904425 0.0427072 0.0346468 0.0476649 0.0523305 0.0544824 0.0249568 0.0650743 0.0491851 0.0503163 0.0374043 0.0605002 0.0353437 0.0371307 0.0287727 0.106031 
0.041633 0.0374696 0.0785566 0.0227099 0.126872 0.0374231 0.0419116 0.0469875 0.0508346 0.0537753 0.0282041 0.0638821 0.0590066 0.0499457 0.0290574 0.0525853 0.0306474 0.0383056 0.0273079 0.0828848 
0.0389934 0.0333591 0.0805772 0.0229927 0.161719 0.0336636 0.0489641 0.0457376 0.0482485 0.0522581 0.0317075 0.0600264 0.0679698 0.0486787 0.0241727 0.0454455 0.0279922 0.03955 0.0260658 0.0618783 
0.0373114 0.0304612 0.0797655 0.0231788 0.188937 0.031272 0.0549409 0.0445141 0.045687 0.0506976 0.0350844 0.0555486 0.0748336 0.0470032 0.0214138 0.0399326 0.026702 0.0406246 0.0251864 0.0469063 
0.0520746 0.0661291 0.0316192 0.0476914 0.0140346 0.0839479 0.0198427 0.0379189 0.0307088 0.0365593 0.0206191 0.0346898 0.0291176 0.047784 0.134606 0.067885 0.112515 0.0361324 0.0411032 0.0550231 
0.0551353 0.0635236 0.0352923 0.0442597 0.0158246 0.0780092 0.0203474 0.0400756 0.0347119 0.0396828 0.0208498 0.0398698 0.0302245 0.0484393 0.116738 0.0714965 0.0998511 0.0361786 0.0397588 0.0697311 
0.056823 0.0596967 0.042188 0.0395245 0.0198502 0.0698504 0.0213849 0.042791 0.0400432 0.0439819 0.0210963 0.047887 0.0323171 0.0496283 0.0946319 0.0745571 0.0830547 0.0363175 0.0377992 0.0865766 
0.0557288 0.0548389 0.0528441 0.0342666 0.0278549 0.0605484 0.0234559 0.0455629 0.0455382 0.0485971 0.0215826 0.0578569 0.0362508 0.0513666 0.0719408 0.0752888 0.0653884 0.0366161 0.035264 0.0992099 
0.0519084 0.0495352 0.0659683 0.0298308 0.0416055 0.0516454 0.0270877 0.047665 0.049555 0.0522127 0.0227257 0.0672624 0.042667 0.0532619 0.05288 0.0725874 0.0505135 0.0371245 0.0324768 0.101487 
0.0468682 0.0443299 0.0786293 0.0269915 0.0620162 0.0441773 0.0325598 0.048624 0.0511116 0.0539327 0.0249082 0.0733085 0.0515741 0.054547 0.0393034 0.0667894 0.0401023 0.0379189 0.0298156 0.0924921 
0.0422592 0.0395421 0.087691 0.0255522 0.0880678 0.0384235 0.0396503 0.0484787 0.0503659 0.0537589 0.0282306 0.0745298 0.0621658 0.0545043 0.0305414 0.0592746 0.0337184 0.0390446 0.0275508 0.0766509 
0.0389248 0.0354217 0.0915036 0.0248726 0.11624 0.0342814 0.0475558 0.0476587 0.0482419 0.0523747 0.032422 0.0714703 0.0729 0.0529832 0.0251068 0.0516506 0.0301844 0.0403974 0.0258403 0.0599702 
0.0368675 0.032189 0.0907335 0.0244448 0.141807 0.0315109 0.0552282 0.0466776 0.045794 0.0506353 0.0370166 0.0661813 0.0820473 0.0505297 0.0217834 0.0451155 0.0284345 0.0417277 0.0247248 0.0465524 
0.0356842 0.0299139 0.0875213 0.0240597 0.161278 0.0297934 0.0619417 0.0458707 0.0437295 0.0491472 0.0416878 0.0608739 0.0884284 0.0479592 0.0197797 0.0401714 0.027684 0.0428018 0.0241329 0.0375441 
0.0522541 0.0605365 0.0315146 0.0661863 0.0133807 0.086803 0.022284 0.0391605 0.029759 0.0350609 0.0227385 0.0325468 0.0322895 0.0437277 0.110471 0.0604031 0.127777 0.0381373 0.0541107 0.0408616 
0.0555938 0.0590064 0.0345995 0.0625384 0.0144742 0.0815567 0.0226046 0.0408504 0.0332899 0.0375075 0.022884 0.0371657 0.0334302 0.0451517 0.0990203 0.0645223 0.116224 0.0382181 0.0520187 0.0493438 
0.0581002 0.0567378 0.0407433 0.0567328 0.016865 0.0737422 0.0231976 0.0431042 0.0383854 0.0412491 0.0229519 0.0450365 0.0352887 0.047578 0.0843254 0.06937 0.0990152 0.0383789 0.0486166 0.0605814 
0.0579479 0.0534985 0.0512047 0.0489994 0.0216425 0.0640665 0.0245276 0.0456658 0.0441768 0.0458152 0.0231271 0.0561497 0.0387289 0.0509142 0.0677034 0.0731111 0.0788048 0.0387078 0.0438521 0.0713569 
0.0544231 0.0494777 0.0654781 0.0409998 0.0299556 0.0541886 0.0272625 0.0479158 0.0489001 0.049995 0.0239155 0.068315 0.0445568 0.0544831 0.0520333 0.0736834 0.0600174 0.0392003 0.0384188 0.0767804 
0.0487924 0.0451552 0.0806645 0.0346131 0.0424721 0.0457339 0.0319754 0.0492652 0.051101 0.052563 0.0259371 0.0779863 0.0530318 0.0571887 0.0397482 0.0703529 0.0460389 0.0398425 0.0333525 0.0741861 
0.0431573 0.0409396 0.0928957 0.0304691 0.0589978 0.0393386 0.0388462 0.0495925 0.0506621 0.0531266 0.0295842 0.0825483 0.0637126 0.0580961 0.0312846 0.0641313 0.0373733 0.0406918 0.0293336 0.0652196 
0.0388821 0.0370813 0.09943 0.0280256 0.0781858 0.0348115 0.0474894 0.0492264 0.0485184 0.0521592 0.03483 0.0816289 0.0754775 0.0569157 0.0257348 0.0567881 0.0326797 0.0417863 0.0265243 0.0538257 
0.0362069 0.0337896 0.0999141 0.026496 0.097575 0.0317325 0.0569569 0.048619 0.0458234 0.0504894 0.0412229 0.0768407 0.0866171 0.054133 0.022093 0.0498385 0.0304178 0.0430167 0.0248003 0.0434176 
0.0347183 0.0312329 0.0961934 0.0253927 0.114507 0.0297336 0.0660884 0.04807 0.0434049 0.0488352 0.048099 0.0706325 0.0953369 0.0507216 0.0197135 0.044129 0.0294691 0.0441579 0.0239316 0.0356336 
0.0549302 0.0546442 0.033284 0.087465 0.0132881 0.0820787 0.0252809 0.0415153 0.0331408 0.0360711 0.0253073 0.0339924 0.035398 0.0404489 0.0784036 0.0559202 0.123459 0.040318 0.0697614 0.0352943 
0.0577454 0.0534101 0.0380789 0.0810787 0.014753 0.0754511 0.0256681 0.0432706 0.0382269 0.0390301 0.0253378 0.040661 0.0369996 0.0432224 0.0696526 0.0609489 0.108542 0.0408115 0.0654721 0.0416395 
0.0585785 0.0515165 0.0469834 0.0711092 0.0176248 0.0665908 0.0265124 0.045457 0.0445744 0.0430694 0.0253451 0.0512302 0.0398536 0.0473959 0.0592733 0.0663474 0.0891943 0.0415703 0.0586781 0.0490964 
0.0560435 0.048762 0.0606023 0.0588536 0.022638 0.0566945 0.0285318 0.0476855 0.050395 0.0473606 0.0258622 0.0646336 0.0448722 0.052359 0.0483302 0.0699107 0.0690642 0.0424821 0.0500351 0.0548844 
0.0506025 0.0453484 0.0768871 0.0472361 0.030219 0.0475781 0.0325986 0.0493554 0.0535602 0.0506098 0.0277843 0.0773827 0.0525624 0.0567467 0.0386005 0.0697552 0.0524429 0.0432913 0.0413032 0.0561359 
0.0443251 0.0416926 0.0916818 0.0385138 0.0402442 0.0404583 0.0393202 0.0501366 0.0533093 0.0519942 0.0319161 0.0856845 0.0627294 0.059169 0.0311687 0.065809 0.0414058 0.0438982 0.0341412 0.0524029 
0.0391025 0.0381361 0.101164 0.0329048 0.0520786 0.0354316 0.0487225 0.050198 0.0505756 0.0516442 0.0385602 0.0878742 0.0745584 0.0589887 0.0259157 0.059581 0.0352851 0.0444429 0.0291593 0.0456767 
0.0356182 0.0349184 0.103778 0.029438 0.0645943 0.0320267 0.0600662 0.0499537 0.0469008 0.0502764 0.0473425 0.0848037 0.0866241 0.0565147 0.022232 0.0528633 0.0323741 0.0450782 0.0261419 0.0384554 
0.0336164 0.0322427 0.100644 0.0271662 0.0763809 0.0297766 0.0719204 0.049714 0.0434875 0.0486482 0.057257 0.0788122 0.0970407 0.0527521 0.0196509 0.0468918 0.0312199 0.0457879 0.0245978 0.032393 
0.0325374 0.0302331 0.094521 0.0255714 0.0863515 0.0283597 0.0827135 0.0495562 0.0409159 0.0472722 0.067047 0.0723688 0.104138 0.0488837 0.0179186 0.0421932 0.0308726 0.0464347 0.0240393 0.0280746 
0.0534414 0.0515089 0.0316751 0.116391 0.012113 0.0791669 0.0278531 0.0419526 0.0337912 0.0355337 0.0278151 0.031038 0.0358043 0.0357663 0.0600262 0.0478515 0.119019 0.0418607 0.0907701 0.0266241 
0.0559252 0.0507727 0.0349895 0.110398 0.0130498 0.0740762 0.0281964 0.0432414 0.0389368 0.0377216 0.0279443 0.0359784 0.0370898 0.0380586 0.0549493 0.051774 0.1077 0.0428139 0.0866176 0.0297661 
0.0572998 0.049712 0.0415313 0.0994783 0.0148429 0.0669723 0.0287969 0.0449336 0.0459828 0.0409675 0.0279452 0.0445872 0.0392745 0.0419377 0.049208 0.0569868 0.0921211 0.0442864 0.0789486 0.0341873 
0.0560119 0.0479343 0.0527149 0.083856 0.0179555 0.0583326 0.0303039 0.046907 0.0533926 0.044895 0.0282762 0.0571355 0.043269 0.0472246 0.042721 0.0620222 0.0742651 0.0461452 0.0678388 0.0387991 
0.0516059 0.0453211 0.0679984 0.0664499 0.0226997 0.0494954 0.0337838 0.0487354 0.0584109 0.0484788 0.0300161 0.0713623 0.0498348 0.05279 0.036119 0.064709 0.0576402 0.0478251 0.055105 0.0416192 
0.0454579 0.0421323 0.0839328 0.0512951 0.0289764 0.0419553 0.0403161 0.0499577 0.0590462 0.0506285 0.0344975 0.0830674 0.0590594 0.0569025 0.0303013 0.063699 0.0452774 0.048752 0.0435187 0.0412273 
0.0396311 0.0387754 0.0959426 0.0405089 0.0363035 0.0363727 0.0504119 0.0504817 0.0556889 0.0510089 0.0425542 0.0889821 0.0702756 0.0582925 0.0256946 0.0594826 0.0378443 0.0488762 0.0349064 0.0379661 
0.0353432 0.0355899 0.101087 0.0336805 0.043985 0.0325454 0.0635861 0.0505894 0.0503695 0.0500956 0.0539937 0.0886208 0.0822134 0.0568094 0.0221946 0.0537026 0.0341608 0.0485958 0.0294845 0.0333531 
0.0326932 0.0328348 0.0994225 0.0294534 0.05126 0.030012 0.0782176 0.0506096 0.0451002 0.048642 0.0674687 0.0838433 0.0931299 0.0533214 0.0195855 0.0479509 0.0327014 0.048309 0.0265761 0.028869 
0.0312185 0.0306844 0.0934767 0.0267502 0.0576024 0.0283987 0.0920724 0.0506753 0.0410028 0.0472435 0.0809192 0.0773798 0.101328 0.0491742 0.0177372 0.0431634 0.0323213 0.0481718 0.0253322 0.0253501 
0.0534341 0.0492649 0.0322829 0.139926 0.0116234 0.0702484 0.0303033 0.0431541 0.0396181 0.0372807 0.0303457 0.0320598 0.0360128 0.0336286 0.0433896 0.0441306 0.0980991 0.0438785 0.108197 0.0231246 
0.0547494 0.0485952 0.0365368 0.129769 0.0127916 0.0650623 0.0307973 0.0443516 0.047065 0.0397406 0.0304726 0.0382149 0.0375281 0.0364754 0.0402817 0.0479573 0.086962 0.0459574 0.101138 0.0255544 
0.0543794 0.0474263 0.044466 0.113176 0.0148132 0.0584349 0.0319564 0.0458685 0.0560392 0.0430217 0.0307321 0.0482802 0.0403887 0.0409061 0.0368484 0.0526344 0.0735691 0.0488833 0.0894599 0.0287159 
0.051378 0.0454402 0.0568275 0.0917687 0.0179328 0.0509264 0.0348582 0.0475579 0.0637322 0.0465326 0.032175 0.0617173 0.0455038 0.0464475 0.0329669 0.0566704 0.0597548 0.0520297 0.0741486 0.031632 
0.0461431 0.0426443 0.0718466 0.0699972 0.0221411 0.0436887 0.040972 0.0490553 0.0667399 0.0492408 0.0365765 0.075355 0.0533631 0.0516471 0.0289367 0.0582521 0.0480575 0.0542433 0.0581639 0.0329364 
0.0403159 0.039385 0.0852574 0.0522922 0.0270764 0.0377502 0.051418 0.050057 0.0638596 0.0503899 0.0455445 0.0849479 0.0635596 0.0547499 0.0252112 0.0566005 0.040096 0.0547573 0.044774 0.0319578 
0.0354552 0.036112 0.0929121 0.0401924 0.0321581 0.0334312 0.066104 0.0505804 0.0569721 0.0500425 0.0593497 0.0881231 0.0748392 0.054833 0.022054 0.0525001 0.0357473 0.053803 0.0355479 0.0292428 
0.0321505 0.0332031 0.0934094 0.0327152 0.0368077 0.0305169 0.0832894 0.0508643 0.049181 0.0488485 0.0763882 0.0855458 0.0854644 0.052287 0.0195378 0.0475102 0.0338909 0.0522246 0.0302096 0.0259559 
0.0301961 0.0309022 0.0885727 0.0282415 0.0406939 0.028662 0.100105 0.051097 0.0427416 0.0474935 0.0937254 0.0798502 0.0938201 0.0484245 0.0176752 0.0429524 0.0333728 0.0507669 0.0276397 0.0230681 
0.0291281 0.0292741 0.0817556 0.0255632 0.0439257 0.027558 0.113953 0.0512988 0.03841 0.0463837 0.108513 0.0737776 0.099104 0.0446475 0.0164279 0.0394498 0.0333838 0.0497519 0.0266885 0.0210072 
0.0511093 0.0486921 0.0303368 0.164921 0.0105048 0.0656138 0.0318189 0.0431128 0.0397914 0.037364 0.0321928 0.0293361 0.0345553 0.0306145 0.0358031 0.038924 0.0851499 0.0440857 0.126418 0.0196573 
0.0519829 0.0481677 0.0329273 0.156761 0.0112794 0.0618985 0.0322472 0.0439462 0.0469811 0.0392003 0.0325108 0.0333819 0.0355251 0.0323625 0.0339229 0.0411906 0.0773358 0.0463807 0.120996 0.0210034 
0.0519763 0.0473354 0.0379726 0.141624 0.012646 0.057195 0.0331458 0.0449836 0.0567027 0.0418003 0.032812 0.0405487 0.0373726 0.0354206 0.0321064 0.0445195 0.0682214 0.0499308 0.110596 0.0230911 
0.0501461 0.0458276 0.0466946 0.119556 0.0147907 0.0514918 0.0354593 0.0462802 0.0668592 0.044943 0.0339362 0.0514636 0.0409394 0.0398605 0.0299969 0.0482785 0.0583361 0.0544117 0.0951889 0.0255401 
0.0461912 0.0434305 0.0589676 0.0936285 0.0177832 0.0452929 0.0408101 0.047725 0.0734373 0.0478982 0.0377641 0.0647819 0.0470446 0.0449716 0.027455 0.0511382 0.0489856 0.0585218 0.0767336 0.0274394 
0.0409659 0.0402875 0.0720277 0.0691508 0.0214328 0.0394774 0.0509334 0.0490406 0.0730862 0.0497474 0.0466734 0.0768288 0.0557989 0.0491892 0.0246493 0.0517352 0.0416704 0.0606052 0.0588901 0.02781 
0.0359229 0.0368591 0.0815209 0.0502745 0.0252778 0.0347606 0.0664001 0.0500066 0.0660781 0.0500752 0.0618449 0.0837732 0.0661718 0.0509749 0.0219167 0.0497308 0.0370891 0.0599938 0.044899 0.0264296 
0.0320752 0.0336798 0.084549 0.0378821 0.0287687 0.0313704 0.0855964 0.0506307 0.055972 0.0492403 0.0818194 0.0843517 0.0763225 0.0499084 0.0195509 0.0460443 0.0348687 0.057484 0.0358805 0.0240054 
0.029613 0.0311346 0.0816447 0.030559 0.0315493 0.0291663 0.10509 0.0510516 0.04663 0.0479612 0.102852 0.0803315 0.0845124 0.046901 0.0177209 0.0420676 0.0341255 0.0545039 0.0310521 0.0215348 
0.0282196 0.0293459 0.0758235 0.0264507 0.033654 0.0278568 0.121475 0.0513624 0.0399833 0.0467896 0.121 0.0747104 0.0899815 0.0434183 0.0164592 0.0387796 0.0340582 0.0520763 0.028911 0.0196459 
0.0497684 0.0481606 0.0307013 0.177277 0.0102271 0.0587875 0.0331923 0.0437251 0.0458728 0.0390193 0.0338679 0.030283 0.0338885 0.0298328 0.0300624 0.0369719 0.0677612 0.0459899 0.135921 0.0186929 
0.0497304 0.0475099 0.0337853 0.164949 0.0111705 0.0554529 0.033885 0.0444292 0.0551853 0.0410401 0.0342874 0.0350706 0.0350236 0.0316906 0.0289595 0.0389436 0.0614878 0.0495338 0.127765 0.0201017 
0.048588 0.0463669 0.0394296 0.14505 0.0126927 0.051356 0.0356455 0.0453047 0.0664579 0.0436907 0.0351907 0.0430452 0.037313 0.034719 0.0277768 0.0416509 0.0548714 0.0545693 0.114245 0.0220379 
0.0457877 0.0444104 0.0483309 0.118727 0.014895 0.046499 0.039985 0.0464402 0.0762722 0.0465827 0.0382002 0.0542769 0.0416298 0.038822 0.0262171 0.0444704 0.0482449 0.0602005 0.0960243 0.0239843 
0.0414945 0.041539 0.0594499 0.0901276 0.0177371 0.0413085 0.0490025 0.0477646 0.0799908 0.048921 0.0460406 0.0667167 0.0485877 0.0431161 0.0241853 0.0462864 0.0423997 0.0644564 0.0758034 0.0250723 
0.0366838 0.0380506 0.0694786 0.0647372 0.0209329 0.0364885 0.0641129 0.0490348 0.0753139 0.0499744 0.0610008 0.0765443 0.0577419 0.0460954 0.0218812 0.046139 0.0381421 0.0655095 0.0574797 0.0246589 
0.0324983 0.0345552 0.074784 0.046137 0.0239924 0.0326342 0.0843196 0.050031 0.0645445 0.0496605 0.0825116 0.0807352 0.0673981 0.0466399 0.0196736 0.0440377 0.0357211 0.0632219 0.0439743 0.0229312 
0.0295412 0.0316413 0.0743123 0.0345609 0.0264743 0.0299638 0.105965 0.0507127 0.0526128 0.0485525 0.106534 0.0793288 0.0755567 0.0449142 0.0178714 0.0409652 0.0347277 0.0591826 0.0358357 0.0207485 
0.0277666 0.0295772 0.0701194 0.028144 0.0282545 0.0283361 0.124802 0.0511593 0.0432433 0.047334 0.127979 0.0748823 0.0811986 0.0421184 0.0165935 0.0380508 0.0345091 0.0552629 0.0317622 0.0189088 
0.0268267 0.0282822 0.0652137 0.0248071 0.0295618 0.0274386 0.138376 0.0514441 0.0373764 0.0463753 0.143635 0.0701392 0.0846419 0.0394876 0.0157842 0.0358825 0.0345698 0.0524326 0.030022 0.0177065 
