20 hexa 10 10 gaussian
#SNAPSHOT FILE
#iterations: 30000 (40000 total)
0.0461236 0.083611 0.0274155 0.0270504 0.0131045 0.0764636 0.0151079 0.0313373 0.0305466 0.0371045 0.0159315 0.0337336 0.0194762 0.0540301 0.214882 0.076161 0.0715267 0.0320139 0.0261726 0.0682093 
0.0476134 0.0802604 0.0283239 0.0253122 0.0143944 0.0737341 0.0156722 0.0333042 0.0336755 0.0392204 0.0163687 0.0353391 0.0196175 0.0518449 0.191389 0.0765118 0.0669298 0.0325636 0.0266252 0.0913007 
0.0492669 0.0746145 0.0303959 0.0229569 0.0177756 0.0696329 0.0168435 0.0362443 0.0384949 0.0424461 0.0170366 0.0379104 0.0201804 0.0487216 0.157525 0.0756998 0.0605061 0.0333186 0.0275155 0.122917 
0.0503204 0.0671503 0.0341272 0.0203959 0.0257144 0.0642807 0.0189594 0.0397932 0.0444908 0.0463937 0.0179874 0.0413264 0.0216583 0.0454283 0.119105 0.0729749 0.0528633 0.0341098 0.0286554 0.154266 
0.0501292 0.0590377 0.0395741 0.0184456 0.0421195 0.0581666 0.0224113 0.0431476 0.0502283 0.0501648 0.019372 0.0448956 0.0246979 0.0430753 0.0846283 0.0681932 0.04529 0.0347637 0.0296538 0.172007 
0.0485797 0.05113 0.04623 0.0177218 0.0715734 0.0516508 0.027592 0.0454463 0.0540918 0.0528828 0.0214522 0.0476022 0.0298666 0.0422004 0.0588512 0.0616699 0.0386193 0.0352878 0.030115 0.167437 
0.0460075 0.0437508 0.0529662 0.0182619 0.11559 0.0450546 0.0344739 0.0461149 0.0550053 0.0540899 0.024365 0.0485096 0.0371407 0.04243 0.0416218 0.0539324 0.0330575 0.0358351 0.0298373 0.141957 
0.0430513 0.0373629 0.0582896 0.0195479 0.16718 0.0391431 0.041996 0.0451974 0.0530489 0.0538849 0.0277474 0.0473682 0.0453424 0.0429396 0.0310405 0.0460465 0.0288243 0.0364894 0.0289321 0.106569 
0.0404224 0.032576 0.061436 0.0208653 0.213137 0.0347719 0.0485164 0.0434726 0.0496229 0.0528706 0.0308612 0.0450514 0.0526956 0.043165 0.0251716 0.0394269 0.0261429 0.0371687 0.0277801 0.0748477 
0.0385075 0.0295249 0.0629415 0.0218002 0.244617 0.0320976 0.0531776 0.0418707 0.0463561 0.0517148 0.0332671 0.0428637 0.0582462 0.0430824 0.0222118 0.0348408 0.0248235 0.0377666 0.0267477 0.0535447 
0.0478746 0.0783761 0.0286819 0.0298646 0.0137431 0.0784456 0.0162283 0.0336582 0.0311417 0.0374739 0.0172233 0.0344571 0.0218492 0.052213 0.18838 0.0747477 0.0820568 0.0331337 0.0285727 0.0718799 
0.0501278 0.0743402 0.0306039 0.0276059 0.015652 0.0743134 0.016954 0.036059 0.0350525 0.0403685 0.0177117 0.0373704 0.0222895 0.0503069 0.161705 0.0758355 0.0743976 0.0335911 0.0289011 0.0968156 
0.0519065 0.0683102 0.0344691 0.0247287 0.0204226 0.068481 0.0183756 0.0392619 0.0405207 0.0443978 0.0183726 0.041822 0.0234392 0.0480178 0.127641 0.0755714 0.0642794 0.0341615 0.0294614 0.126361 
0.0521342 0.0610631 0.0407039 0.0219339 0.0309054 0.06156 0.0208848 0.0426732 0.0464953 0.0487859 0.0192998 0.047281 0.0259968 0.0461797 0.0933351 0.0730301 0.0535348 0.0347312 0.0299929 0.14948 
0.0504843 0.0536365 0.048871 0.020115 0.0509386 0.0543615 0.0249188 0.0454234 0.0513273 0.0523917 0.020732 0.0523945 0.0306718 0.045443 0.0655471 0.0680252 0.0441151 0.0352624 0.0301663 0.155175 
0.0475014 0.0465655 0.0575855 0.0196483 0.0836949 0.0473694 0.0307612 0.0467991 0.0536909 0.0543874 0.0229455 0.0555627 0.0377745 0.0456355 0.0462372 0.0609985 0.0367422 0.0358724 0.0297655 0.140462 
0.044083 0.0401315 0.0647901 0.0202355 0.127499 0.0410418 0.0380059 0.0465632 0.0531706 0.0545991 0.025932 0.0557108 0.0466366 0.0459526 0.0339892 0.0528908 0.0313478 0.0366852 0.028822 0.111914 
0.0410479 0.0348245 0.0689227 0.0212118 0.1733 0.036038 0.0453195 0.0451692 0.0505637 0.0535417 0.029198 0.0531789 0.0555271 0.0457381 0.0267908 0.0451528 0.0278138 0.0376391 0.0276246 0.0813996 
0.0388217 0.031045 0.0701963 0.0220317 0.210378 0.0327068 0.0513501 0.0435023 0.0473886 0.0520568 0.0321413 0.0496359 0.0628047 0.0450074 0.0228874 0.0390597 0.0258936 0.0385378 0.0265206 0.0580352 
0.0373829 0.0287186 0.0700665 0.0225259 0.233942 0.0307882 0.0557186 0.0422342 0.0447865 0.0507506 0.0345951 0.0466961 0.0679575 0.0441678 0.0208734 0.034984 0.0250962 0.0392613 0.0256956 0.043762 
0.0482611 0.0739613 0.0292523 0.0371801 0.0135496 0.0837834 0.0175139 0.0348075 0.0290794 0.0357907 0.0185559 0.0332107 0.0249937 0.050736 0.173166 0.0706436 0.102028 0.034379 0.0330431 0.0560677 
0.0511282 0.0714036 0.0310204 0.0350134 0.014646 0.0798121 0.0179343 0.0366749 0.0320975 0.0381766 0.0188958 0.0362009 0.0254944 0.0501148 0.154234 0.0731888 0.0937328 0.0345365 0.0327043 0.0729921 
0.0538567 0.0671813 0.0348591 0.0319387 0.0174279 0.0736385 0.0187888 0.0393499 0.0367643 0.0419276 0.0193139 0.0413214 0.0264894 0.049365 0.127704 0.075511 0.0812542 0.0347643 0.0323894 0.0961563 
0.0548721 0.0614558 0.0417339 0.0282519 0.0238155 0.0657354 0.0204456 0.0425278 0.0425139 0.046601 0.019854 0.048555 0.0286875 0.0488966 0.0975886 0.0760728 0.0664984 0.0350752 0.0319287 0.118891 
0.0532655 0.0550191 0.0515846 0.0249823 0.0365219 0.0573282 0.0233803 0.045457 0.0478432 0.0510099 0.0207294 0.0564972 0.0329199 0.0491107 0.0703711 0.0736535 0.0527288 0.0354767 0.0311891 0.130931 
0.0496187 0.0486293 0.0628605 0.023004 0.0583424 0.0494835 0.0280168 0.0473434 0.0512325 0.0539369 0.0222734 0.0628468 0.0397164 0.0498626 0.0501158 0.0681759 0.0421028 0.0360483 0.0301071 0.126283 
0.0453321 0.0426401 0.0729041 0.0223759 0.0902153 0.0426982 0.0344128 0.0477861 0.0520009 0.0548464 0.0247133 0.0655858 0.048867 0.0503912 0.0368041 0.0605649 0.0348049 0.036915 0.0287401 0.107402 
0.0416008 0.0373395 0.0791619 0.0225456 0.128423 0.0372748 0.0418643 0.0469702 0.0505113 0.0540431 0.0279046 0.0641272 0.0590977 0.0499459 0.0286245 0.0523111 0.0301866 0.0380767 0.0273013 0.0826899 
0.03895 0.0331184 0.0809429 0.0228977 0.165024 0.0334205 0.0490846 0.0455625 0.0479013 0.0523893 0.0313551 0.0598524 0.0684985 0.048495 0.0238372 0.0449569 0.027583 0.039323 0.0260597 0.0607488 
0.0372973 0.0301797 0.079763 0.0231177 0.19304 0.0310125 0.0551004 0.0442565 0.0453414 0.0507221 0.0346601 0.0550787 0.0756671 0.0466673 0.0211474 0.0394016 0.0263585 0.0403997 0.0251697 0.0456215 
0.0518884 0.0662861 0.0313493 0.0470139 0.0140994 0.0850162 0.0197942 0.0378869 0.0299635 0.0361429 0.0205872 0.0344283 0.0292662 0.0476596 0.135413 0.0675207 0.115204 0.0362088 0.0405059 0.0537667 
0.055501 0.063743 0.0348626 0.0437642 0.0157307 0.0789872 0.0202696 0.0399988 0.0338605 0.0393057 0.0208225 0.0395797 0.0302569 0.0483718 0.117194 0.0716702 0.101746 0.0361862 0.0391945 0.0689563 
0.0576469 0.0599005 0.0417609 0.0391019 0.0195004 0.0705074 0.0212358 0.0427409 0.0391963 0.0437814 0.0210574 0.0478169 0.0321884 0.0496838 0.0944392 0.0753782 0.0837343 0.0362277 0.0372807 0.0868205 
0.0566106 0.0549837 0.0527254 0.0338358 0.0271827 0.0608266 0.0231966 0.0456036 0.0447564 0.0486454 0.0214871 0.0582567 0.035972 0.0515988 0.0712137 0.0764812 0.0650407 0.0364289 0.0348129 0.100342 
0.0524862 0.0496385 0.06645 0.0294379 0.0406482 0.0516784 0.0267096 0.0477889 0.0488326 0.052453 0.022513 0.0681635 0.0423172 0.0536782 0.0520628 0.0736809 0.0497574 0.0368628 0.0321224 0.102719 
0.0470754 0.0443994 0.0798089 0.0267106 0.0610931 0.0440965 0.0321168 0.0487604 0.0504514 0.0542374 0.0245352 0.0744821 0.0513332 0.0550676 0.0386909 0.0674635 0.0394002 0.0376193 0.0295576 0.0931001 
0.042241 0.03954 0.0893103 0.0253898 0.0878024 0.0382672 0.0392614 0.0485474 0.0497866 0.0540048 0.0277014 0.0755742 0.0623198 0.0549483 0.0301357 0.0594684 0.0331869 0.0387512 0.0273577 0.076406 
0.0388556 0.0353173 0.0930117 0.0247823 0.117114 0.0340594 0.0473195 0.047629 0.0477498 0.0524942 0.0317745 0.0720272 0.0736919 0.0531566 0.0248074 0.0514861 0.0297898 0.0401441 0.0256816 0.059108 
0.0368482 0.0320062 0.0916846 0.0243822 0.143682 0.0312563 0.0551338 0.046585 0.0453885 0.0506345 0.0362861 0.0661835 0.0834843 0.0503793 0.0215266 0.0447816 0.0281444 0.0415218 0.0245845 0.045508 
0.0357318 0.0297116 0.0878658 0.0240114 0.163524 0.0295517 0.0619007 0.045773 0.0434082 0.0490698 0.0409134 0.0605343 0.0902557 0.0476057 0.0195522 0.0398249 0.027485 0.0426346 0.0240041 0.036646 
0.052101 0.0604257 0.0312946 0.0654348 0.0135419 0.0880114 0.0223227 0.0392365 0.0289295 0.0346363 0.0227191 0.0322926 0.0326213 0.0433869 0.109943 0.0597689 0.131663 0.0382513 0.0536466 0.0397749 
0.0560972 0.0590278 0.0341911 0.0620674 0.0145631 0.0827647 0.0226319 0.040853 0.0322987 0.0370571 0.0228595 0.0368099 0.0336801 0.0448912 0.0984659 0.0643395 0.119436 0.0382527 0.0515578 0.0481559 
0.0592841 0.0568655 0.0402567 0.056468 0.0167962 0.0746697 0.0231553 0.0430689 0.0373549 0.0408872 0.0229058 0.0448056 0.0353913 0.0475434 0.0836664 0.0699698 0.100867 0.0382905 0.0481246 0.0596292 
0.0593977 0.0536661 0.0509834 0.0487457 0.0213438 0.0645187 0.0243482 0.0456673 0.0432195 0.0456539 0.0230117 0.0564188 0.0386662 0.0512203 0.0668948 0.0744533 0.0791401 0.0384966 0.0433017 0.0708527 
0.0555571 0.0496364 0.0659608 0.0406881 0.0293735 0.0542296 0.0269048 0.0479844 0.0480232 0.0500364 0.0236604 0.0692956 0.0443682 0.0551336 0.0512222 0.0752617 0.0593885 0.0389038 0.0378542 0.0765176 
0.0493418 0.0452898 0.0821021 0.034336 0.0416216 0.0455796 0.0314515 0.0493585 0.0502656 0.0527015 0.0254778 0.0795139 0.0528317 0.0580574 0.0391335 0.0715928 0.0451938 0.0395058 0.0328518 0.0737942 
0.0432514 0.04103 0.0951451 0.0303016 0.0580773 0.0391338 0.0382483 0.0496521 0.0498823 0.0532461 0.0289021 0.0841842 0.0637653 0.0589626 0.0308997 0.0647855 0.0367072 0.0403561 0.0289249 0.0645451 
0.0387913 0.0370944 0.101921 0.0279487 0.0775454 0.0345888 0.0469765 0.0492378 0.0478409 0.0521909 0.0339794 0.0828911 0.0761736 0.0575256 0.02548 0.0569394 0.0322503 0.0414896 0.026187 0.0529486 
0.0361301 0.0337158 0.101937 0.0264536 0.0974405 0.0314915 0.0566554 0.0486182 0.045277 0.0504236 0.0403008 0.0774557 0.0882222 0.0543226 0.0218706 0.0497026 0.0301763 0.042785 0.024511 0.0425112 
0.0347279 0.0311045 0.0973616 0.0253524 0.114782 0.0294906 0.0659994 0.0481 0.0429875 0.0487026 0.0471908 0.0706661 0.0977286 0.0505268 0.0194883 0.0439001 0.0293657 0.0439934 0.0236812 0.0348526 
0.0553754 0.054591 0.0328868 0.0873243 0.0134428 0.0831434 0.0254139 0.0415421 0.0321118 0.0356624 0.0252923 0.0336336 0.035724 0.0399944 0.0771661 0.0554041 0.126884 0.0403339 0.0697721 0.034304 
0.058966 0.0535147 0.0375032 0.0812233 0.0148364 0.0764 0.0257546 0.0432257 0.0371553 0.0386296 0.0252989 0.0402635 0.0371914 0.0429463 0.0685305 0.0610489 0.11089 0.0407312 0.0654034 0.040487 
0.0603068 0.051727 0.0464813 0.0712842 0.0175761 0.0671747 0.0264645 0.0453974 0.0436509 0.0427724 0.0252326 0.0511493 0.03987 0.0474815 0.0583014 0.0672865 0.0900742 0.0414006 0.0584058 0.0479631 
0.0576501 0.0489988 0.0606604 0.0588148 0.0223999 0.0568318 0.0282737 0.0476672 0.0496877 0.0472172 0.0255961 0.0652631 0.0447215 0.0528978 0.0475221 0.0714312 0.0687054 0.0422652 0.0495322 0.053864 
0.0515857 0.045558 0.0779414 0.0470192 0.0297294 0.0474273 0.0321105 0.0493681 0.0529583 0.0505645 0.0272919 0.0787699 0.0523015 0.0576523 0.0380104 0.0712331 0.051557 0.0430604 0.0406968 0.0551647 
0.0446569 0.0418519 0.0937957 0.038304 0.0394896 0.0402238 0.0386739 0.0501322 0.0526961 0.0519504 0.031179 0.0874614 0.0625341 0.0602137 0.0308083 0.0667657 0.0405932 0.0436617 0.0335774 0.0514315 
0.0390608 0.0382233 0.103903 0.0327886 0.0511618 0.0352006 0.0481088 0.050164 0.049942 0.0515448 0.0376638 0.0895049 0.0748071 0.0598869 0.0257015 0.0599448 0.0347566 0.0442073 0.0286861 0.0447433 
0.0354834 0.0349164 0.106356 0.0293832 0.0636741 0.0317998 0.0597293 0.0499337 0.0462981 0.0501149 0.0464653 0.0858588 0.0877487 0.0570167 0.0220554 0.0528255 0.0321168 0.044863 0.0257458 0.0376159 
0.0335372 0.0321653 0.102383 0.02712 0.0755338 0.0295494 0.0719855 0.0497638 0.0429624 0.0484503 0.0565573 0.079173 0.0991684 0.0527738 0.0194535 0.0466843 0.0311719 0.0456134 0.0242656 0.0316895 
0.032542 0.0301237 0.0952604 0.0255164 0.085559 0.028149 0.0830923 0.0496868 0.0404888 0.0470704 0.0665725 0.0722316 0.106905 0.0485548 0.0177053 0.0419746 0.030962 0.0463067 0.0237696 0.0275325 
0.0536998 0.0515066 0.0312915 0.117028 0.0122329 0.0797233 0.0280733 0.0419599 0.0328094 0.0352575 0.0278417 0.0307273 0.0360672 0.0352436 0.0586301 0.0471854 0.121339 0.0417898 0.0916233 0.0259731 
0.0568752 0.0509378 0.0343772 0.111329 0.0131562 0.0746772 0.028398 0.0431683 0.0379183 0.0374212 0.0279556 0.0355098 0.0372249 0.0375876 0.0536561 0.0514146 0.109377 0.0426898 0.0874248 0.0289029 
0.0588663 0.0500022 0.0407935 0.100437 0.0148959 0.0674492 0.0288881 0.0448067 0.0452177 0.0406868 0.027892 0.0441652 0.0392232 0.0416903 0.0481431 0.0572396 0.0928184 0.0441484 0.0794667 0.0331703 
0.0577242 0.0482667 0.0522159 0.0844459 0.0179145 0.0585255 0.0301863 0.0467823 0.053102 0.0446849 0.0280655 0.0571729 0.0430144 0.0473675 0.0419169 0.0629323 0.0739707 0.0460687 0.0678948 0.0377481 
0.0528806 0.045618 0.0682492 0.0665298 0.0225088 0.049414 0.0334069 0.0486389 0.0584972 0.0483334 0.0295598 0.0721599 0.0494011 0.0533645 0.0355629 0.0658927 0.0567641 0.0478468 0.0547556 0.0406155 
0.0460516 0.0423549 0.0852325 0.0510964 0.0285744 0.0417491 0.0397355 0.0498657 0.0591764 0.0504837 0.0337898 0.0844964 0.0585426 0.0577684 0.0299658 0.0646262 0.0443655 0.0488253 0.0430032 0.0402971 
0.0397052 0.0389078 0.0981046 0.0402983 0.0356784 0.0361544 0.0498432 0.0503749 0.0556133 0.0508163 0.0417397 0.0905666 0.0699439 0.0591871 0.0255096 0.0598905 0.0372 0.0489233 0.0344122 0.0371312 
0.0351886 0.0356199 0.103433 0.0335375 0.0431835 0.0323362 0.0633742 0.0504981 0.0500461 0.0498558 0.0533683 0.0898264 0.0824826 0.0574386 0.0220598 0.0536578 0.0338292 0.0485728 0.0290669 0.0326253 
0.032518 0.0327709 0.101145 0.0293418 0.050324 0.0298065 0.0786191 0.0505938 0.0446231 0.0483876 0.0673074 0.0843605 0.0942767 0.0534924 0.0194301 0.047664 0.0326324 0.048222 0.0262378 0.0282485 
0.0311069 0.0305681 0.0941808 0.0266366 0.0565474 0.0282079 0.0930305 0.0507662 0.0404955 0.047011 0.0812579 0.0772686 0.103221 0.0489127 0.0175515 0.0428279 0.0324404 0.0480542 0.0250722 0.0248449 
0.0539852 0.0495037 0.031705 0.141806 0.0116736 0.0703002 0.0305842 0.0430702 0.0386596 0.0371441 0.0304364 0.0316119 0.0360355 0.0331137 0.0422039 0.043546 0.0983602 0.0436574 0.110025 0.0225799 
0.0558457 0.0489612 0.0357397 0.131682 0.0128338 0.0651904 0.0309941 0.0441921 0.0463973 0.0395924 0.0305222 0.0376232 0.0373606 0.0360099 0.0392704 0.0476475 0.0867561 0.0457752 0.102729 0.0248785 
0.055778 0.0478403 0.0436193 0.114662 0.0148278 0.058527 0.0319645 0.0456654 0.0560895 0.0428797 0.0306399 0.0478089 0.0399852 0.0406363 0.0360834 0.0527679 0.0728907 0.0488719 0.090488 0.027974 
0.0526126 0.0458173 0.0563218 0.0924718 0.0178855 0.0508924 0.0346044 0.0473514 0.0646141 0.0464104 0.0318225 0.0617556 0.0448581 0.0465037 0.0324454 0.0571612 0.0587667 0.0522938 0.0744969 0.030915 
0.0468573 0.0429288 0.0720924 0.0700174 0.0219776 0.0435529 0.0404888 0.0488613 0.0680288 0.0491096 0.0359442 0.0760736 0.0525253 0.0520405 0.0286199 0.0587603 0.0470707 0.0547357 0.0580232 0.032292 
0.0404961 0.0395549 0.0863442 0.0520213 0.0267576 0.0375827 0.0509286 0.0498724 0.0649284 0.0502066 0.0448307 0.0861042 0.0626964 0.0553338 0.0250407 0.0568158 0.039359 0.055295 0.0444469 0.0313849 
0.0353125 0.0361585 0.0944196 0.0399004 0.0316907 0.0332571 0.0660327 0.0504197 0.0574501 0.0497997 0.05899 0.0892031 0.0742603 0.0553464 0.0219487 0.0523473 0.0353268 0.054203 0.0352142 0.0287195 
0.0319028 0.0331357 0.0945908 0.0324622 0.0362085 0.0303365 0.0840261 0.0507689 0.0490816 0.0485799 0.0768259 0.0860757 0.0854488 0.0524727 0.0194258 0.0471037 0.0337493 0.0524065 0.0299322 0.0254673 
0.0299697 0.0307643 0.0888994 0.0280112 0.0399572 0.0284916 0.101654 0.051103 0.0423086 0.0472485 0.0950403 0.0796985 0.094383 0.0481982 0.0175332 0.042465 0.0334425 0.0507637 0.0274407 0.0226291 
0.028964 0.029125 0.08127 0.0253524 0.0430642 0.0274207 0.115911 0.0514007 0.0378932 0.0461942 0.110353 0.0731767 0.100005 0.0441386 0.016276 0.0390161 0.0335798 0.0496498 0.0265658 0.0206463 
0.0513201 0.0489414 0.0298449 0.167442 0.0104888 0.0652242 0.0321318 0.0430529 0.0388718 0.0373609 0.0323437 0.0289512 0.034501 0.030179 0.0348645 0.0383422 0.0841637 0.0437714 0.128897 0.0193103 
0.0525716 0.048543 0.0322208 0.159369 0.0112688 0.0616517 0.0325004 0.0438091 0.0462682 0.0391965 0.0326504 0.0327937 0.0353 0.03187 0.0330826 0.0406401 0.0761481 0.0461015 0.123424 0.0205916 
0.0528619 0.0477698 0.0370926 0.143873 0.0126393 0.0570819 0.0332338 0.0447721 0.0567518 0.0417847 0.0328479 0.0398521 0.0369061 0.0349468 0.0314454 0.0441331 0.0669489 0.04985 0.112555 0.0226546 
0.0510541 0.0462422 0.0458316 0.120969 0.0147763 0.0514287 0.0352946 0.0460178 0.0681046 0.0449212 0.0337237 0.0509427 0.0401838 0.0395184 0.0295354 0.0481065 0.0570868 0.054723 0.0963903 0.0251494 
0.0468082 0.0437608 0.0584447 0.0940705 0.017725 0.0452188 0.0403922 0.0474471 0.0756783 0.0478653 0.0372261 0.06475 0.0460059 0.0448595 0.0271674 0.0510697 0.0478939 0.0592812 0.0771985 0.0271373 
0.0411656 0.0404967 0.072081 0.0689485 0.0212909 0.0393858 0.0504542 0.0487788 0.0754867 0.0496698 0.0459879 0.0773378 0.0545786 0.0493093 0.0244921 0.0515812 0.0408601 0.0616193 0.0589056 0.0275704 
0.0357958 0.0369306 0.0820295 0.0498443 0.0250503 0.0346488 0.0663128 0.0497857 0.0677838 0.0499249 0.061538 0.0845071 0.0649893 0.0511899 0.0218329 0.0493829 0.036594 0.0609311 0.0447424 0.0261861 
0.0317905 0.0336193 0.0849931 0.0374398 0.028481 0.0312307 0.0864156 0.0504756 0.0566522 0.0490288 0.0825302 0.0848013 0.0754075 0.0499861 0.0194793 0.045522 0.0346456 0.0580911 0.0356989 0.0237125 
0.0293068 0.0309862 0.0814943 0.0301633 0.0312042 0.0290174 0.106937 0.0509845 0.0465177 0.0477389 0.104806 0.0801677 0.0839279 0.0466781 0.0176287 0.0414725 0.0341075 0.0547366 0.0309173 0.0212088 
0.0279608 0.0291753 0.0749922 0.0261126 0.033233 0.0277333 0.123933 0.0513861 0.0395162 0.046609 0.123793 0.074011 0.0896283 0.042926 0.0163527 0.0382246 0.0341713 0.0520549 0.0288469 0.0193411 
0.0499932 0.0484632 0.0301504 0.180057 0.0101766 0.0583344 0.0334562 0.0436456 0.0450733 0.0390957 0.0340441 0.0297886 0.0336885 0.029433 0.029433 0.0364381 0.0660716 0.0456392 0.138597 0.0184227 
0.0501635 0.0478821 0.0330619 0.16752 0.0111295 0.0551741 0.0340138 0.0442715 0.0549673 0.0411175 0.0344067 0.0343953 0.0346174 0.0312273 0.0284444 0.0383988 0.0598438 0.049329 0.130196 0.0198416 
0.0490997 0.0467473 0.0385965 0.146927 0.0126662 0.051225 0.0355416 0.0450668 0.0674587 0.0437635 0.0351113 0.0423253 0.0366221 0.0342472 0.0274085 0.0411473 0.0534125 0.0547365 0.116046 0.0218526 
0.0461766 0.0447407 0.0475511 0.119593 0.0148684 0.0464461 0.039611 0.0461443 0.078693 0.0466546 0.0377835 0.0537778 0.0406111 0.0384265 0.0259851 0.0440046 0.0470572 0.0609182 0.0970364 0.0239223 
0.0416234 0.0417737 0.0589263 0.0901128 0.017678 0.0412812 0.0484796 0.0474576 0.0831893 0.0489737 0.045356 0.0666492 0.0472828 0.042871 0.0240586 0.0458049 0.0415331 0.0656537 0.0761883 0.0251074 
0.0365581 0.0381582 0.0692706 0.0642569 0.020832 0.03645 0.0638356 0.0487672 0.0781631 0.0499675 0.0605219 0.0768502 0.0563052 0.0459956 0.0218226 0.0455979 0.0375929 0.0668359 0.0575258 0.0246941 
0.0322138 0.034526 0.0746467 0.0455274 0.0238821 0.032555 0.0848659 0.0498348 0.0662253 0.0495693 0.0829985 0.0810469 0.0660251 0.0465604 0.0196395 0.043435 0.0354326 0.06426 0.0438851 0.0228721 
0.0292077 0.0315087 0.0738373 0.0339883 0.0263823 0.0298491 0.107633 0.0505991 0.0530764 0.0484007 0.10845 0.0792216 0.0743303 0.0446876 0.0178287 0.0403382 0.0346266 0.0597225 0.0357326 0.0205807 
0.0274612 0.0294083 0.0691372 0.0276691 0.0281673 0.0282254 0.127282 0.0511259 0.0429847 0.0471808 0.131046 0.0742383 0.0800739 0.0416894 0.016536 0.0374617 0.0345259 0.0553827 0.0317117 0.0186947 
0.0265825 0.0281337 0.063919 0.024437 0.0294431 0.0273637 0.141033 0.0514753 0.0368962 0.0462652 0.147113 0.0691792 0.083588 0.0389403 0.0157241 0.0353856 0.0346451 0.0523359 0.0300321 0.0175115 
