20 hexa 10 10 gaussian
#SNAPSHOT FILE
#iterations: 9000 (40000 total)
0.0501037 0.0657842 0.0374956 0.0382507 0.0268862 0.0676893 0.020011 0.0370445 0.0391057 0.0420378 0.0195375 0.0418345 0.0257074 0.05134 0.13189 0.0728062 0.0602183 0.0350628 0.036694 0.100501 
0.0499216 0.0634087 0.0408036 0.0375777 0.0336246 0.0650363 0.021729 0.0378837 0.0401074 0.0429052 0.0206844 0.0440084 0.0280483 0.0520341 0.122734 0.0723498 0.0580112 0.0354453 0.0364911 0.0971955 
0.0495263 0.0606201 0.0448448 0.0366678 0.0428145 0.0618093 0.0240539 0.0388378 0.0411718 0.0438454 0.022194 0.0464643 0.0310352 0.0527425 0.11213 0.0713685 0.0552633 0.0359183 0.0360748 0.0926174 
0.0488489 0.0573878 0.0495729 0.035523 0.0547852 0.0580268 0.0270856 0.0398741 0.0422161 0.0448129 0.0241231 0.049099 0.0347173 0.0533976 0.100205 0.0697094 0.0519869 0.0364892 0.0354146 0.0867253 
0.0478496 0.0537582 0.0547989 0.0341776 0.0695014 0.0538091 0.0308412 0.0409301 0.0431427 0.0457467 0.0264793 0.0517364 0.039043 0.0539091 0.0873687 0.067282 0.0482889 0.0371525 0.0345086 0.0796759 
0.0465434 0.0498781 0.0601863 0.0327032 0.0864003 0.0493874 0.035212 0.0419243 0.0438616 0.0465825 0.0291976 0.0541535 0.043829 0.0541827 0.0743244 0.0641122 0.0443775 0.0378848 0.0333981 0.0718616 
0.0450073 0.0459747 0.0653202 0.0311992 0.104409 0.0450612 0.0399612 0.042778 0.0443178 0.0472699 0.0321405 0.0561407 0.0487837 0.0541513 0.0619274 0.0603693 0.0405267 0.0386454 0.0321651 0.0638517 
0.0433617 0.042291 0.0698277 0.0297687 0.122198 0.0411188 0.0447799 0.0434403 0.0445083 0.0477905 0.0351316 0.0575717 0.0535847 0.0538002 0.0509475 0.0563317 0.0370045 0.0393872 0.0309112 0.0562447 
0.041732 0.0390132 0.0734841 0.0284927 0.138552 0.0377587 0.0493739 0.0439002 0.0444798 0.0481622 0.0380067 0.0584373 0.0579721 0.0531713 0.0418554 0.0523047 0.0340011 0.0400699 0.0297276 0.0495058 
0.0402152 0.0362329 0.0762472 0.0274149 0.152637 0.0350576 0.0535343 0.0441809 0.0443065 0.0484277 0.0406536 0.0588302 0.0618052 0.0523439 0.0347564 0.0485382 0.0315956 0.0406708 0.0286736 0.0438784 
0.0499886 0.0629202 0.0392444 0.0435496 0.0286174 0.0664401 0.0218917 0.0381806 0.0409254 0.0425602 0.0210484 0.0429905 0.0278976 0.0501755 0.11895 0.0697044 0.0619439 0.0364673 0.0407786 0.0957259 
0.0496431 0.0604356 0.0429696 0.0424341 0.035902 0.0634323 0.0240289 0.0391008 0.0420103 0.0435107 0.0225205 0.0454479 0.0306556 0.0509388 0.109601 0.0690732 0.0592468 0.0369685 0.0402739 0.091807 
0.0490391 0.0575553 0.0474228 0.0409568 0.0455934 0.0598586 0.0268649 0.0401257 0.043093 0.0445131 0.0244354 0.0481626 0.0341031 0.0516988 0.0989934 0.0678945 0.055979 0.0375572 0.0394555 0.086698 
0.0481242 0.0542853 0.0524898 0.0391519 0.0578401 0.0557896 0.0304698 0.0412064 0.0440674 0.0455085 0.0268381 0.0509891 0.0382427 0.0523784 0.087385 0.0660518 0.0522097 0.0382283 0.0383117 0.0804328 
0.0468898 0.0507159 0.0579038 0.0371063 0.0723762 0.0514046 0.0348018 0.0422676 0.0448277 0.0464273 0.0297043 0.0537149 0.0429551 0.0528816 0.0752991 0.063509 0.0481134 0.0389618 0.0368801 0.0732602 
0.0453877 0.0470237 0.0632756 0.0349551 0.0884463 0.0469752 0.03968 0.0432251 0.0452987 0.0472065 0.0329237 0.056106 0.0479938 0.0531192 0.0634677 0.0603495 0.043954 0.0397212 0.0352542 0.0656373 
0.0437238 0.0434313 0.0681933 0.0328536 0.104931 0.0428018 0.0448115 0.0440111 0.0454605 0.0478095 0.0363168 0.0579778 0.0530372 0.0530402 0.0526472 0.0567772 0.040024 0.0404614 0.0335646 0.0581262 
0.0420263 0.0401395 0.0723433 0.0309384 0.120646 0.0391301 0.0498697 0.0445936 0.0453532 0.048239 0.0396847 0.0592533 0.0577808 0.0526495 0.0434036 0.0530614 0.0365652 0.0411416 0.0319421 0.051239 
0.0404081 0.0372746 0.0755849 0.0292967 0.134647 0.0360946 0.0545811 0.0449795 0.0450582 0.0485319 0.0428635 0.0599737 0.062016 0.0520024 0.0359834 0.049459 0.0337139 0.0417362 0.030483 0.0453128 
0.0389442 0.0348772 0.0779447 0.02796 0.146387 0.0337139 0.0587773 0.0452041 0.0446674 0.0487404 0.0457555 0.060262 0.0656582 0.0511816 0.0303295 0.046157 0.031493 0.0422381 0.0292362 0.0404733 
0.0500472 0.0621612 0.0377568 0.0510558 0.024487 0.0676747 0.0222572 0.0385245 0.0418121 0.0421376 0.0215665 0.041812 0.0279161 0.0480422 0.113544 0.0665382 0.0662571 0.0376055 0.0460884 0.0927169 
0.0497311 0.0599472 0.041139 0.0497804 0.0301256 0.0648771 0.0242313 0.0394042 0.0429099 0.043083 0.0230112 0.0442328 0.0304559 0.0488315 0.105416 0.0661829 0.0636068 0.03815 0.0455187 0.0893655 
0.0491792 0.0573895 0.0452563 0.0479901 0.0377642 0.0615238 0.0268845 0.0404047 0.0440298 0.0441065 0.0249116 0.0469769 0.0336634 0.0496592 0.0961513 0.0654099 0.0603561 0.0387743 0.0445539 0.0850154 
0.0483322 0.0544687 0.0500622 0.0457093 0.0476532 0.0576424 0.0303311 0.0414915 0.0450593 0.0451534 0.0273484 0.0499346 0.0375853 0.0504649 0.0858845 0.0640966 0.0565392 0.0394718 0.0431688 0.0796028 
0.0471632 0.051229 0.0553684 0.04303 0.0597496 0.0533589 0.0345946 0.0426001 0.0458778 0.0461534 0.030343 0.0529181 0.0421648 0.051161 0.0749746 0.0621662 0.0522921 0.0402232 0.0413915 0.0732409 
0.0456994 0.0477958 0.0608398 0.0401166 0.0735933 0.0489029 0.0395612 0.0436469 0.046387 0.047033 0.0338252 0.0556883 0.0472126 0.0516493 0.0640003 0.0596303 0.0478549 0.0409941 0.0393192 0.0662504 
0.0440276 0.0443578 0.0660613 0.0371807 0.0883253 0.0445659 0.0449754 0.0445519 0.0465427 0.0477374 0.0376303 0.0580164 0.0524314 0.0518498 0.0536469 0.0566126 0.0435295 0.0417406 0.0371085 0.0591082 
0.0422719 0.0411142 0.0706546 0.0344307 0.102888 0.0406248 0.0504982 0.0452628 0.0463705 0.0482492 0.0415364 0.0597569 0.057492 0.0517296 0.0445163 0.053325 0.0396014 0.0424209 0.0349354 0.0523219 
0.0405571 0.0382161 0.0743817 0.0320212 0.116309 0.0372688 0.055799 0.0457672 0.0459529 0.048592 0.0453269 0.0608855 0.0621256 0.0513118 0.0369672 0.0500073 0.0362663 0.0430069 0.0329468 0.046291 
0.0389772 0.0357378 0.077181 0.0300283 0.12792 0.0345696 0.0606337 0.0460875 0.0453978 0.0488172 0.0488431 0.0614857 0.0661792 0.050662 0.0310681 0.0468629 0.0335991 0.0434899 0.0312302 0.0412303 
0.0497987 0.0591969 0.0393582 0.0586884 0.0253837 0.0661299 0.0246111 0.0397198 0.0438371 0.0425631 0.0236266 0.0428106 0.0303867 0.0464574 0.0997027 0.0627908 0.0682584 0.039413 0.0518025 0.0854646 
0.0492817 0.0569333 0.0430917 0.0566481 0.0312425 0.0630002 0.0270935 0.0406847 0.0449847 0.0435879 0.0255105 0.0455285 0.0333498 0.047316 0.0917605 0.0623435 0.0650354 0.0400879 0.0507264 0.0817935 
0.0484879 0.0543423 0.0475476 0.0539266 0.0389912 0.0593342 0.0303753 0.0417608 0.0460696 0.0446689 0.0279646 0.0485493 0.0370277 0.048203 0.0828848 0.0614859 0.0611982 0.0408302 0.0491244 0.0772278 
0.047377 0.0514339 0.0526153 0.0506063 0.0487319 0.0552076 0.0345408 0.0428968 0.046959 0.0457387 0.0310574 0.051721 0.0414199 0.049046 0.0732944 0.0601209 0.0568415 0.0416191 0.0470075 0.0717651 
0.045954 0.0482871 0.0580333 0.0468664 0.0602465 0.050799 0.039549 0.0440153 0.047531 0.0467185 0.0347702 0.054818 0.0464012 0.0497491 0.06341 0.0582077 0.0521712 0.0424203 0.0444664 0.0655864 
0.0442838 0.0450503 0.0634176 0.0429676 0.072943 0.0463732 0.0452015 0.0450297 0.0477118 0.0475372 0.0389713 0.0575874 0.0517171 0.0502154 0.0538033 0.0557953 0.0474817 0.0431888 0.0416741 0.0590504 
0.0424806 0.0419073 0.0683576 0.0391987 0.0859535 0.0422189 0.0511706 0.0458703 0.0475027 0.0481546 0.0434343 0.0598223 0.0570365 0.0503786 0.045056 0.0530265 0.0430891 0.0438801 0.0388513 0.0526108 
0.0406753 0.0390229 0.0725327 0.0358051 0.098362 0.0385706 0.0570826 0.046503 0.0469779 0.0485744 0.0478972 0.0614248 0.0620437 0.0502254 0.0375963 0.0501019 0.0392467 0.044463 0.0362063 0.0466886 
0.0389795 0.0365001 0.0757866 0.0329369 0.109438 0.0355558 0.0626161 0.0469339 0.0462559 0.0488389 0.0521329 0.062421 0.0665171 0.0497945 0.0316044 0.0472213 0.0360896 0.0449267 0.0338836 0.041568 
0.0374644 0.0343719 0.0781266 0.03064 0.118756 0.0331906 0.0675616 0.0471977 0.0454598 0.0490078 0.0559941 0.0629266 0.0703592 0.0491577 0.0270273 0.0445378 0.0336318 0.0452795 0.0319478 0.0373615 
0.0498519 0.0582409 0.0376476 0.0689407 0.0215726 0.0671833 0.0251046 0.0400141 0.0447508 0.0419639 0.024309 0.041203 0.0303971 0.0438949 0.092739 0.0590503 0.0730606 0.0406876 0.0589835 0.080405 
0.049358 0.0562461 0.0409665 0.0667595 0.025945 0.0642736 0.0274249 0.040933 0.0459083 0.0429663 0.0261716 0.0438358 0.0331118 0.0447496 0.0860574 0.0588454 0.0698784 0.0414223 0.0578579 0.077289 
0.0486058 0.0539613 0.0450033 0.0636927 0.0318386 0.0608407 0.0305333 0.0419822 0.0470395 0.044057 0.0286211 0.0468445 0.0365233 0.0456726 0.0785563 0.0583562 0.0660531 0.0422236 0.0560964 0.073499 
0.047547 0.051374 0.0497176 0.0597978 0.0394328 0.0569156 0.0345671 0.0431252 0.0480045 0.0451759 0.031771 0.0501187 0.040679 0.0466101 0.0703461 0.0574818 0.061638 0.043069 0.0536874 0.0689417 
0.0461677 0.0485238 0.0549297 0.0552464 0.0486853 0.0526231 0.03956 0.0442952 0.0486608 0.0462442 0.0356604 0.0534637 0.0455182 0.0474783 0.0617021 0.0561496 0.0567957 0.0439219 0.0507021 0.063672 
0.0445096 0.0455183 0.0603153 0.0503287 0.0592415 0.0481862 0.0453865 0.0454052 0.0489023 0.0471796 0.0402094 0.0566246 0.0508439 0.0481758 0.0530629 0.0543485 0.0517964 0.0447344 0.0473143 0.0579169 
0.0426714 0.0425161 0.0654673 0.0454083 0.0704521 0.0438859 0.0517553 0.0463719 0.0486966 0.0479199 0.0452097 0.0593498 0.0563463 0.0486126 0.0449429 0.0521511 0.046969 0.045457 0.0437791 0.0520377 
0.0407846 0.0396837 0.0700081 0.0408361 0.0815213 0.0399877 0.0582718 0.0471398 0.0480979 0.0484437 0.0503701 0.0614679 0.0616813 0.0487395 0.0377921 0.0497025 0.0426167 0.0460524 0.0403701 0.0464328 
0.0389754 0.0371473 0.0736909 0.0368673 0.091721 0.0366722 0.064543 0.0476944 0.0472262 0.0487759 0.0553957 0.0629322 0.0665638 0.0485623 0.0318762 0.0471792 0.0389398 0.0465058 0.0373064 0.0414252 
0.0373353 0.0349686 0.0764387 0.0336215 0.100552 0.0340071 0.0702688 0.0480578 0.0462251 0.0489722 0.0600595 0.0638124 0.0708264 0.0481323 0.0272424 0.0447399 0.036007 0.0468254 0.0347109 0.0371968 
0.0494186 0.0554009 0.0389306 0.0779363 0.02176 0.065341 0.0278049 0.0411192 0.0467544 0.0422661 0.0268231 0.0419545 0.0329026 0.0420767 0.079424 0.0551182 0.0747018 0.0426892 0.0656874 0.0718908 
0.048701 0.0533977 0.0425058 0.074677 0.0261156 0.0621494 0.0307284 0.0421257 0.0479125 0.0433382 0.0292419 0.0448737 0.0360295 0.0429932 0.073218 0.0549032 0.0709249 0.043556 0.0638571 0.0687513 
0.0476908 0.0511131 0.0467787 0.0703524 0.0318554 0.0584588 0.0345925 0.043255 0.0489469 0.0444775 0.0323986 0.0481549 0.0399056 0.0439712 0.0663638 0.0544246 0.0665114 0.0444709 0.061248 0.0650304 
0.0463593 0.048557 0.0516496 0.0651022 0.0390471 0.0543421 0.039502 0.0444536 0.0497002 0.0456112 0.0363916 0.0516467 0.0445305 0.0449452 0.0590171 0.0535966 0.0615744 0.0453951 0.0578999 0.060679 
0.0447255 0.0457981 0.0568722 0.0592148 0.0475246 0.0499709 0.0454148 0.0456403 0.0500357 0.0466527 0.0412063 0.0551149 0.0497734 0.0458216 0.0514827 0.0523674 0.0563443 0.0462761 0.0539669 0.0557973 
0.0428685 0.0429642 0.0620775 0.0531042 0.0568502 0.0455996 0.0521016 0.046724 0.0498812 0.0475219 0.0466783 0.0582867 0.0553672 0.0464988 0.0441779 0.0507478 0.0511423 0.0470568 0.0497182 0.0506333 
0.0409132 0.0402131 0.0668641 0.0472254 0.0663878 0.0415066 0.0591752 0.0476295 0.0492581 0.0481712 0.0525119 0.0609276 0.0609624 0.0468985 0.0375296 0.0488215 0.0463061 0.0476907 0.0454843 0.0455235 
0.0389965 0.0376865 0.070911 0.0419619 0.0754693 0.0379178 0.066187 0.0483191 0.0482749 0.0486005 0.0583556 0.0629103 0.0662222 0.0469909 0.0318536 0.0467244 0.0421004 0.0481549 0.0415693 0.0407939 
0.0372301 0.0354733 0.0740526 0.0375451 0.0835663 0.0349558 0.0727433 0.0487973 0.0470877 0.0488525 0.0638958 0.0642389 0.0709065 0.0467992 0.027284 0.0446043 0.0386595 0.0484547 0.0381784 0.036675 
0.0356812 0.0336021 0.0762822 0.0340405 0.0903806 0.0326351 0.0785805 0.0491 0.0458514 0.0489914 0.0689196 0.0650176 0.0749041 0.0463831 0.0237816 0.0425828 0.0359863 0.0486167 0.0353955 0.0332679 
0.0494741 0.0544791 0.0370353 0.089611 0.0185496 0.0662136 0.0281643 0.041224 0.0474924 0.041524 0.0273936 0.0399716 0.0326847 0.0394311 0.072338 0.0513885 0.0793082 0.0438056 0.0738326 0.0660789 
0.0487881 0.0527318 0.0401364 0.086355 0.0216842 0.0632618 0.030891 0.042173 0.0486489 0.0425494 0.0297546 0.0427295 0.0355158 0.0403045 0.0672951 0.0513555 0.0756154 0.0447336 0.072051 0.0634257 
0.0478257 0.050727 0.0439149 0.0818116 0.0258999 0.0598262 0.0345458 0.0432672 0.0497339 0.0436764 0.0328639 0.0459217 0.039078 0.0412731 0.0616978 0.0511683 0.0712663 0.045721 0.0693715 0.06041 
0.0465477 0.0484526 0.0483415 0.0760697 0.0313201 0.0559327 0.0392964 0.044469 0.050584 0.0448434 0.0368745 0.049446 0.0434238 0.0422917 0.0556124 0.0507432 0.0663229 0.0467281 0.0657959 0.0569046 
0.0449525 0.0459438 0.0532539 0.0693802 0.0379105 0.051698 0.0451877 0.0457082 0.0510374 0.045967 0.0418447 0.0531085 0.048491 0.0432831 0.0492259 0.0500074 0.0609629 0.0476981 0.0614388 0.0529007 
0.0430961 0.043295 0.0583483 0.0621674 0.0454147 0.0473345 0.0520741 0.0468927 0.050981 0.0469569 0.047677 0.0566423 0.0540724 0.0441476 0.0428467 0.0489263 0.0554773 0.0485655 0.0565547 0.0485296 
0.0410908 0.0406465 0.0632357 0.0549644 0.0533676 0.043113 0.0596086 0.0479321 0.0503929 0.0477419 0.0541025 0.059771 0.0598389 0.044789 0.0368448 0.0475253 0.0502173 0.0492705 0.0515081 0.0440396 
0.0390778 0.0381463 0.0675476 0.0482883 0.0612021 0.0392911 0.0673148 0.0487647 0.0493547 0.0482932 0.0607361 0.0622901 0.0654213 0.0451453 0.0315481 0.04589 0.0455023 0.0497775 0.0466848 0.0397241 
0.0371872 0.0359078 0.0710369 0.0425156 0.0684043 0.0360448 0.0747122 0.0493725 0.0480224 0.0486317 0.0671817 0.0641228 0.0705106 0.0452062 0.0271544 0.044141 0.0415384 0.050084 0.0423905 0.035835 
0.0355082 0.0339868 0.073618 0.0378215 0.0746307 0.0334403 0.08143 0.0497778 0.0465742 0.0488138 0.0731278 0.0653191 0.0749218 0.0450092 0.0237021 0.0423975 0.0383883 0.0502165 0.0387922 0.0325244 
0.0488796 0.0520411 0.0379644 0.0980913 0.0183621 0.0641946 0.0309704 0.0421222 0.049237 0.041737 0.0301031 0.0405279 0.0349668 0.0377418 0.0612416 0.0479351 0.0799453 0.0456849 0.0802491 0.0580049 
0.0479669 0.05029 0.0412337 0.0935788 0.021382 0.0610206 0.034381 0.0431611 0.0503432 0.0428202 0.0331135 0.0435448 0.0381934 0.03866 0.0567478 0.0479381 0.0757174 0.0467354 0.0776521 0.0555203 
0.0467492 0.0482788 0.0451543 0.0876209 0.025358 0.0573831 0.0388982 0.0443394 0.0512745 0.0439844 0.0370535 0.0469877 0.0422076 0.039667 0.0518121 0.0478047 0.0708557 0.0478247 0.0740231 0.0527235 
0.0452077 0.0460151 0.0496431 0.0804014 0.0303348 0.0533448 0.0446498 0.0456018 0.051854 0.045156 0.0420533 0.0507153 0.0470127 0.0407069 0.0465287 0.0474584 0.0654777 0.0488941 0.0694233 0.049521 
0.0433746 0.04356 0.054477 0.0723067 0.0361946 0.049066 0.0515879 0.0468628 0.0519323 0.0462436 0.0480985 0.0544924 0.0524727 0.0416934 0.0411027 0.0468381 0.0598249 0.0498704 0.064063 0.0459387 
0.041343 0.0410297 0.0593122 0.0639008 0.0426304 0.0447902 0.0594388 0.0480236 0.0514387 0.0471597 0.0549793 0.0580295 0.0583034 0.0425254 0.0358269 0.0459229 0.0542352 0.0506796 0.0583049 0.042126 
0.0392509 0.0385692 0.0637665 0.055812 0.0491978 0.0407883 0.0677349 0.049001 0.0504132 0.0478476 0.0623116 0.0610614 0.0641294 0.0431174 0.0310086 0.0447472 0.0490641 0.0512683 0.0525947 0.0383161 
0.0372429 0.0363101 0.0675287 0.0485768 0.0554342 0.0372823 0.0759315 0.0497511 0.0489957 0.0482998 0.069634 0.0634257 0.0695852 0.0434263 0.0268809 0.0433929 0.0445875 0.0516193 0.0473432 0.0347523 
0.0354314 0.0343365 0.0704333 0.0425222 0.0609805 0.0343936 0.0835477 0.0502759 0.0473766 0.0485554 0.0765324 0.0650974 0.0744082 0.04346 0.0235471 0.041963 0.0409404 0.0517537 0.0428266 0.0316184 
0.0338785 0.0326757 0.072467 0.0377421 0.0656457 0.0321371 0.0902628 0.0506132 0.0457397 0.0486787 0.0827236 0.0661644 0.0784748 0.0432657 0.0209841 0.0405511 0.0381169 0.0517184 0.0391549 0.0290056 
0.0489853 0.0513902 0.0360344 0.109245 0.0159454 0.0649786 0.0309393 0.0419879 0.0496967 0.0409486 0.0302551 0.0383853 0.0343814 0.0354104 0.0554607 0.0448212 0.083791 0.0463758 0.0880203 0.0529473 
0.0481249 0.0498648 0.0388141 0.105023 0.0180654 0.0620589 0.0340822 0.0429544 0.0507869 0.0419611 0.0331253 0.0411598 0.0372655 0.0362499 0.0518875 0.044926 0.0797243 0.0474681 0.0856648 0.0507929 
0.0469746 0.0480944 0.0422104 0.0991541 0.0209182 0.058693 0.0383029 0.0440834 0.0517703 0.0430876 0.0369155 0.0444214 0.0409132 0.0372011 0.0479415 0.0449784 0.075019 0.0486247 0.082172 0.0485248 
0.0455018 0.0460648 0.0462062 0.0917422 0.0245866 0.0548954 0.0438005 0.0453371 0.0524659 0.0442686 0.0418194 0.0480848 0.0453842 0.0382298 0.0436503 0.044909 0.0697315 0.049789 0.0775472 0.0459858 
0.0437156 0.0438067 0.0506614 0.0830945 0.0290461 0.0507704 0.0506287 0.0466426 0.0526975 0.0454201 0.0479117 0.0519661 0.0506169 0.0392698 0.039132 0.0446482 0.0640391 0.0508837 0.0719334 0.0431158 
0.0416859 0.0414076 0.0553009 0.073746 0.0341203 0.0465182 0.0586137 0.0479018 0.0523473 0.0464474 0.055069 0.0557939 0.0563929 0.0402286 0.0345976 0.0441456 0.0582406 0.0518218 0.065652 0.0399691 
0.039539 0.0389997 0.059764 0.0643858 0.0394895 0.0424011 0.067339 0.0490161 0.0514034 0.0472718 0.0629478 0.0592697 0.0623599 0.0410097 0.03031 0.0433917 0.0527006 0.0525297 0.0591694 0.0367026 
0.037427 0.036725 0.0637029 0.0556965 0.0447661 0.0386729 0.076231 0.0499153 0.0499717 0.0478558 0.0710552 0.0621547 0.0681185 0.0415424 0.0265095 0.0424255 0.047752 0.0529692 0.0529845 0.0335247 
0.0354842 0.0346935 0.0668801 0.0481835 0.0496042 0.0355095 0.0847127 0.0505761 0.0482399 0.0482132 0.0788829 0.0643372 0.0733324 0.0418031 0.0233456 0.0413224 0.0436075 0.0531476 0.047497 0.0306279 
0.0337973 0.0329608 0.0692104 0.0420881 0.0537812 0.0329778 0.0923413 0.05102 0.0464155 0.0483964 0.0860336 0.0658406 0.0777997 0.0418148 0.0208531 0.0401676 0.0403268 0.05311 0.0429261 0.0281391 
0.0483049 0.0494959 0.0366957 0.115577 0.0156997 0.0629696 0.0336584 0.0426772 0.0511089 0.0411463 0.0329052 0.0388871 0.0363176 0.0341189 0.0474066 0.0422651 0.0832169 0.0479172 0.0930281 0.0466042 
0.0472279 0.0479414 0.0395872 0.110094 0.0177133 0.0598731 0.0375403 0.0437348 0.0521056 0.0422062 0.0364858 0.041891 0.0395838 0.0349852 0.0442706 0.0424133 0.0787172 0.0491139 0.0898554 0.0446598 
0.0458368 0.0461313 0.043066 0.102845 0.020368 0.0563419 0.0426891 0.0449481 0.0528903 0.0433595 0.0411849 0.045377 0.0436695 0.0359563 0.040823 0.0425158 0.0736083 0.0503531 0.0854295 0.0426071 
0.0441208 0.0440697 0.0470659 0.0940332 0.0236937 0.0524259 0.0492521 0.0462618 0.0532725 0.0445352 0.0471614 0.0492215 0.0485826 0.0369888 0.0371155 0.0425068 0.0679977 0.0515584 0.079818 0.0403187 
0.0421236 0.0418136 0.0513917 0.084111 0.0276102 0.0482719 0.0571709 0.0475868 0.0530953 0.0456416 0.0543947 0.0531975 0.0541825 0.0380077 0.0332844 0.0423234 0.0621238 0.0526349 0.073268 0.0377668 
0.0399525 0.0394742 0.0557333 0.0737602 0.0319094 0.044113 0.0661195 0.0488179 0.0522917 0.0465872 0.062621 0.0570071 0.0601685 0.0389189 0.0295357 0.0419257 0.0563297 0.0534897 0.0662173 0.0350279 
0.0377579 0.0371933 0.0597393 0.0637614 0.0362901 0.0402148 0.0755431 0.0498635 0.050919 0.0473079 0.0713591 0.0603585 0.0661384 0.0396348 0.0260933 0.0413134 0.0509812 0.0540592 0.0592149 0.0322571 
0.0356915 0.0351016 0.0631195 0.0547966 0.0404416 0.0367989 0.0847977 0.0506716 0.0491436 0.0477877 0.0800339 0.0630538 0.0716978 0.0401028 0.0231323 0.040528 0.0463637 0.0543288 0.0527757 0.0296333 
0.0338661 0.0332844 0.0657165 0.0472924 0.0441289 0.0339885 0.0933202 0.0512408 0.0471837 0.0480589 0.0881324 0.0650348 0.0765622 0.0403175 0.0207346 0.0396362 0.0426147 0.0543335 0.047252 0.027302 
0.0323375 0.0317703 0.0675162 0.0413807 0.0472368 0.0318004 0.100743 0.0516088 0.0452447 0.0481826 0.0953103 0.0663672 0.080598 0.0403123 0.0188892 0.0387073 0.0397238 0.0541394 0.042788 0.0253441 
