20 hexa 10 10 gaussian
#SNAPSHOT FILE
#iterations: 28000 (40000 total)
0.0473485 0.0820164 0.0278208 0.0275271 0.0133585 0.0764203 0.0154077 0.0319002 0.0312889 0.0374369 0.0161161 0.0338372 0.0198088 0.0533633 0.20652 0.0763994 0.0727406 0.0321075 0.0269118 0.0716724 
0.048825 0.0786334 0.0290068 0.0257893 0.015017 0.0735387 0.0160355 0.033894 0.0345691 0.0395361 0.0165291 0.0355708 0.0201148 0.0514026 0.184051 0.0765196 0.0680895 0.0326165 0.0273179 0.0929446 
0.0502429 0.0733347 0.0313519 0.0235564 0.0190353 0.0693612 0.0172594 0.0366985 0.0393249 0.0425807 0.0171637 0.0382385 0.0208998 0.0487986 0.153301 0.0755756 0.0617137 0.0332879 0.0280545 0.120222 
0.0509468 0.0664146 0.0352908 0.0211847 0.0278891 0.0639766 0.0194265 0.0399756 0.0450538 0.0462078 0.0181035 0.0417013 0.022631 0.0461138 0.118587 0.0729618 0.0541315 0.0340131 0.0289599 0.146431 
0.0504188 0.0586886 0.0408602 0.0193361 0.0451654 0.05779 0.0229302 0.0430498 0.0504752 0.0496563 0.0195179 0.0453076 0.0258919 0.0441311 0.0862789 0.0684295 0.0464087 0.0346882 0.0297154 0.161261 
0.0486091 0.0509632 0.0474886 0.0185438 0.0742674 0.0512607 0.0280548 0.0451877 0.0540918 0.0521565 0.0216221 0.0480707 0.0311047 0.0432682 0.0608412 0.0621561 0.0394547 0.0353163 0.0299851 0.157558 
0.0459258 0.0438023 0.0540144 0.0188654 0.115197 0.0448857 0.0346135 0.0459316 0.0549698 0.0533121 0.0244682 0.0491186 0.0380783 0.0432888 0.0432298 0.0547263 0.0337366 0.0359864 0.0296092 0.136241 
0.0430232 0.0377278 0.0591295 0.0198787 0.161628 0.0393402 0.0416518 0.04535 0.0532937 0.0532395 0.0277167 0.0482591 0.04574 0.0435856 0.0322539 0.047201 0.0295007 0.0367388 0.0287136 0.106029 
0.0405009 0.0331649 0.0622359 0.0209953 0.203512 0.0352053 0.0478836 0.0440235 0.0502647 0.0524468 0.0307801 0.046217 0.0526707 0.0436982 0.0260514 0.0407797 0.0268008 0.0374987 0.0276298 0.0776432 
0.0386421 0.03015 0.0637729 0.021838 0.233916 0.0325475 0.0525897 0.0426403 0.0472196 0.0514853 0.0332854 0.0440944 0.0580627 0.0435505 0.022806 0.0361214 0.0253786 0.0381587 0.0266655 0.0570766 
0.0491559 0.0768873 0.0292972 0.0307086 0.0140479 0.0777803 0.0165728 0.0341455 0.0320966 0.0378895 0.0173369 0.0347622 0.0221946 0.0516925 0.181248 0.0749581 0.0820006 0.033145 0.0295061 0.0745752 
0.051069 0.0729489 0.0315295 0.0284246 0.0164257 0.0736166 0.017362 0.0365217 0.0361095 0.0406604 0.0177627 0.0377935 0.022856 0.0500862 0.156445 0.0756218 0.0746567 0.0336002 0.0297245 0.0967861 
0.0523629 0.0673191 0.0356008 0.0256453 0.021933 0.0679203 0.0188536 0.0395371 0.0414576 0.0443459 0.0183819 0.0422113 0.0242872 0.0482648 0.125661 0.0750607 0.0651236 0.0341642 0.0300785 0.121792 
0.0522219 0.0605058 0.0418532 0.0229551 0.0333155 0.0611469 0.0214488 0.0426715 0.0471902 0.0482831 0.019334 0.0474997 0.0271189 0.0468104 0.0941528 0.0725331 0.0547915 0.0347648 0.0303536 0.14105 
0.0504047 0.0533222 0.0498208 0.0210954 0.0538151 0.0540142 0.0255416 0.0451946 0.0517971 0.0515224 0.020858 0.0524158 0.0319319 0.0461689 0.0674023 0.0677773 0.0453283 0.0353829 0.0302883 0.145918 
0.047397 0.04642 0.0581363 0.0204259 0.085274 0.0471535 0.0312669 0.0465209 0.0540275 0.0533597 0.0231588 0.0555022 0.0388396 0.046224 0.047919 0.061133 0.0377079 0.0360941 0.0297225 0.133717 
0.0440405 0.0402591 0.064984 0.0207332 0.125258 0.0411174 0.0381422 0.0464976 0.0535725 0.0536722 0.0261615 0.0558729 0.0471031 0.0464007 0.0352549 0.0535097 0.0321589 0.0369719 0.0287175 0.109572 
0.0410808 0.0352551 0.0691212 0.0214699 0.166416 0.0364016 0.0450586 0.04549 0.0512131 0.0528993 0.029428 0.0538447 0.0552782 0.0461964 0.0277269 0.0461917 0.0285487 0.0379612 0.0275377 0.082881 
0.0388801 0.0316388 0.0706861 0.0221538 0.200711 0.0331832 0.0509496 0.0441425 0.0482505 0.0517122 0.0324605 0.050739 0.0620762 0.0455539 0.0235609 0.0402508 0.0265218 0.0388994 0.0264761 0.0611551 
0.0374212 0.0293053 0.0707961 0.0225844 0.22413 0.0312179 0.0554381 0.042976 0.0456787 0.050622 0.0350799 0.0479165 0.0670408 0.044732 0.0213396 0.0360655 0.0255787 0.039654 0.0256906 0.0467338 
0.0495062 0.0730475 0.0297415 0.0385402 0.0136022 0.0823931 0.0177831 0.0350497 0.0301086 0.0363146 0.0186215 0.0335872 0.0250296 0.050424 0.168216 0.0712643 0.0993666 0.0342518 0.0341976 0.0589562 
0.051867 0.0703621 0.0318388 0.0361877 0.0150012 0.0783846 0.0182649 0.0369818 0.0333666 0.0386589 0.0188828 0.036749 0.025712 0.0498777 0.149927 0.0732162 0.0915774 0.0344912 0.0337982 0.0748558 
0.0538493 0.0662503 0.0358985 0.0330182 0.0183143 0.0724914 0.0192106 0.0395959 0.0380921 0.0421222 0.0192387 0.0418182 0.0269813 0.0492899 0.125384 0.074749 0.0803179 0.0348325 0.0333446 0.0952009 
0.0543189 0.0608057 0.0426743 0.0293559 0.0254373 0.0650605 0.0209943 0.0425709 0.0437212 0.0462825 0.0197944 0.0486578 0.0294826 0.048971 0.0977092 0.0747538 0.0669757 0.035267 0.0326864 0.114481 
0.0526423 0.054606 0.0520264 0.0260568 0.0388711 0.0570248 0.0240748 0.0452661 0.0488935 0.0501752 0.0207996 0.0560087 0.033922 0.0491829 0.0719283 0.0723019 0.0540044 0.0357895 0.03172 0.124706 
0.0492449 0.0483499 0.0625046 0.0238834 0.0607239 0.0493809 0.0287922 0.0470306 0.0521644 0.052805 0.0225594 0.0618614 0.0406492 0.0497829 0.0518041 0.0672349 0.0434182 0.0364545 0.0304329 0.120923 
0.045239 0.0425327 0.0717865 0.0229639 0.0909374 0.0427824 0.0350725 0.0475586 0.0528681 0.0537293 0.0252176 0.0645158 0.0492706 0.050202 0.0380858 0.0602583 0.0358639 0.0373503 0.0289336 0.104832 
0.041657 0.037501 0.0778362 0.0228728 0.12581 0.0375783 0.0422232 0.0470217 0.0513977 0.0532077 0.0285772 0.0635599 0.0585719 0.0498874 0.0295421 0.0526414 0.0310172 0.0384758 0.0274406 0.0831807 
0.0390042 0.0335254 0.0801108 0.0230668 0.159083 0.0338719 0.0491801 0.0459259 0.0488357 0.0519279 0.0321833 0.0601 0.0670234 0.0487643 0.0245211 0.0457034 0.0282326 0.0396735 0.0261858 0.0630806 
0.0372729 0.0306943 0.0796726 0.023213 0.185451 0.0314833 0.0551381 0.0447945 0.0462503 0.0505642 0.0356627 0.0559412 0.0735741 0.0472187 0.0216673 0.0402598 0.0268361 0.0407298 0.0252945 0.0482825 
0.0523829 0.0659272 0.0320184 0.0485698 0.0141551 0.0828088 0.019976 0.0379479 0.0314399 0.0367945 0.020542 0.0350772 0.0290206 0.0477389 0.133676 0.0680984 0.109733 0.0360329 0.0417261 0.0563351 
0.0549488 0.0632294 0.0358064 0.0449979 0.0161225 0.0770678 0.0205429 0.0401083 0.0355518 0.0397882 0.0207105 0.0402722 0.0302387 0.0483419 0.116133 0.0711894 0.0978319 0.0362238 0.0403506 0.0705442 
0.0561941 0.0593824 0.0426076 0.0401919 0.0204134 0.0692928 0.0216729 0.0427618 0.0408949 0.0438104 0.0209572 0.0480523 0.0324724 0.0494388 0.0946805 0.0736933 0.0822067 0.0365179 0.0383647 0.0863939 
0.0549908 0.0545576 0.0528477 0.0349022 0.0287443 0.0603878 0.023857 0.0454354 0.0463505 0.04809 0.0215374 0.0575402 0.0365162 0.0510385 0.0725923 0.0741184 0.0655936 0.0369347 0.0357975 0.0981685 
0.0514035 0.049293 0.0653124 0.0303663 0.0427764 0.0517236 0.0276015 0.0474782 0.050348 0.0514766 0.022858 0.0664287 0.0429259 0.0527818 0.0537168 0.0714851 0.0512152 0.0374994 0.0329515 0.100359 
0.0466933 0.0441379 0.0773201 0.0273455 0.0631705 0.044339 0.0331456 0.0484648 0.0519024 0.0531696 0.0252604 0.0721713 0.0516047 0.0539807 0.039984 0.0660082 0.0408026 0.0382823 0.0302152 0.0920018 
0.042294 0.0394461 0.0860514 0.0257241 0.0886538 0.0386131 0.0402257 0.0484231 0.0511371 0.0531504 0.0287941 0.0734578 0.0616783 0.054004 0.0310062 0.0588736 0.034221 0.0393388 0.0278852 0.0770229 
0.0389956 0.0354546 0.0900433 0.0249278 0.115818 0.0344932 0.0480502 0.0477278 0.0489631 0.0520083 0.0331561 0.0708038 0.0717018 0.0527101 0.0254346 0.0515514 0.0304797 0.0405972 0.0261253 0.0609583 
0.0368694 0.0323289 0.0898219 0.0244529 0.140425 0.0317323 0.0556339 0.0468315 0.0464314 0.0504941 0.0378737 0.066029 0.0802054 0.0505379 0.0220425 0.0451849 0.0285649 0.0418506 0.0249675 0.0477233 
0.0356066 0.0301017 0.0871856 0.024057 0.159386 0.0300002 0.0622867 0.0460467 0.0442553 0.0491608 0.0426047 0.0610996 0.0862562 0.0481686 0.0199958 0.0402992 0.0277043 0.042884 0.0243344 0.0385684 
0.0524301 0.0606977 0.0318194 0.0670336 0.0134476 0.0854592 0.0223269 0.0391101 0.0305548 0.0353588 0.0226615 0.0329525 0.0320039 0.0439093 0.110876 0.0609104 0.123768 0.0379843 0.054616 0.0420809 
0.055211 0.0590227 0.0350583 0.0631968 0.0146414 0.0803436 0.0226966 0.0408292 0.0342374 0.0377354 0.0227433 0.0376763 0.0332242 0.045234 0.0994062 0.0645522 0.112856 0.0382145 0.0525081 0.0506124 
0.05713 0.0566195 0.0411919 0.0572676 0.0171909 0.0729107 0.0233848 0.0430614 0.039373 0.0412697 0.022801 0.0454077 0.0352095 0.0474489 0.0848259 0.0687069 0.096951 0.0385639 0.0491379 0.0615482 
0.0567231 0.053302 0.0512731 0.0495428 0.0221884 0.0637483 0.0248553 0.0455441 0.0451006 0.0455242 0.0230685 0.0560122 0.0387782 0.050478 0.0684167 0.0718398 0.0782552 0.0390563 0.0444587 0.0718353 
0.0534439 0.0492569 0.0647732 0.0415514 0.0307774 0.0542779 0.0277559 0.0477222 0.0497633 0.0494397 0.0240558 0.0674612 0.0446689 0.053735 0.0528316 0.0722147 0.0605232 0.0396446 0.0390882 0.0770155 
0.0483219 0.0449427 0.0790567 0.0350394 0.0435641 0.0459932 0.0326235 0.0490767 0.0519643 0.0519286 0.026345 0.0765573 0.0530514 0.0562448 0.0404025 0.0691246 0.0468697 0.0403054 0.0340004 0.0745885 
0.0431047 0.0407744 0.0906444 0.0306877 0.0601825 0.0396063 0.039579 0.0494859 0.0515335 0.0526028 0.0302666 0.0809355 0.0633574 0.0571598 0.0317151 0.0633362 0.0380616 0.0411033 0.0299015 0.0659625 
0.0389985 0.0370094 0.0971024 0.0280761 0.0791372 0.0350515 0.0481811 0.0492203 0.04935 0.0518471 0.0357234 0.0802764 0.0744057 0.0562113 0.0260165 0.0563811 0.033096 0.0420973 0.0270042 0.054815 
0.0362933 0.0338273 0.0981006 0.02647 0.098049 0.0319585 0.0574945 0.0486729 0.0465608 0.0503908 0.042222 0.0760425 0.084657 0.0538054 0.0223214 0.0496752 0.0305886 0.0432155 0.0252016 0.0444534 
0.0347026 0.0313504 0.0951759 0.0253575 0.114516 0.0299498 0.066437 0.0481271 0.0440137 0.0488909 0.0490982 0.070406 0.0926748 0.0507566 0.0199312 0.0440783 0.029463 0.0442692 0.0242601 0.0365419 
0.0545079 0.0548751 0.0336793 0.0876362 0.0134001 0.08094 0.0252736 0.0414777 0.0341181 0.036347 0.0251403 0.0345415 0.0351058 0.0407363 0.0795649 0.0562861 0.119809 0.0402958 0.069823 0.0364424 
0.0566833 0.0534651 0.0385791 0.0811012 0.0149471 0.0745692 0.0257399 0.0432463 0.0392387 0.0391843 0.025153 0.0412363 0.0368145 0.0433134 0.0706686 0.0607262 0.105914 0.0409523 0.0655871 0.0428801 
0.0570982 0.0514181 0.0472935 0.0712109 0.0179379 0.0661599 0.0267287 0.0453863 0.0454402 0.0429922 0.0252464 0.0514582 0.0398015 0.0471316 0.0601637 0.0654181 0.0880325 0.0418573 0.0589937 0.0502316 
0.0546667 0.0485793 0.0602546 0.0591876 0.0231248 0.0567298 0.0289477 0.0475387 0.0510534 0.0470373 0.0259759 0.0641283 0.0449324 0.0516608 0.0491081 0.0685143 0.0692303 0.0428556 0.0506196 0.0558549 
0.0497669 0.0451459 0.0755583 0.0476789 0.0309529 0.047881 0.0332269 0.0491815 0.0541297 0.0501745 0.0281957 0.076092 0.0526537 0.055703 0.0392002 0.068375 0.0532757 0.0436953 0.0420504 0.0570634 
0.0440757 0.0415144 0.0894612 0.0388374 0.0412526 0.040801 0.0400964 0.0500171 0.0539266 0.0516279 0.0326274 0.0839369 0.0626546 0.0580051 0.0315491 0.0648062 0.042259 0.0442895 0.0348813 0.0533809 
0.0391953 0.0380227 0.0985535 0.0330291 0.0532662 0.0357164 0.0494779 0.0501655 0.051268 0.0514531 0.0394661 0.0861597 0.0739697 0.0579767 0.0261406 0.0590185 0.0358661 0.0447813 0.0298005 0.0466731 
0.0357835 0.0348981 0.101472 0.0294328 0.0657923 0.0322603 0.0605828 0.0499692 0.0476142 0.0502668 0.0482544 0.0835499 0.085182 0.0558813 0.0224054 0.0526117 0.0326487 0.0453341 0.0266689 0.0393914 
0.0337058 0.0323081 0.099165 0.0271287 0.0774779 0.0299841 0.0720702 0.0497112 0.0441505 0.0487669 0.0580017 0.078205 0.0947004 0.0525789 0.019834 0.0467898 0.0312456 0.0459581 0.0250175 0.0332012 
0.0325298 0.0303447 0.0939504 0.0255526 0.0873227 0.0285461 0.0825339 0.0494995 0.0414771 0.0474543 0.0675466 0.0723095 0.101263 0.0490726 0.0181136 0.0421365 0.030737 0.046539 0.0243587 0.0287143 
0.0531331 0.0518036 0.0319955 0.115633 0.0122145 0.0784662 0.0277724 0.0419234 0.0347215 0.0357732 0.0275741 0.0315502 0.0355748 0.0361607 0.0614606 0.0483959 0.116409 0.0418803 0.0901016 0.0274572 
0.055046 0.0509084 0.0354864 0.109462 0.0131922 0.0734795 0.0281719 0.0432505 0.03989 0.0379069 0.0276729 0.0366535 0.036954 0.0383608 0.0562287 0.0519728 0.105678 0.042943 0.085959 0.0307839 
0.0559309 0.0496788 0.0420632 0.0986652 0.0150378 0.0666334 0.0288975 0.0449403 0.0466917 0.0410165 0.027744 0.0451728 0.0392699 0.0419889 0.05024 0.0566384 0.0910834 0.0444919 0.0785284 0.0352872 
0.0545446 0.0477859 0.0529009 0.0835131 0.0182313 0.0583445 0.030608 0.0468616 0.0536532 0.0447596 0.0282897 0.0572007 0.0434067 0.0468732 0.043501 0.0611389 0.0743114 0.0463494 0.0678708 0.0398559 
0.0505302 0.0451371 0.0673907 0.0666162 0.0231158 0.0497844 0.0343338 0.0486396 0.0583161 0.0482235 0.0303538 0.0706147 0.0500879 0.0520094 0.0366647 0.063605 0.0584171 0.0479838 0.055587 0.0425893 
0.0449914 0.0419707 0.0823745 0.0516586 0.0296047 0.0423303 0.0410559 0.0498718 0.0589165 0.0504033 0.0351514 0.0816294 0.0593248 0.0558483 0.0306307 0.0627798 0.0462173 0.0488862 0.0442219 0.042133 
0.0396365 0.0386714 0.0937444 0.0407764 0.0371641 0.036696 0.0511328 0.0504548 0.0557789 0.0509272 0.0433528 0.0873016 0.0703026 0.0572366 0.0258689 0.058951 0.0385697 0.0490204 0.035601 0.0388131 
0.0355477 0.0355664 0.0989148 0.0337947 0.0450289 0.0327926 0.0639648 0.050604 0.0507334 0.0501725 0.0546299 0.0872157 0.0816559 0.0560367 0.0223104 0.0535144 0.034567 0.0487554 0.0300672 0.0341276 
0.0328917 0.0328903 0.097946 0.0294944 0.0524302 0.0302069 0.0780148 0.0506017 0.0456453 0.0488234 0.067663 0.0830611 0.0917943 0.0530116 0.019713 0.0479478 0.0328181 0.0484687 0.0270243 0.0295539 
0.0313334 0.0307866 0.0929719 0.0267918 0.0588623 0.028558 0.0913149 0.050596 0.0415924 0.0474612 0.0806026 0.0772479 0.0993643 0.0493105 0.0178898 0.0432025 0.032224 0.0483161 0.0256519 0.0259234 
0.0528957 0.0494055 0.0327023 0.137883 0.0117529 0.0701398 0.0302194 0.0431726 0.0404961 0.0374194 0.0299625 0.0327112 0.0360069 0.0340183 0.0446255 0.0445599 0.0974877 0.0440457 0.106667 0.0238294 
0.0537692 0.0485895 0.0371255 0.127809 0.0129429 0.0650224 0.0308129 0.0444064 0.0476635 0.0398157 0.0301298 0.0389824 0.0376497 0.0367739 0.0413101 0.0481056 0.0868181 0.0461408 0.0997771 0.0263553 
0.0531703 0.0473027 0.0450327 0.111778 0.0149924 0.0585407 0.0321545 0.0459219 0.0559773 0.0429843 0.0305835 0.0488513 0.0406713 0.0409713 0.0376114 0.0524092 0.0739818 0.04896 0.0885864 0.0295185 
0.0503316 0.0452714 0.0569868 0.0912258 0.0181698 0.0512007 0.0353081 0.0475791 0.0629093 0.0463894 0.0323661 0.0616935 0.0459612 0.0461606 0.033475 0.0561626 0.060615 0.0519028 0.0739416 0.03235 
0.0455666 0.0425011 0.071264 0.0701253 0.0224895 0.0440482 0.0416438 0.0490558 0.0655383 0.0490875 0.0371175 0.0745808 0.0539573 0.0510189 0.0292315 0.057727 0.0490483 0.0539546 0.0584917 0.0335528 
0.0402263 0.0393068 0.0839657 0.0526467 0.0275765 0.0380826 0.0520864 0.0500715 0.0628578 0.050341 0.0462076 0.0836748 0.064144 0.053956 0.0253545 0.0563003 0.0409123 0.0544563 0.0453263 0.032507 
0.0356582 0.036115 0.091394 0.040494 0.0328073 0.033689 0.066353 0.0506124 0.0565289 0.0501405 0.0596895 0.0868612 0.0751549 0.0541504 0.0221279 0.0524867 0.0362631 0.0536209 0.0360893 0.0297638 
0.0324326 0.0332803 0.092349 0.032929 0.0375916 0.0307066 0.0827523 0.0508707 0.0493004 0.0490521 0.0759758 0.0847776 0.0853007 0.0519668 0.0196108 0.0476871 0.0341156 0.0522027 0.0306348 0.0264634 
0.030434 0.0310187 0.0883924 0.0284199 0.041615 0.0287964 0.0987689 0.0510294 0.0431998 0.0477276 0.0924625 0.0797605 0.0931921 0.0485467 0.0177692 0.0431713 0.0333678 0.0508676 0.0279212 0.02354 
0.0292917 0.0293871 0.082371 0.0257357 0.0449663 0.0276457 0.112162 0.0511514 0.0389627 0.0465934 0.106682 0.0742072 0.0982257 0.0450906 0.016529 0.039609 0.033232 0.0499085 0.0268435 0.0214066 
0.0509147 0.0488115 0.0306411 0.162121 0.0106259 0.065935 0.0317096 0.0431056 0.0406099 0.0374352 0.0317389 0.0298881 0.0346611 0.0309739 0.0368124 0.039391 0.0858893 0.0443044 0.1243 0.0201325 
0.0514619 0.0481783 0.0334195 0.153919 0.0114136 0.0621908 0.0322174 0.0439902 0.047584 0.0392493 0.0320574 0.0341341 0.0357484 0.0327426 0.0348091 0.0415846 0.0782605 0.0466006 0.118906 0.0215342 
0.0512065 0.0472403 0.0386196 0.139247 0.0127877 0.0574698 0.0332702 0.0450714 0.056607 0.0417915 0.0325067 0.0413538 0.037758 0.0357435 0.0327899 0.0447636 0.069283 0.0500049 0.108879 0.0236059 
0.0493644 0.0456769 0.0472946 0.118116 0.0149489 0.0517889 0.0358204 0.0463869 0.065687 0.0448519 0.0339537 0.0520063 0.0415357 0.0400134 0.0304581 0.0483557 0.0594752 0.0541602 0.0941505 0.0259553 
0.0456724 0.0432949 0.0592038 0.0932134 0.0179862 0.0456156 0.0414194 0.0478277 0.0713625 0.0477609 0.0381738 0.0647545 0.0478664 0.0448668 0.0277216 0.0511363 0.0500735 0.0578993 0.0764291 0.0277223 
0.0408323 0.0402196 0.0717218 0.0693906 0.0217087 0.0397808 0.0515971 0.0491327 0.0708524 0.0496563 0.0472627 0.0762062 0.0567726 0.0488527 0.0247739 0.0518009 0.0425492 0.0597956 0.059084 0.0280103 
0.0360983 0.036881 0.0808728 0.0507248 0.0256246 0.0350078 0.0666588 0.0500818 0.0644694 0.0501057 0.0620702 0.0828948 0.0671204 0.0505791 0.021965 0.0499564 0.0376777 0.0592894 0.0452843 0.0266372 
0.0323951 0.0337815 0.0840949 0.0383188 0.0291716 0.0315554 0.0849521 0.050663 0.0553128 0.049392 0.0810717 0.0837318 0.0770734 0.0497013 0.0195818 0.0464078 0.0351812 0.0570861 0.0362481 0.0242792 
0.0299395 0.0312736 0.0818598 0.0309366 0.0320187 0.0292892 0.103431 0.0510066 0.0467286 0.04817 0.100925 0.0803124 0.0850381 0.0470418 0.0177599 0.0424608 0.0342208 0.0544268 0.0313008 0.0218612 
0.0284875 0.0294704 0.0767512 0.0267764 0.0342144 0.0279186 0.119182 0.0512309 0.0404423 0.0469854 0.118242 0.0752594 0.0903734 0.0438715 0.0165009 0.0390925 0.0340082 0.0522043 0.0290239 0.0199659 
0.0496134 0.0481892 0.0310435 0.17413 0.0103436 0.0592783 0.0331415 0.0437224 0.0465302 0.039038 0.0333903 0.0309068 0.0341402 0.0301732 0.0307463 0.0374002 0.0693483 0.0462478 0.133565 0.019054 
0.0493752 0.0474557 0.0343079 0.162066 0.0112904 0.0558579 0.0339615 0.0444846 0.055291 0.0410343 0.0338976 0.0358505 0.035417 0.0320699 0.0295132 0.0393698 0.0630447 0.0496801 0.125604 0.0204298 
0.0481443 0.0462505 0.0400831 0.142947 0.0128139 0.0516865 0.0359314 0.0454197 0.0654624 0.0436267 0.0350653 0.0438127 0.0379133 0.0350792 0.0281629 0.0420527 0.0562934 0.0543898 0.112615 0.0222507 
0.0454399 0.0442849 0.0489385 0.117708 0.0150287 0.0467855 0.0405298 0.0465964 0.0739967 0.0464512 0.0384742 0.0547599 0.0424959 0.0390765 0.026442 0.0448515 0.049457 0.0595288 0.0951227 0.0240325 
0.0413834 0.0414628 0.0598021 0.0900541 0.0178985 0.0415592 0.0496899 0.0479294 0.0769936 0.0487723 0.0466046 0.0667203 0.0497082 0.0432008 0.0242861 0.0466811 0.0433369 0.063369 0.0755529 0.0249949 
0.036824 0.0380616 0.0695507 0.0651884 0.0211141 0.036697 0.0645299 0.0491726 0.0726143 0.0498927 0.0613398 0.0761563 0.0589985 0.0460453 0.021908 0.0465857 0.0387796 0.064346 0.0576227 0.0245728 
0.0328034 0.0346561 0.0748662 0.046751 0.0241638 0.0327996 0.0838867 0.0501086 0.0629136 0.0496958 0.0818826 0.0803419 0.0686437 0.0466122 0.0196733 0.0445403 0.036093 0.0623657 0.0442557 0.0229482 
0.0298974 0.0317907 0.0748129 0.0351494 0.0266277 0.03008 0.104405 0.0507043 0.0521256 0.0486823 0.104528 0.0793499 0.0767492 0.0450853 0.0178684 0.0414686 0.034901 0.058805 0.0360773 0.0208929 
0.0280921 0.0297133 0.0711819 0.0286411 0.0284211 0.0283916 0.122423 0.0510588 0.0434636 0.0474901 0.124873 0.0754433 0.0823889 0.0425365 0.0165871 0.0384678 0.0345544 0.0552728 0.031882 0.0191194 
0.0270892 0.028367 0.0666259 0.0252055 0.029781 0.0274374 0.135781 0.0512771 0.0378377 0.0465054 0.140107 0.0710472 0.0858377 0.0400557 0.0157689 0.0361632 0.0345453 0.052632 0.0300282 0.0179102 
