20 hexa 10 10 gaussian
#SNAPSHOT FILE
#iterations: 20000 (200000 total)
0.0428852 0.0881123 0.0263829 0.0258482 0.0120973 0.0751223 0.0141053 0.0278971 0.0277331 0.0364892 0.0147832 0.0336877 0.0194193 0.0555574 0.251727 0.0741834 0.067312 0.0309061 0.0237968 0.051957 
0.0447236 0.0856422 0.0263435 0.0241299 0.012761 0.0731379 0.0144945 0.0296833 0.0301977 0.0383111 0.0154049 0.0353557 0.0192232 0.0528291 0.222996 0.0764268 0.0627531 0.0321427 0.0241417 0.0793027 
0.0470281 0.0795399 0.0273008 0.0213075 0.0147093 0.0695359 0.0154848 0.0330555 0.035143 0.041666 0.0162962 0.0380141 0.0189935 0.048266 0.176823 0.0771611 0.0556949 0.0335748 0.0250655 0.125341 
0.0487635 0.0696117 0.0301144 0.018067 0.0200015 0.0644909 0.0174053 0.0379815 0.0424538 0.0466191 0.0172878 0.0418015 0.0193718 0.0430157 0.122383 0.0742119 0.0474884 0.0345868 0.0267414 0.177603 
0.048931 0.0587435 0.0349691 0.0159037 0.0329862 0.0590417 0.0205743 0.0432769 0.0501153 0.0520781 0.0183637 0.0459353 0.0211668 0.0393612 0.0784501 0.0673662 0.0405409 0.0348443 0.0287898 0.208563 
0.0475579 0.0491545 0.0414934 0.0156516 0.0619467 0.0532166 0.025762 0.0475193 0.0558689 0.0567141 0.0200431 0.049105 0.0252283 0.0381437 0.0512663 0.0581627 0.0351827 0.0346981 0.0305326 0.202752 
0.0449715 0.0407573 0.0488713 0.0171374 0.115995 0.0462107 0.0338088 0.0492805 0.0576447 0.0591464 0.023065 0.0497079 0.0324581 0.0387537 0.0354108 0.047884 0.030369 0.0346063 0.0311266 0.162795 
0.0415875 0.0336651 0.0549656 0.0192798 0.18795 0.0388649 0.0433551 0.0476342 0.0542691 0.0583379 0.0272375 0.0469521 0.0421819 0.0401499 0.0262278 0.0384152 0.0262426 0.0346908 0.0299748 0.108019 
0.0383064 0.0287641 0.0579936 0.0207332 0.251054 0.0334338 0.0510902 0.043949 0.0480172 0.0554196 0.0311143 0.0426165 0.0515233 0.0413538 0.0216289 0.0318814 0.0237678 0.0348051 0.0277615 0.0647871 
0.035839 0.025997 0.0586685 0.0212948 0.290662 0.0304399 0.0558231 0.0404701 0.0423335 0.0524956 0.0337709 0.038959 0.0587765 0.0419976 0.019691 0.0283049 0.0228371 0.0348427 0.0257135 0.0410848 
0.0443947 0.0823714 0.0273004 0.0275593 0.0130329 0.0793994 0.0151159 0.0307956 0.027655 0.0362644 0.0164245 0.0341111 0.022342 0.0537295 0.215724 0.0743781 0.0831006 0.0324131 0.0258096 0.0580803 
0.0478665 0.0790099 0.028046 0.0254296 0.0143588 0.0754271 0.0156707 0.0331609 0.0309155 0.0389761 0.0173158 0.0372898 0.0221027 0.0514677 0.182516 0.0789158 0.0730371 0.0332711 0.025887 0.0893371 
0.0510956 0.0720062 0.0308708 0.0222944 0.0176425 0.0691336 0.0168602 0.0370463 0.0365894 0.0436263 0.0183428 0.0426686 0.022103 0.0482407 0.136431 0.0812457 0.0598135 0.0339284 0.0264791 0.133582 
0.0520119 0.0623628 0.0367894 0.0193022 0.0254596 0.0618435 0.0190223 0.041887 0.0436215 0.0496118 0.0192617 0.0498512 0.0232669 0.0454183 0.0913541 0.0780862 0.0474121 0.0341288 0.0277272 0.171583 
0.0501272 0.0527204 0.0456111 0.017814 0.0429488 0.0549789 0.0227436 0.0464163 0.0497917 0.0553569 0.020252 0.0568819 0.0266498 0.044172 0.0597695 0.0694949 0.0387286 0.0340625 0.0292266 0.182253 
0.0466237 0.0441979 0.0560013 0.0181403 0.078061 0.0482178 0.0290191 0.0493752 0.0532423 0.059291 0.021975 0.0611191 0.0333886 0.0441664 0.0409516 0.0579893 0.0328663 0.0340936 0.0302024 0.161078 
0.0427155 0.0368664 0.0649483 0.0195815 0.133849 0.0412115 0.0380453 0.0495651 0.0526109 0.059948 0.0249057 0.0600801 0.0439971 0.0442947 0.0297981 0.0463726 0.0284241 0.0343524 0.0298449 0.118589 
0.0392696 0.0312869 0.069131 0.0209004 0.195788 0.0352284 0.0475703 0.0470317 0.0483642 0.0573672 0.0284505 0.0542866 0.0564857 0.0438456 0.0234898 0.0374 0.0254565 0.0346987 0.0281281 0.0758215 
0.0367223 0.0277989 0.0688078 0.0214546 0.243483 0.0314085 0.0549423 0.043599 0.0431709 0.0537033 0.0314578 0.047545 0.0677196 0.0429955 0.0203805 0.0320582 0.0241171 0.0349637 0.0260305 0.0476422 
0.0350474 0.0258765 0.0666917 0.0215849 0.271621 0.0293466 0.0597716 0.0408153 0.0390518 0.0507 0.0334851 0.0424975 0.0766421 0.0421301 0.0189666 0.0292999 0.0238351 0.0351195 0.0243659 0.0331549 
0.0433944 0.0754002 0.0284081 0.0321547 0.0135271 0.0874363 0.0166226 0.0332069 0.025497 0.0342254 0.0178544 0.0323875 0.0269281 0.0515281 0.190295 0.0688797 0.114904 0.0337674 0.0303667 0.0432193 
0.0483014 0.0741083 0.0290006 0.0310489 0.0146251 0.0832215 0.0169049 0.0347667 0.0274402 0.0362638 0.0186387 0.0356369 0.0268103 0.0514239 0.169238 0.0764037 0.101564 0.0339818 0.0294812 0.0611398 
0.0538554 0.0704517 0.0316481 0.0287569 0.0169467 0.0758471 0.0175015 0.0375052 0.0313087 0.0401781 0.0195972 0.0418585 0.0266176 0.0511656 0.136519 0.0846633 0.082298 0.0339096 0.0284791 0.0908929 
0.056903 0.0637404 0.0383092 0.0255579 0.0217838 0.066213 0.0186974 0.041353 0.0370142 0.0460427 0.020431 0.0517812 0.0271573 0.0510671 0.0981659 0.088303 0.0613973 0.0335585 0.0279397 0.124584 
0.0551177 0.0553662 0.0497502 0.0228108 0.0318359 0.0569639 0.0210754 0.0454369 0.0428705 0.0524321 0.021035 0.0634792 0.0297276 0.0515554 0.0663549 0.0831264 0.045528 0.0333109 0.0281892 0.144034 
0.0499337 0.04719 0.0644008 0.0216032 0.0519015 0.0492599 0.0256042 0.0486805 0.0469682 0.057484 0.0218343 0.0730271 0.0357012 0.052288 0.0458385 0.0710494 0.0361903 0.0334836 0.028742 0.13882 
0.0442038 0.0400118 0.0782497 0.0217876 0.0869319 0.0425046 0.0332388 0.0501461 0.0481613 0.0596697 0.0234577 0.0762714 0.0463245 0.0520784 0.0334969 0.0569825 0.0308278 0.0340254 0.0287138 0.112917 
0.0397675 0.0342565 0.085931 0.0223794 0.134226 0.0366258 0.0434967 0.0493215 0.0462568 0.0583211 0.0260743 0.0714298 0.0613407 0.0500259 0.0259763 0.0451776 0.0276148 0.0346594 0.0276142 0.0795045 
0.0370068 0.030264 0.0855828 0.0225452 0.180119 0.0323287 0.0539046 0.0469259 0.0425537 0.0547386 0.0290187 0.061877 0.0777704 0.0467394 0.0216093 0.0375964 0.0260592 0.0351578 0.0258386 0.0523646 
0.0354301 0.027848 0.0806712 0.0223184 0.212786 0.0297257 0.062272 0.0443945 0.038894 0.0510832 0.031483 0.0528374 0.0923851 0.0435822 0.0192548 0.0335896 0.025707 0.0354931 0.0241599 0.0360874 
0.0477892 0.0657634 0.0297943 0.0389819 0.0149707 0.0911646 0.0192682 0.0372788 0.0247891 0.0339755 0.0202635 0.0334119 0.0326479 0.0473989 0.139442 0.0688575 0.137632 0.0358347 0.0386556 0.0420815 
0.0556813 0.0647947 0.0319832 0.0384024 0.016872 0.0835701 0.019515 0.039064 0.0272291 0.0369103 0.0209942 0.0392862 0.0324216 0.0496778 0.120125 0.0811889 0.113777 0.0351403 0.0355373 0.0578302 
0.0621179 0.0617042 0.0384039 0.0361247 0.0202518 0.0723428 0.0199543 0.0417789 0.0314938 0.0419467 0.0216464 0.0501535 0.0324247 0.0530525 0.0939253 0.0925127 0.0842081 0.034021 0.0319867 0.07995 
0.0623012 0.056148 0.051321 0.0324308 0.0261792 0.0602786 0.0211161 0.044973 0.0367672 0.0482385 0.0220041 0.0654825 0.033953 0.0569574 0.0678315 0.0945638 0.0580215 0.0332256 0.0293273 0.0988801 
0.0559547 0.0493273 0.0698977 0.028969 0.0368244 0.0503966 0.0240782 0.0477968 0.0411694 0.0537932 0.0223048 0.0807178 0.0386412 0.0601529 0.0485057 0.0847871 0.0417011 0.0333963 0.0280842 0.103502 
0.0474239 0.0427169 0.0894277 0.0268778 0.0552915 0.0430277 0.030164 0.0496116 0.0433481 0.0569784 0.0231439 0.0899356 0.0480793 0.0611666 0.0362066 0.0689727 0.0336155 0.0343189 0.0274601 0.0922336 
0.0405794 0.0371811 0.102898 0.0258596 0.083006 0.0373293 0.0401976 0.0500867 0.0429906 0.0570507 0.0250187 0.0892425 0.0634162 0.0588826 0.0283689 0.0541867 0.0298678 0.0353408 0.0265449 0.0719517 
0.0366338 0.0330623 0.105429 0.0250488 0.115559 0.032999 0.0532245 0.0493138 0.0407228 0.0545225 0.0278601 0.0798016 0.0836207 0.053679 0.023215 0.0440837 0.0283374 0.0360257 0.0251647 0.0516965 
0.0348547 0.0303092 0.0988393 0.0241089 0.144006 0.0300452 0.0664173 0.0479418 0.0378007 0.0510625 0.030962 0.0673957 0.104823 0.0476035 0.0198954 0.0386158 0.0281389 0.03637 0.0237374 0.037073 
0.0341294 0.0286136 0.0891154 0.0233286 0.162528 0.0282311 0.0771172 0.0467091 0.035254 0.0481047 0.033616 0.0571615 0.123267 0.0425752 0.0178573 0.0361001 0.0286093 0.0365636 0.022647 0.0284746 
0.0463555 0.0568156 0.0300742 0.0502102 0.0149906 0.0956533 0.0224805 0.0395486 0.0230916 0.032694 0.0223051 0.0312589 0.0379652 0.0407197 0.103593 0.0579698 0.167721 0.0381903 0.057452 0.0309123 
0.0553401 0.0573517 0.0316124 0.0523331 0.0165369 0.0891842 0.0226103 0.040708 0.0247229 0.034613 0.0227262 0.0357737 0.0378431 0.0440295 0.0938973 0.0706731 0.143467 0.0374096 0.0517342 0.037434 
0.0647578 0.0570743 0.0366811 0.0526686 0.0191565 0.0784627 0.0226726 0.0425416 0.0280577 0.0383736 0.0230767 0.04515 0.0375505 0.049541 0.0795048 0.0863308 0.110135 0.0359921 0.0440016 0.0482714 
0.068761 0.0548055 0.0486181 0.0493247 0.0231311 0.0651026 0.0229568 0.0448606 0.033123 0.0438154 0.0231595 0.0608908 0.0380562 0.0567359 0.0626412 0.0966833 0.0755241 0.0347429 0.0362219 0.0608455 
0.063623 0.0503223 0.0685275 0.0429829 0.0290493 0.0529015 0.0245491 0.0470627 0.0383471 0.0492739 0.0231659 0.0798839 0.0410447 0.0634766 0.0477853 0.0935458 0.0503947 0.0347987 0.0308138 0.0684518 
0.0529796 0.0448127 0.0922275 0.0366309 0.0381466 0.0439795 0.0291509 0.0486701 0.0416919 0.0529068 0.0237616 0.0950413 0.0482759 0.0672621 0.0371237 0.0791234 0.0373303 0.0361561 0.0279738 0.0667552 
0.0429458 0.0396681 0.111651 0.0320881 0.0516838 0.0378457 0.0384452 0.0496423 0.0422611 0.0539538 0.0256681 0.100352 0.0614389 0.0665395 0.0298483 0.0623871 0.0319725 0.0377418 0.0263242 0.0575427 
0.0365609 0.0355828 0.11944 0.029094 0.0691661 0.0334865 0.0530818 0.0501022 0.0404557 0.0526981 0.0292331 0.0945753 0.0813307 0.0612796 0.024633 0.0497862 0.0302829 0.0386491 0.0249354 0.0456268 
0.0336047 0.0326387 0.114207 0.0268576 0.0869747 0.0303754 0.0711495 0.0501857 0.0374555 0.0501956 0.0339988 0.0819021 0.105691 0.0533634 0.0207762 0.0426493 0.0303497 0.0387564 0.023732 0.0351372 
0.0326064 0.0306738 0.10158 0.0251611 0.100452 0.0282842 0.0884388 0.0500897 0.0345064 0.0476806 0.0388267 0.0687322 0.12942 0.045638 0.0180511 0.0394108 0.0312053 0.0384769 0.0229046 0.0278647 
0.0529794 0.0511722 0.0306525 0.0710004 0.0156236 0.089178 0.0261711 0.041538 0.0236978 0.0338016 0.0251938 0.032487 0.0408506 0.0369622 0.068215 0.057088 0.156363 0.0396803 0.0805561 0.0267916 
0.0631473 0.0522786 0.0339243 0.0759088 0.0175274 0.0811302 0.0261613 0.0428705 0.026756 0.036229 0.0252207 0.0388526 0.0405827 0.0423246 0.0614247 0.0716392 0.12643 0.0387238 0.0680302 0.0308381 
0.0706196 0.0523608 0.0427153 0.0757798 0.020435 0.0694803 0.02607 0.0446154 0.032339 0.0403492 0.0249625 0.0513711 0.0404852 0.0504399 0.0526814 0.0861526 0.0911231 0.0377763 0.05331 0.0369337 
0.06938 0.0503201 0.0600289 0.0677976 0.0243463 0.0568256 0.026667 0.0463584 0.0395724 0.0452065 0.0246097 0.0699627 0.0419012 0.0597176 0.0436443 0.0912687 0.0606655 0.0381153 0.0406308 0.0429817 
0.0594282 0.0463301 0.0842426 0.0551223 0.0293955 0.0463715 0.0297902 0.0477086 0.045539 0.0489777 0.0250593 0.0889365 0.0465884 0.0669138 0.0359924 0.0828877 0.0421949 0.0401895 0.0327542 0.0455784 
0.0471196 0.0417154 0.107693 0.0435136 0.0359846 0.0391149 0.0378347 0.0487375 0.0476816 0.0506061 0.0275154 0.100512 0.0562982 0.06928 0.0300682 0.0674179 0.0340894 0.04274 0.0286917 0.0433868 
0.0378234 0.0375975 0.121138 0.0355003 0.0442375 0.0342779 0.0527481 0.0497485 0.0456969 0.0502673 0.0328715 0.100674 0.0725311 0.0659618 0.025392 0.0534451 0.0316085 0.0441721 0.0264213 0.0378877 
0.0327599 0.0343764 0.11989 0.0304399 0.0530987 0.0309397 0.0741495 0.0508124 0.0411584 0.0487756 0.0409999 0.0911681 0.0948157 0.0582397 0.021558 0.0446742 0.0316876 0.0439476 0.0250039 0.0315057 
0.030709 0.0320785 0.107312 0.0272006 0.0603906 0.0286227 0.097678 0.0517503 0.036234 0.0470581 0.0502071 0.0777898 0.118946 0.0491259 0.0185339 0.0404794 0.0328302 0.0426591 0.0242705 0.0261262 
0.0301305 0.0306185 0.0916519 0.0252473 0.0646197 0.0271153 0.117365 0.0524119 0.0323874 0.0456857 0.05829 0.0660936 0.139627 0.0415268 0.0164184 0.0389366 0.0341231 0.0412182 0.0240491 0.0224863 
0.0498223 0.04771 0.0294181 0.0927312 0.0143286 0.082593 0.0296101 0.0414669 0.023671 0.0343794 0.0285794 0.0301291 0.0405216 0.0312129 0.049227 0.0452001 0.146139 0.0410576 0.1209 0.0213042 
0.0583848 0.0491936 0.0312423 0.103277 0.0154259 0.0779763 0.0295897 0.0425686 0.0267325 0.0357184 0.0283144 0.033496 0.0404853 0.0350579 0.0460347 0.0552601 0.123858 0.0408907 0.103913 0.0225821 
0.0666934 0.0503282 0.0364818 0.109633 0.0173483 0.0702844 0.0294459 0.0440495 0.0330946 0.0384748 0.0277269 0.0411205 0.0403029 0.0415345 0.0419916 0.0678814 0.0954893 0.0409003 0.0822055 0.025013 
0.0695341 0.0499557 0.0483735 0.104617 0.0201871 0.0601774 0.0295666 0.0455382 0.0432064 0.0423813 0.0269084 0.0550145 0.0407301 0.050401 0.0374877 0.0772626 0.0673418 0.0422519 0.0604944 0.0285699 
0.0634721 0.0474627 0.0683427 0.087061 0.0237962 0.0499196 0.0314031 0.0467081 0.0541278 0.0460716 0.0268952 0.0733399 0.0431835 0.059441 0.0330742 0.0766921 0.0469129 0.0457561 0.0444105 0.0319299 
0.051698 0.0435296 0.0918722 0.0650834 0.0279396 0.041668 0.0376263 0.0476754 0.0605574 0.0481522 0.0296475 0.0893141 0.0493442 0.0652405 0.0290373 0.0665987 0.0363096 0.050212 0.0353039 0.0331902 
0.0404546 0.039351 0.109577 0.0472869 0.0324289 0.0359358 0.0512319 0.0488473 0.0595 0.0484141 0.0371241 0.0962865 0.0608186 0.0654125 0.0253671 0.0540131 0.0325283 0.0531145 0.0306637 0.0316444 
0.0330793 0.0356748 0.113756 0.0359874 0.0368725 0.0320883 0.073434 0.0503549 0.0524004 0.0475787 0.0499489 0.0926495 0.0780969 0.0599564 0.022002 0.0446429 0.0321872 0.0529622 0.0281687 0.0281591 
0.0294258 0.0328309 0.104362 0.0295506 0.040438 0.0294632 0.100761 0.0518794 0.0433047 0.0464948 0.065919 0.0821654 0.0985243 0.0513337 0.0190774 0.0396514 0.0332966 0.0502914 0.026948 0.0242839 
0.0280241 0.0309434 0.0888524 0.02607 0.0424371 0.0277152 0.126003 0.0530302 0.0357564 0.045657 0.0807954 0.0707101 0.117096 0.0430159 0.0168654 0.0376299 0.0347057 0.0468488 0.0266034 0.0212436 
0.0529883 0.0479986 0.0292298 0.128857 0.0134225 0.0702351 0.0323703 0.0419767 0.0269789 0.0362882 0.0318876 0.0300838 0.0379107 0.0300494 0.0359176 0.0428845 0.105791 0.0418497 0.14463 0.0186542 
0.0597097 0.0494002 0.0319957 0.142499 0.0143986 0.0665377 0.0321825 0.0433861 0.0334942 0.0379593 0.0310173 0.0336097 0.0379736 0.0341412 0.0339107 0.0508303 0.0867151 0.0427167 0.117728 0.0197945 
0.0641532 0.04984 0.0386609 0.145314 0.0162397 0.0605675 0.0321273 0.0448012 0.0455534 0.0408561 0.0297785 0.0414413 0.0380587 0.0404014 0.0317369 0.0589367 0.0661276 0.0451366 0.0883411 0.0219271 
0.0624996 0.0484662 0.0516133 0.129826 0.0190712 0.0528515 0.0330936 0.0458049 0.0621423 0.0442578 0.0290138 0.0546751 0.0389448 0.0482553 0.0294965 0.0626197 0.0488476 0.0503341 0.0632786 0.0249078 
0.0542052 0.0452994 0.0703051 0.0998802 0.0226244 0.0450066 0.037292 0.0465421 0.0766497 0.0467854 0.0311376 0.0704811 0.0420307 0.055518 0.0271707 0.0589526 0.0380419 0.0576664 0.0469086 0.0275026 
0.0433863 0.0411902 0.0885297 0.0688244 0.0263158 0.0386176 0.0481367 0.047599 0.0809145 0.0476246 0.0396155 0.0825374 0.0489731 0.059173 0.0246976 0.0505311 0.0332734 0.0637991 0.0381089 0.0281523 
0.0345571 0.0370163 0.0976325 0.0463644 0.0295696 0.0340841 0.0683323 0.0492277 0.0729325 0.0471761 0.0568103 0.0860158 0.0608035 0.0574319 0.022089 0.0425054 0.0322527 0.0653045 0.0334563 0.0264377 
0.0292703 0.0334166 0.0937438 0.0334653 0.0319049 0.0309869 0.0961079 0.0510204 0.0581975 0.0463639 0.0808124 0.0811672 0.0762096 0.0511967 0.0195426 0.0375862 0.0330011 0.0617096 0.0309117 0.0233862 
0.026788 0.0308541 0.0814498 0.0270421 0.0330793 0.0289126 0.12414 0.0524008 0.0442767 0.0457927 0.104947 0.0724632 0.091209 0.0436125 0.0174321 0.0354295 0.0342441 0.0556455 0.0297683 0.0205126 
0.0258317 0.0294004 0.0686116 0.024123 0.0333303 0.0275802 0.145687 0.0531944 0.0349271 0.0455225 0.123346 0.064379 0.102541 0.0374611 0.0159817 0.0347165 0.0352806 0.050035 0.0294292 0.0186245 
0.0487125 0.0478548 0.0279274 0.147951 0.0119206 0.0614451 0.0342949 0.0414757 0.0270028 0.0371502 0.0351751 0.0284191 0.0344741 0.0273484 0.0304546 0.0357364 0.0833208 0.0418715 0.180886 0.0165811 
0.053211 0.0492292 0.0294595 0.166705 0.0122204 0.0604436 0.0339887 0.042847 0.0328108 0.0380649 0.0340505 0.0295394 0.0348793 0.0297139 0.0292555 0.0398078 0.0718516 0.0431003 0.151369 0.0174522 
0.0570664 0.0499999 0.0329437 0.177964 0.0131777 0.058 0.0337738 0.0443373 0.0446205 0.0401049 0.0325133 0.0329302 0.0351028 0.0334466 0.0280113 0.0446872 0.0589424 0.0458918 0.117399 0.0190881 
0.0577656 0.0493703 0.0400412 0.170963 0.0151721 0.053647 0.0341827 0.0453243 0.0639969 0.0430618 0.0310415 0.0402447 0.0352698 0.0386592 0.0267386 0.0483172 0.0470691 0.0518022 0.0855759 0.0217583 
0.0534248 0.0469878 0.051864 0.141867 0.0183267 0.0477618 0.0366669 0.0457284 0.0867515 0.045937 0.0317356 0.0517877 0.0361808 0.0447136 0.0253803 0.0481728 0.0384519 0.0613759 0.0619641 0.024921 
0.0451859 0.0432251 0.0662993 0.100971 0.0221659 0.0417164 0.0441537 0.0462973 0.101564 0.047522 0.0389485 0.0645435 0.0393727 0.0497446 0.0238245 0.0439987 0.0337897 0.0717606 0.0479151 0.0270021 
0.0365721 0.038788 0.0771825 0.0646397 0.025785 0.0367654 0.0601705 0.047685 0.0988899 0.0475458 0.0575738 0.0734081 0.0463836 0.051373 0.0219859 0.038582 0.0322539 0.077479 0.0403182 0.026621 
0.0302441 0.0344247 0.0787585 0.0411973 0.0284073 0.0331573 0.0852012 0.0495646 0.0809071 0.0468152 0.0880694 0.0752567 0.057126 0.048607 0.0199391 0.0347395 0.0324901 0.0752024 0.0358678 0.0240254 
0.0266712 0.0309603 0.0715805 0.0292861 0.0297483 0.0306461 0.11327 0.0511033 0.0591221 0.0462172 0.122524 0.0713574 0.0688003 0.0430714 0.0180214 0.03302 0.0333612 0.0671063 0.0332677 0.0208654 
0.0250227 0.0288343 0.0616635 0.0241709 0.0301098 0.0289797 0.136521 0.0519491 0.0428475 0.0460073 0.150638 0.0655416 0.0781183 0.037575 0.0165738 0.0324989 0.0341789 0.058206 0.0320128 0.018553 
0.0486428 0.0492662 0.0281709 0.181186 0.0108765 0.0545926 0.0350479 0.0424692 0.0315104 0.0382418 0.0364388 0.0278345 0.0320686 0.027446 0.0270553 0.0340909 0.058008 0.0427071 0.178137 0.0162096 
0.0513164 0.0501659 0.0301921 0.198263 0.0112418 0.0543021 0.0346584 0.0440451 0.0415372 0.0396061 0.0347155 0.0288542 0.0326084 0.0296573 0.0261867 0.0365408 0.0505754 0.0452627 0.142613 0.0176583 
0.0525373 0.0500198 0.0340579 0.200788 0.0124593 0.0525966 0.034665 0.0452245 0.0599127 0.0420311 0.0327902 0.0321344 0.0327696 0.032799 0.025285 0.0387639 0.0433744 0.0506779 0.107018 0.0200958 
0.0507031 0.0483548 0.0407523 0.179859 0.0149538 0.0490733 0.0359465 0.045538 0.0862855 0.0449823 0.0320319 0.0389039 0.03269 0.0368417 0.0243196 0.0393523 0.0376001 0.060478 0.077856 0.0234787 
0.0454066 0.0451898 0.0501795 0.137959 0.0187146 0.0442834 0.0405493 0.0455046 0.111575 0.0473068 0.0363404 0.0489284 0.033399 0.0411791 0.023233 0.0374778 0.0339305 0.0736519 0.0585293 0.0266625 
0.0383475 0.0409252 0.0594989 0.0909514 0.0229541 0.0395154 0.0518141 0.0462146 0.12067 0.0480936 0.0522054 0.0593809 0.0366317 0.0442953 0.0219282 0.0342153 0.0323243 0.0846934 0.0475816 0.0277602 
0.0319527 0.0361349 0.0640447 0.0548439 0.0265151 0.0356132 0.0720703 0.0478783 0.106735 0.0476074 0.0841785 0.0663137 0.0434331 0.0445011 0.0203353 0.0316498 0.0321502 0.0869538 0.0411594 0.02593 
0.0275582 0.0317578 0.0616895 0.0343544 0.0286497 0.03267 0.0980359 0.0495679 0.0795924 0.0468805 0.126808 0.0677927 0.0523984 0.0416004 0.0186212 0.0306733 0.0326011 0.0793936 0.0369107 0.0224447 
0.0251478 0.0287237 0.0553879 0.0252733 0.0294529 0.0305891 0.121753 0.050541 0.0550238 0.0465532 0.165986 0.0653607 0.0604293 0.037395 0.0171556 0.0306419 0.0331027 0.067792 0.0343314 0.019361 
0.0240072 0.0271463 0.049372 0.0218641 0.0295465 0.0291863 0.138891 0.050922 0.0397234 0.0465639 0.192713 0.061751 0.065861 0.0337401 0.0161181 0.0307628 0.0334603 0.057832 0.0329865 0.0175539 
