20 hexa 10 10 gaussian
#SNAPSHOT FILE
#iterations: 16000 (40000 total)
0.051844 0.073633 0.0321951 0.0340358 0.0196782 0.0733708 0.0175684 0.0355126 0.0366656 0.0398883 0.018139 0.0367912 0.022788 0.0508063 0.157673 0.0740835 0.0678778 0.0339339 0.0329851 0.0905303 
0.0519732 0.0703999 0.0347493 0.0325004 0.0247469 0.070443 0.0188063 0.0370523 0.0392019 0.041221 0.018828 0.0388703 0.0242094 0.050231 0.143484 0.0731095 0.0644233 0.0343974 0.0328684 0.0984854 
0.0516866 0.0663458 0.0382158 0.0307176 0.0328255 0.0667161 0.0206678 0.0388316 0.0420974 0.042824 0.0198187 0.0414642 0.0262772 0.0496295 0.126834 0.0714783 0.0602008 0.0349571 0.0326428 0.10577 
0.0508953 0.0615347 0.0426581 0.0287955 0.0449531 0.0621997 0.0233279 0.0407081 0.0450856 0.0446127 0.021212 0.0444485 0.0291746 0.0490758 0.108429 0.0690259 0.0553032 0.0356002 0.0322441 0.110716 
0.0495666 0.0561854 0.047932 0.0269078 0.0617801 0.0570615 0.0268883 0.0424711 0.0477805 0.0464264 0.0230838 0.0475451 0.0329845 0.048626 0.0894818 0.0656668 0.0499732 0.0363013 0.0316341 0.111704 
0.047764 0.0506725 0.053629 0.0252476 0.0830199 0.0516518 0.0312864 0.0438912 0.0497787 0.0480596 0.0254335 0.050363 0.0375949 0.0482944 0.0715384 0.0614888 0.0446039 0.0370213 0.030826 0.107836 
0.0456599 0.045442 0.0591595 0.0239587 0.107188 0.0464302 0.0362553 0.044803 0.0508166 0.0493328 0.0281521 0.0525292 0.0426793 0.0480477 0.0560416 0.0567887 0.0396454 0.0377142 0.0298905 0.0994651 
0.0434898 0.0408676 0.0639687 0.0230861 0.131975 0.0418127 0.0413948 0.0451708 0.0508815 0.0501611 0.0310468 0.0538385 0.0477978 0.0478252 0.0438419 0.0519967 0.0354546 0.0383417 0.0289297 0.0881192 
0.0414691 0.0371389 0.0677405 0.0225797 0.155068 0.0380382 0.0463174 0.0450875 0.0501886 0.0505702 0.0339167 0.0543188 0.0525635 0.0475736 0.0350056 0.0475241 0.0321874 0.0388865 0.0280339 0.0757916 
0.03973 0.0342534 0.0704558 0.0223404 0.174842 0.0351395 0.0507653 0.044716 0.0490566 0.0506581 0.036622 0.0541756 0.0567536 0.0472693 0.0290117 0.0436415 0.0298023 0.0393548 0.027253 0.0641595 
0.0522623 0.0698783 0.0343479 0.0396032 0.0211362 0.072543 0.0190985 0.0370566 0.0384624 0.0404137 0.0194286 0.0381628 0.0249809 0.0497052 0.140739 0.0714169 0.0710122 0.0353258 0.0367454 0.0876811 
0.0520806 0.0664262 0.0376746 0.0374665 0.0270525 0.0690051 0.020643 0.0387102 0.0413452 0.0419395 0.0202781 0.0409216 0.0268582 0.0493566 0.126241 0.0703952 0.0666212 0.0359136 0.0362342 0.0948375 
0.0513902 0.0622251 0.0420451 0.0349734 0.0361851 0.0646403 0.0229218 0.0405399 0.0444498 0.0437119 0.0215134 0.0442474 0.0295177 0.049055 0.109781 0.0686908 0.0614186 0.0365885 0.0354865 0.100619 
0.0501373 0.0574077 0.0474048 0.0322956 0.0493316 0.0595586 0.0260959 0.0423678 0.0474156 0.0456002 0.0232498 0.0479066 0.0330953 0.0488464 0.0922664 0.0661564 0.0556125 0.0373194 0.0344636 0.103469 
0.0483576 0.052261 0.0534238 0.0296824 0.0666769 0.0540557 0.0302055 0.0439684 0.0498087 0.0474042 0.0255502 0.0514938 0.0375657 0.048736 0.0750251 0.062761 0.0495889 0.0380608 0.0331905 0.102184 
0.0462009 0.0471827 0.0595175 0.027387 0.0874026 0.0485753 0.0350926 0.04514 0.0512733 0.0489119 0.0283688 0.0545363 0.0426812 0.0486786 0.0594952 0.0586665 0.0438451 0.038762 0.0317673 0.0965155 
0.0439029 0.0425636 0.0650329 0.0255782 0.109747 0.0435761 0.0404131 0.0457823 0.0516821 0.0499808 0.0315411 0.0566716 0.0480246 0.0485995 0.0467459 0.0542155 0.0388345 0.039382 0.0303386 0.087388 
0.0417051 0.0386616 0.0694958 0.0242941 0.131593 0.0393767 0.0457545 0.0459288 0.0511749 0.050584 0.0348405 0.0577827 0.0531602 0.0484326 0.0371526 0.0498171 0.0348179 0.0399047 0.0290367 0.0764875 
0.0397772 0.0355502 0.0727479 0.0234651 0.151173 0.0360839 0.0507772 0.0457128 0.0500615 0.0507937 0.0380649 0.0580003 0.05778 0.048149 0.0304359 0.045807 0.0318201 0.0403409 0.0279375 0.0655226 
0.038188 0.03316 0.0749101 0.0229748 0.167442 0.0336284 0.0552892 0.0452979 0.0486768 0.050729 0.0410928 0.0575997 0.0617535 0.0477602 0.0259646 0.0423745 0.0296996 0.0407182 0.0270544 0.0556867 
0.052406 0.0685114 0.0339148 0.0491714 0.0183877 0.0743645 0.0198238 0.0372598 0.0379616 0.0396616 0.0203246 0.0372306 0.0259866 0.0485364 0.134214 0.0687177 0.0781117 0.036472 0.0423611 0.0765836 
0.0523283 0.0656589 0.0370504 0.0467143 0.0225945 0.0710461 0.0211031 0.0387449 0.0407909 0.0410832 0.021058 0.0400634 0.0277011 0.048461 0.122051 0.0682436 0.0736289 0.0371047 0.0415205 0.0830533 
0.0517519 0.0621096 0.0412653 0.0436356 0.0292345 0.0668811 0.0230457 0.0404611 0.0439475 0.0427933 0.0221557 0.0436215 0.0301461 0.0484507 0.107923 0.0672544 0.0682 0.037836 0.040346 0.0889414 
0.0505995 0.0579204 0.0465956 0.0400755 0.0390968 0.0619251 0.0258555 0.0422729 0.0471074 0.0446985 0.0237688 0.0477425 0.0334971 0.0485429 0.0924258 0.065571 0.0619888 0.038628 0.0387904 0.0928979 
0.0488743 0.053285 0.0528124 0.0363158 0.0526306 0.0564107 0.0296627 0.0439788 0.0498309 0.0466207 0.0260244 0.0520506 0.0378051 0.048731 0.0765928 0.06307 0.0553529 0.0394242 0.0368864 0.093641 
0.0466956 0.0485273 0.0593806 0.0327203 0.0695442 0.0507468 0.034425 0.0453633 0.051692 0.0483346 0.0289538 0.056016 0.0429094 0.0489523 0.0617198 0.0597763 0.048816 0.0401607 0.0347684 0.0904979 
0.0442894 0.0440205 0.0655889 0.029617 0.0886572 0.0454146 0.0398843 0.0462748 0.0524513 0.0496483 0.0324441 0.0591289 0.0484389 0.0491091 0.0489687 0.0559073 0.0429236 0.040786 0.0326427 0.0838048 
0.0419182 0.0400655 0.0708124 0.0271897 0.108222 0.0408056 0.0456361 0.0466829 0.0521535 0.0504745 0.0362623 0.0610952 0.053933 0.0491126 0.0389741 0.0518176 0.0380582 0.041281 0.0307108 0.0747955 
0.0397905 0.0368076 0.0747271 0.025449 0.126533 0.0371084 0.0512739 0.0466743 0.051076 0.0508441 0.0401443 0.0619182 0.0590053 0.0489214 0.0317267 0.0478706 0.0343405 0.0416625 0.0290984 0.0650289 
0.0380117 0.0342389 0.0773443 0.0242859 0.142395 0.034309 0.0565071 0.0463968 0.049582 0.0508643 0.0438833 0.0618299 0.0634387 0.0485478 0.0267673 0.0443292 0.0316672 0.0419703 0.027836 0.0557959 
0.0523942 0.064108 0.0362792 0.0587207 0.0191993 0.0726685 0.0220041 0.0389322 0.0404711 0.0402773 0.0221366 0.0388629 0.028694 0.0468597 0.114294 0.0650287 0.0807184 0.0384701 0.0487805 0.0711009 
0.0519368 0.0612112 0.040231 0.0551174 0.0238621 0.0687728 0.0236579 0.0404835 0.0436256 0.0418836 0.0231172 0.0425055 0.0309313 0.0471424 0.102694 0.06467 0.0752094 0.0392789 0.0471484 0.0765215 
0.0509095 0.0577014 0.045377 0.0506618 0.0309716 0.0640381 0.026134 0.0422053 0.0469092 0.0437456 0.024615 0.0469217 0.0340476 0.0475575 0.0896306 0.063796 0.0687503 0.0401652 0.0449848 0.0808783 
0.0492791 0.0536822 0.0516061 0.0456268 0.0410726 0.0586255 0.0296389 0.0439349 0.0498959 0.045721 0.02682 0.0518098 0.0381615 0.0480902 0.0758066 0.0622253 0.0616429 0.0410597 0.0423151 0.0829863 
0.0471239 0.0493871 0.0584773 0.0404634 0.0542253 0.0528869 0.0342469 0.0454658 0.0521126 0.0475927 0.0298526 0.0566395 0.0432032 0.0486604 0.0622655 0.0598629 0.054401 0.0418783 0.0393014 0.0819537 
0.0446464 0.0451399 0.0652754 0.0356808 0.0697574 0.0473013 0.0398094 0.0466142 0.053216 0.049135 0.033678 0.0607902 0.0488686 0.04914 0.0501225 0.0567825 0.04764 0.0425476 0.0362235 0.0776315 
0.0421195 0.0412558 0.0712517 0.0316728 0.0863617 0.0423201 0.0459638 0.0472903 0.0531412 0.0502004 0.0380847 0.0637816 0.0546961 0.0494054 0.0401789 0.0532364 0.0418731 0.0430335 0.0333843 0.0707494 
0.0397901 0.037939 0.0759017 0.028604 0.102542 0.0382205 0.0522573 0.0475241 0.0521104 0.0507655 0.0427567 0.0654411 0.0602313 0.0493897 0.032684 0.0495679 0.0373488 0.043354 0.0309986 0.0625738 
0.037807 0.035248 0.079091 0.026423 0.117092 0.0350596 0.0582978 0.0474322 0.0505006 0.0509098 0.0473889 0.0659049 0.0651646 0.0490998 0.0273932 0.046088 0.0340353 0.0435638 0.0291414 0.0543594 
0.0362097 0.0331315 0.0809857 0.024958 0.129317 0.0327321 0.0638349 0.0471572 0.0486851 0.0507609 0.051767 0.0654901 0.0693666 0.0485953 0.0238134 0.0429989 0.0317249 0.0437265 0.0277732 0.0469725 
0.0522691 0.0619583 0.0353421 0.0733016 0.0166449 0.0736855 0.0232478 0.0392319 0.0403795 0.0395488 0.0234445 0.0373584 0.0297017 0.0445965 0.103592 0.0609361 0.0871639 0.0398975 0.0579983 0.0597018 
0.0519222 0.0596697 0.0389181 0.0693493 0.019813 0.0701365 0.0246587 0.0405873 0.0434827 0.0410172 0.0243302 0.0409154 0.0317235 0.0451287 0.0944828 0.0610725 0.0817714 0.0407944 0.0559575 0.0642696 
0.0510366 0.056837 0.0437052 0.0641286 0.0247476 0.0657374 0.0268326 0.0421613 0.0468248 0.0427782 0.0257168 0.0454094 0.0345818 0.0458384 0.0840189 0.0608919 0.075304 0.0417993 0.0532013 0.0684489 
0.0495425 0.0534851 0.0497153 0.0578436 0.0319752 0.0605714 0.0300369 0.0438381 0.0500092 0.0447341 0.0278509 0.0506486 0.0384537 0.0467111 0.0725904 0.0601945 0.0679797 0.0428353 0.049724 0.0712604 
0.0474684 0.0497509 0.056642 0.0509741 0.0417488 0.0549094 0.0344577 0.0454397 0.0525396 0.0466964 0.0309479 0.0561666 0.0433626 0.0476571 0.0609261 0.0588 0.0602518 0.0437953 0.0456875 0.0717783 
0.0449754 0.0458839 0.063831 0.044193 0.0537812 0.0491937 0.0400755 0.0467723 0.0539808 0.0484281 0.0350785 0.0612949 0.0490915 0.0485196 0.0499659 0.0566429 0.052757 0.0445722 0.0414355 0.0695272 
0.0423299 0.0421815 0.0704594 0.0381542 0.0671876 0.0439131 0.0466054 0.0476988 0.0541477 0.0497302 0.0400893 0.0653865 0.0552043 0.0491293 0.0405562 0.0538392 0.0461244 0.0451008 0.0373978 0.0647645 
0.0398112 0.0388887 0.0758471 0.0332716 0.0807554 0.0394338 0.0535753 0.0481892 0.0531813 0.0505166 0.0456365 0.0680608 0.061193 0.0493767 0.0331518 0.0506607 0.0407569 0.0453848 0.0339292 0.0583793 
0.0376171 0.0361292 0.0796803 0.0296372 0.0933691 0.0359024 0.0604944 0.0483159 0.0514539 0.0508244 0.0513133 0.0693009 0.0666509 0.0492484 0.0277366 0.0474277 0.0367376 0.0454894 0.0311988 0.0514727 
0.0358265 0.0339069 0.0820192 0.0271005 0.104298 0.0332667 0.0669891 0.048204 0.0493917 0.0507676 0.0567783 0.0693672 0.0713583 0.0488096 0.0239746 0.0444024 0.0338999 0.0455047 0.0291922 0.0449428 
0.0517186 0.0577305 0.0373832 0.0856851 0.0168343 0.0708227 0.0258971 0.0407294 0.0434723 0.0402338 0.0256805 0.0389684 0.0323809 0.0425613 0.0842525 0.0567952 0.0871311 0.0422219 0.0664413 0.0530599 
0.0509762 0.055518 0.0416514 0.080003 0.0201474 0.0668667 0.027798 0.0421188 0.0468092 0.0418464 0.0269601 0.0433047 0.0349493 0.0434857 0.0762656 0.0571289 0.0809291 0.0433509 0.0632267 0.0566643 
0.0496504 0.0528225 0.0472024 0.0727228 0.0251279 0.0621021 0.0306992 0.0436806 0.0501263 0.0437108 0.0289924 0.0486064 0.0385182 0.0446324 0.0673218 0.0571529 0.0737219 0.0445556 0.0590452 0.0596085 
0.0477173 0.0496916 0.0538893 0.0642572 0.0321 0.0566993 0.0348866 0.0452786 0.0529286 0.0456837 0.0320834 0.05453 0.0432029 0.0459182 0.0578357 0.0566498 0.0658511 0.0457123 0.0540118 0.0610729 
0.0452799 0.0462844 0.0611869 0.0553635 0.0410335 0.0510245 0.040482 0.0467314 0.0547092 0.0475423 0.0364292 0.060442 0.0488921 0.0471711 0.0484873 0.0554456 0.0579017 0.0466754 0.0484887 0.0604297 
0.0425743 0.0428507 0.0682731 0.0469533 0.0513999 0.0455639 0.0473172 0.0478721 0.0551552 0.0490547 0.0419791 0.0655855 0.0552091 0.0481765 0.0400408 0.0535093 0.050567 0.0473299 0.0430256 0.0575629 
0.0398975 0.0396501 0.0743228 0.0397777 0.0622845 0.0407605 0.0549392 0.048614 0.0542965 0.0500726 0.0484017 0.0693658 0.0616146 0.0487654 0.033065 0.0509954 0.0444057 0.0476425 0.0381639 0.0529648 
0.0374976 0.0368645 0.0788205 0.0341951 0.0727181 0.0368648 0.0627691 0.0489761 0.0524726 0.0505768 0.0552 0.0715603 0.0676027 0.0488813 0.0277503 0.0481853 0.0396587 0.0476722 0.0342385 0.0474957 
0.0355039 0.0345599 0.0816771 0.0301661 0.0819886 0.0339031 0.0702955 0.049054 0.0501547 0.0506528 0.0618884 0.0723143 0.0728465 0.04858 0.0239422 0.0453728 0.036249 0.0475333 0.0313162 0.0420015 
0.0339309 0.0327117 0.0831226 0.0274155 0.0897516 0.0317482 0.0771767 0.0489674 0.0477641 0.0504337 0.0681119 0.0719874 0.0772219 0.0479796 0.0213121 0.0427757 0.0339146 0.0473428 0.029271 0.0370611 
0.0513707 0.0556873 0.0357494 0.102962 0.0146873 0.070781 0.027201 0.0408646 0.0435237 0.0395669 0.0270303 0.0368622 0.0328072 0.0397179 0.0733183 0.0522991 0.0907119 0.0434116 0.0778917 0.0435556 
0.0507573 0.0539961 0.0393909 0.0972505 0.0168573 0.0673339 0.0288565 0.0420542 0.046789 0.0410019 0.0282103 0.0408328 0.0350573 0.0407443 0.0674434 0.052939 0.0850032 0.0446434 0.074454 0.0463851 
0.0496136 0.0518901 0.0442839 0.0894521 0.0201883 0.0630967 0.0314496 0.0434576 0.0501686 0.042716 0.0301089 0.0459004 0.0382617 0.0420483 0.0607726 0.0534651 0.0782424 0.0460135 0.0698207 0.0490502 
0.04787 0.0493456 0.0504399 0.0798097 0.0249977 0.0581339 0.0353447 0.0449868 0.0531952 0.0446181 0.0331041 0.0518817 0.0426176 0.0435717 0.0534656 0.0536715 0.0706275 0.0473966 0.0640118 0.0509107 
0.0455627 0.0464305 0.0575157 0.0690245 0.0314012 0.0526998 0.0408049 0.0464916 0.0553187 0.0465238 0.0375228 0.0582635 0.0481344 0.0451523 0.045924 0.0533287 0.0626161 0.048616 0.0573296 0.0513396 
0.0428726 0.0433219 0.0647826 0.0581707 0.0391427 0.0472266 0.0478158 0.0477973 0.0561025 0.0481954 0.0434585 0.0642726 0.0545326 0.0465485 0.0387332 0.0522806 0.0548782 0.049497 0.0503809 0.04999 
0.0400895 0.0402644 0.0713387 0.0483625 0.0475858 0.0421976 0.0559971 0.0487708 0.0554336 0.0494329 0.0506506 0.0691377 0.0612803 0.047527 0.0324649 0.0505389 0.0480847 0.0499415 0.0439006 0.047001 
0.0375039 0.0374819 0.0764697 0.0403549 0.0559313 0.0379695 0.0647108 0.0493722 0.0535773 0.0501529 0.0585458 0.0723943 0.0677806 0.0479633 0.0274568 0.0482946 0.0426569 0.0499734 0.0384652 0.0429448 
0.0353045 0.0351055 0.0798919 0.0343627 0.0635137 0.0346725 0.0732967 0.0496558 0.0510281 0.0503978 0.0665082 0.0740083 0.0735807 0.0478778 0.0237337 0.0458312 0.0386607 0.0497163 0.0343116 0.0385423 
0.0335488 0.0331628 0.0817328 0.0301716 0.0699696 0.0322394 0.0812596 0.0497259 0.0482898 0.0502854 0.0740162 0.0742704 0.0784598 0.0473922 0.0210974 0.0434117 0.0358926 0.0493272 0.0313656 0.0343815 
0.0504357 0.0525119 0.0371432 0.114526 0.0145628 0.0671592 0.0298584 0.0419584 0.0466982 0.0402816 0.0293465 0.0382784 0.0348947 0.0379272 0.0586982 0.0487896 0.0872311 0.045563 0.0860384 0.0380978 
0.049467 0.050893 0.0412639 0.1068 0.0167501 0.0635107 0.0321421 0.0431806 0.0500614 0.0418099 0.0310891 0.0428695 0.037689 0.0392547 0.0538807 0.0495839 0.0811445 0.0470585 0.0812935 0.0402586 
0.047939 0.0488707 0.0466624 0.0966451 0.0199912 0.0591207 0.0356847 0.0445898 0.0532478 0.0435738 0.0339013 0.0485638 0.0416184 0.0408713 0.0484907 0.0502565 0.0741309 0.048654 0.0750894 0.0420989 
0.0458246 0.0464348 0.0531961 0.0845526 0.024464 0.054117 0.0408735 0.0460795 0.055702 0.0454422 0.0382234 0.055031 0.0468125 0.0426525 0.0426966 0.050581 0.0664733 0.0501628 0.0675878 0.0430927 
0.0432319 0.0436785 0.0603147 0.0715735 0.0301005 0.0488266 0.0478724 0.0474906 0.0568872 0.0472007 0.0443202 0.0615923 0.053127 0.0443634 0.0368667 0.0503283 0.0587214 0.0513574 0.059339 0.0428079 
0.0404121 0.0408008 0.0671437 0.0590904 0.0365041 0.0437156 0.0564385 0.0486621 0.0565257 0.0486216 0.0520695 0.0673896 0.0600924 0.045725 0.0314793 0.0493758 0.0515686 0.0520564 0.0512022 0.0411272 
0.0376777 0.0380426 0.072816 0.0483244 0.0430528 0.0392226 0.065931 0.0494971 0.0547542 0.0495587 0.0609255 0.0717243 0.0670526 0.046532 0.0269341 0.0477865 0.0455915 0.0522109 0.0440293 0.0383365 
0.0352789 0.0355948 0.0768249 0.0399142 0.0491455 0.0355983 0.0755496 0.0499965 0.052049 0.0499974 0.0701179 0.0743209 0.073416 0.0467374 0.0234032 0.045783 0.0410392 0.0519217 0.0383333 0.0349789 
0.0333307 0.0335469 0.0791376 0.0338558 0.054405 0.0328658 0.0846146 0.0502368 0.0489882 0.050027 0.0789338 0.0753335 0.0788335 0.0464398 0.0208251 0.0436403 0.0378224 0.0513752 0.0341896 0.0315987 
0.0318274 0.0318976 0.0800561 0.0297463 0.0587235 0.0308949 0.0927027 0.0503212 0.0460401 0.0497798 0.0868877 0.075159 0.083208 0.0458068 0.0190088 0.0415835 0.0356598 0.050756 0.0313721 0.0285691 
0.0500752 0.0512321 0.0350963 0.130562 0.0129842 0.0664736 0.0307087 0.0418403 0.0465092 0.0396955 0.0302882 0.0358957 0.0345205 0.0353142 0.0509148 0.045049 0.0877304 0.0460889 0.097148 0.0318739 
0.0492592 0.049989 0.0384309 0.123456 0.0144137 0.0633979 0.0326927 0.042878 0.0497688 0.0410294 0.0318689 0.0398644 0.0368892 0.0365509 0.0474633 0.0459146 0.0823942 0.0476423 0.0926296 0.0334677 
0.0479475 0.0483993 0.0429548 0.113525 0.0165752 0.0596347 0.0358383 0.0441336 0.0530285 0.0426135 0.0344337 0.0450028 0.0403234 0.0381167 0.0435814 0.0468125 0.0761827 0.0493897 0.0864652 0.0350418 
0.0460653 0.0463975 0.0487012 0.100952 0.0196539 0.0551959 0.0406221 0.0455483 0.0557673 0.0443721 0.0384998 0.0511787 0.0450547 0.0399398 0.0392812 0.0475604 0.0692058 0.0511635 0.0786363 0.0362042 
0.0436436 0.0439964 0.0553447 0.086555 0.0236945 0.0502743 0.0473855 0.0469981 0.0573914 0.0461369 0.0444992 0.057899 0.051093 0.041829 0.0347365 0.0479194 0.0618284 0.0527107 0.0695161 0.0365485 
0.0408675 0.0413264 0.0621516 0.0717627 0.0284912 0.0452553 0.0560831 0.0483192 0.0574633 0.0476826 0.0525086 0.0643466 0.0580957 0.0434995 0.0302788 0.0476774 0.0546568 0.0537699 0.0599441 0.0358198 
0.0380396 0.0386141 0.0681995 0.0581935 0.0335959 0.0406058 0.066159 0.04937 0.0559399 0.0488162 0.0620798 0.0696592 0.0654099 0.0446785 0.0262856 0.0467627 0.0483441 0.0541886 0.0509903 0.0340682 
0.0354595 0.0360947 0.0727715 0.0470323 0.0384876 0.0366886 0.0767159 0.0500908 0.0532134 0.0494589 0.0723628 0.073293 0.0723188 0.0452293 0.0230195 0.0452925 0.0433207 0.0539989 0.0435152 0.0316363 
0.0333116 0.0339242 0.0756218 0.038682 0.042782 0.0336447 0.0868698 0.0505156 0.0499043 0.0496566 0.0824447 0.0751884 0.07831 0.0451921 0.0205434 0.0435088 0.0396626 0.0533854 0.0378726 0.0289796 
0.0316368 0.0321526 0.0769391 0.0328808 0.0463279 0.0314129 0.0960114 0.0507336 0.0465884 0.0495271 0.0916399 0.0756565 0.0831778 0.0447246 0.0187597 0.0416638 0.0371681 0.0525818 0.0339433 0.0264741 
0.0490363 0.049261 0.0359775 0.138364 0.0128416 0.0628977 0.0330791 0.0425838 0.0493125 0.0403816 0.0324303 0.0371506 0.0359878 0.0341563 0.0420292 0.0427228 0.0822965 0.047816 0.103128 0.028548 
0.0479222 0.0480111 0.0396265 0.129283 0.0142871 0.0597322 0.035813 0.0436721 0.0525413 0.0417733 0.0347195 0.0415816 0.0389031 0.0355637 0.0392286 0.0436566 0.0769157 0.0496253 0.0973864 0.0297581 
0.0462838 0.0463814 0.0444602 0.117085 0.0164003 0.0559104 0.0400911 0.0449662 0.0554767 0.0433742 0.0384131 0.0471742 0.0430714 0.0372835 0.0360809 0.0445973 0.0707846 0.0515842 0.0897422 0.0308397 
0.0440869 0.0443211 0.0503698 0.102212 0.0192802 0.0514936 0.0464009 0.0463876 0.0575232 0.0450713 0.044074 0.0536596 0.048648 0.0391902 0.0326216 0.0453436 0.0640726 0.0534535 0.0803255 0.0314652 
0.0414351 0.0418829 0.056842 0.0858728 0.0228576 0.0467407 0.0549261 0.0477959 0.0581215 0.0466709 0.0520036 0.0603825 0.0554651 0.0410381 0.0290333 0.0456568 0.0572154 0.0549225 0.0697917 0.0313452 
0.038585 0.0392472 0.0630257 0.0698505 0.0268435 0.0420768 0.065295 0.0490279 0.0570242 0.0479594 0.061951 0.0664459 0.0629595 0.0425279 0.0256124 0.0453621 0.0508319 0.0557294 0.0592698 0.0303748 
0.0358596 0.0366663 0.0680673 0.0558573 0.0308127 0.0379365 0.0766074 0.0499672 0.054463 0.0487993 0.0730856 0.0710754 0.0703434 0.0434367 0.022648 0.0444506 0.0454784 0.0557933 0.0499424 0.0287098 
0.033512 0.0343589 0.0714866 0.0448769 0.0343864 0.034587 0.0877906 0.0505913 0.0510372 0.0491801 0.0843232 0.07394 0.076929 0.0437161 0.0202971 0.0430862 0.041416 0.0552475 0.0425523 0.0266858 
0.0316476 0.0324381 0.0732937 0.0369922 0.0373684 0.0320684 0.0980012 0.0509597 0.0474156 0.0491922 0.0947426 0.075184 0.0823511 0.0434802 0.0185545 0.0415119 0.038575 0.0543487 0.0372253 0.0246499 
0.0302443 0.0309147 0.0738303 0.031693 0.0397564 0.0302614 0.106788 0.0511666 0.0440957 0.0489629 0.103794 0.0752212 0.0865625 0.0429146 0.0173123 0.0399431 0.0366912 0.0533519 0.0336549 0.0228414 
