20 hexa 10 10 gaussian
#SNAPSHOT FILE
#iterations: 12000 (40000 total)
0.0510477 0.0689207 0.0348112 0.0357684 0.0234166 0.0691275 0.0187725 0.0366352 0.0389018 0.0410982 0.0185359 0.0397297 0.0234412 0.0502478 0.141369 0.0729821 0.0631854 0.034268 0.0353977 0.102343 
0.0512677 0.0660731 0.0377733 0.0346058 0.0295757 0.0664207 0.0202671 0.0378359 0.040742 0.0421345 0.019424 0.0418423 0.0253594 0.050469 0.13025 0.0721217 0.0605341 0.0346633 0.0352125 0.103428 
0.0511776 0.0626855 0.0415795 0.0332421 0.0384897 0.0630992 0.0223884 0.0391884 0.0427294 0.0433094 0.0206727 0.0443282 0.0279544 0.0507254 0.117362 0.0707001 0.0572308 0.0351756 0.0348429 0.103119 
0.0506619 0.0587795 0.0462509 0.0317227 0.0507662 0.0591646 0.0252781 0.0406137 0.0446895 0.0445599 0.0223745 0.0470937 0.0313316 0.0510031 0.10303 0.068603 0.053324 0.0357966 0.0342397 0.100718 
0.0496535 0.0544661 0.0516335 0.0301286 0.0666186 0.0547295 0.0289972 0.0419907 0.0464062 0.0457908 0.0245773 0.0499384 0.0354889 0.0512513 0.0879015 0.0657647 0.0489671 0.0365017 0.0333838 0.0958111 
0.0481725 0.0499665 0.0573625 0.0285687 0.0855581 0.0500423 0.0334593 0.0431799 0.0476735 0.0468926 0.0272441 0.0525785 0.0402619 0.0513897 0.0729341 0.062231 0.0444307 0.03725 0.0323076 0.0884971 
0.0463395 0.0455779 0.0629302 0.0271546 0.106315 0.0454472 0.0384097 0.044066 0.0483639 0.0477753 0.0302379 0.0547282 0.0453314 0.0513392 0.0591952 0.058196 0.0400576 0.0379911 0.0310974 0.0794464 
0.0443451 0.0415872 0.0678458 0.0259696 0.127149 0.0412827 0.0434867 0.0445972 0.0484737 0.0484001 0.0333547 0.0562041 0.0503152 0.0510597 0.0475444 0.053969 0.0361672 0.0386792 0.0298675 0.0697026 
0.0423852 0.0381803 0.0717956 0.0250475 0.146397 0.0377756 0.0483359 0.0447973 0.0481133 0.0487882 0.0363906 0.056984 0.0548938 0.0505678 0.038386 0.0498753 0.032962 0.0392885 0.0287201 0.0603165 
0.0406037 0.0354095 0.0747048 0.024375 0.162919 0.0349996 0.0527089 0.044744 0.0474518 0.0490016 0.0392004 0.0571869 0.0588919 0.0499245 0.0316462 0.04616 0.0304952 0.039818 0.0277184 0.0520409 
0.0511724 0.0657373 0.0368661 0.0413351 0.0251106 0.068208 0.0204842 0.0379118 0.0406505 0.0415685 0.0199661 0.0409299 0.025628 0.0493995 0.127689 0.0700156 0.065648 0.0357419 0.0393647 0.096573 
0.0511694 0.062744 0.0404335 0.0396329 0.0319775 0.0650797 0.0223665 0.0392025 0.0426808 0.0427121 0.0211186 0.0434633 0.0279907 0.0497567 0.116276 0.0689746 0.0623118 0.0362851 0.0388121 0.0970117 
0.0507776 0.0592515 0.0449052 0.0376158 0.0416471 0.0613221 0.0249912 0.0406181 0.0447573 0.043966 0.0227256 0.0463811 0.0311181 0.0501583 0.103368 0.0673671 0.0582944 0.0369336 0.0379652 0.0958372 
0.0499078 0.0553226 0.0502074 0.0353678 0.0545052 0.0570001 0.0284761 0.0420575 0.0466599 0.045246 0.0248768 0.0495238 0.0350654 0.0505662 0.0894307 0.0651067 0.0537181 0.0376609 0.0367965 0.0925048 
0.0485439 0.0511181 0.0560547 0.0330291 0.0704282 0.0523089 0.032817 0.0433856 0.048154 0.0464422 0.0275897 0.0526203 0.0397421 0.050903 0.0752423 0.0621788 0.0488284 0.0384238 0.0353375 0.0868523 
0.0467698 0.0468896 0.0619691 0.0307746 0.0885965 0.0475631 0.0378366 0.0444679 0.0490609 0.047448 0.0307741 0.0553465 0.0448871 0.0510741 0.0617789 0.058691 0.0439713 0.0391696 0.0336887 0.0792431 
0.0447562 0.0429172 0.067409 0.0287679 0.107609 0.0431172 0.0432038 0.0452155 0.0493225 0.0481969 0.0342388 0.0574319 0.0501241 0.051007 0.0499528 0.0548762 0.0395098 0.0398499 0.0319974 0.070498 
0.0427062 0.0394216 0.0719486 0.0271151 0.1259 0.0392541 0.0485319 0.0456117 0.0490168 0.0486848 0.0377497 0.0587555 0.0550825 0.0506845 0.0403349 0.0510285 0.0357166 0.0404363 0.030409 0.0616123 
0.0407905 0.0365064 0.0753928 0.0258449 0.142211 0.0361129 0.0534958 0.0457074 0.0483135 0.0489618 0.0411044 0.0593651 0.0595073 0.0501467 0.03304 0.0474097 0.0327102 0.0409281 0.0290221 0.0534297 
0.0391111 0.0341621 0.0777756 0.0249229 0.155827 0.0336899 0.0579014 0.0455911 0.0474042 0.049103 0.0441777 0.0594249 0.0632974 0.049468 0.0278159 0.0441864 0.030465 0.0413462 0.027876 0.0464545 
0.0509955 0.064898 0.0359561 0.0500408 0.0215184 0.069816 0.0210228 0.0381069 0.0406832 0.0410117 0.0207449 0.0398156 0.0261309 0.0478961 0.122631 0.0671919 0.0711694 0.0370273 0.0448774 0.0884659 
0.0510453 0.0622986 0.03925 0.048033 0.0266721 0.0668942 0.0227007 0.0393087 0.0427175 0.0421076 0.0218237 0.0423416 0.0282772 0.0483528 0.112798 0.0664903 0.0678318 0.0376202 0.044129 0.0893083 
0.0507516 0.0592345 0.0434561 0.0455167 0.0340675 0.0633396 0.0250853 0.0406748 0.0448694 0.0433411 0.0233504 0.0453412 0.0311566 0.0488758 0.101509 0.0653364 0.0637393 0.0383165 0.043005 0.0890334 
0.050009 0.055729 0.0485749 0.0425614 0.0441574 0.0591769 0.0283406 0.0421293 0.0469224 0.0446425 0.025452 0.0487043 0.0348719 0.0494406 0.0890688 0.0636379 0.0589843 0.039087 0.0414663 0.0870437 
0.0487695 0.0518865 0.05441 0.0393239 0.0570617 0.0545472 0.0325394 0.0435518 0.0486226 0.0459091 0.0282024 0.0521946 0.0394035 0.049979 0.0760604 0.06134 0.0537805 0.0398851 0.0395378 0.0829953 
0.0470775 0.0479045 0.060544 0.0360372 0.0723451 0.0497223 0.0375909 0.0448022 0.0497456 0.0470254 0.0315703 0.055477 0.0445598 0.0503889 0.0633129 0.0584751 0.0484636 0.0406529 0.0373316 0.0769737 
0.045075 0.0440387 0.0664232 0.0329593 0.0889852 0.0450533 0.0432196 0.0457625 0.0501741 0.0479005 0.0353969 0.0582131 0.0499948 0.0505709 0.0517134 0.0551923 0.0434277 0.0413359 0.0350322 0.0695316 
0.0429607 0.0405268 0.071532 0.0303007 0.105633 0.0408659 0.0490301 0.0463751 0.0499407 0.0485009 0.0394337 0.0601781 0.0553077 0.0504709 0.0419414 0.051731 0.039013 0.0419009 0.0328406 0.0615171 
0.0409257 0.0375174 0.0755516 0.028169 0.121032 0.037364 0.05463 0.0466553 0.0492027 0.0488569 0.0434219 0.0613267 0.0601696 0.0500997 0.0342854 0.0483442 0.0354128 0.0423464 0.0309104 0.0537785 
0.039102 0.0350478 0.0784125 0.0265642 0.134336 0.0346003 0.0597335 0.0466723 0.048172 0.0490394 0.0471648 0.0617704 0.0643994 0.0495198 0.0286493 0.0452253 0.0326542 0.0426977 0.0293147 0.0469246 
0.0508209 0.0613687 0.0380002 0.0585159 0.0224253 0.0684526 0.0233411 0.0394956 0.0428528 0.0415041 0.0227412 0.0409597 0.0287439 0.0464883 0.106927 0.0632979 0.0735524 0.0391187 0.0508955 0.080498 
0.0505938 0.0587345 0.0418722 0.0555558 0.027913 0.0651335 0.0255095 0.0407791 0.0450357 0.0426956 0.0242001 0.0439576 0.0313744 0.0471175 0.0973669 0.062545 0.0694475 0.0398831 0.0494958 0.0807898 
0.0499598 0.0556753 0.0466978 0.0519046 0.0355716 0.0611824 0.028541 0.0422033 0.0471982 0.0439904 0.0262507 0.047441 0.0348346 0.0478239 0.0866407 0.0613674 0.0645858 0.0407204 0.0475648 0.0798464 
0.0488449 0.0522447 0.0523725 0.0477108 0.0456565 0.056687 0.0325783 0.0436714 0.0490776 0.045299 0.029022 0.0512255 0.0391708 0.048552 0.075142 0.0596881 0.0591424 0.0415796 0.0451126 0.0772226 
0.0472543 0.0485825 0.0585643 0.0432467 0.0580214 0.0518662 0.0376224 0.0450498 0.0504112 0.0465061 0.032551 0.0549953 0.0442681 0.0492015 0.0635171 0.0574821 0.0534271 0.0423956 0.0422531 0.0727847 
0.045293 0.0449052 0.0647476 0.0388652 0.072002 0.0470484 0.0434742 0.0462031 0.0510213 0.0475029 0.0367321 0.0583714 0.0498317 0.0496539 0.0525586 0.0548173 0.0478476 0.0431042 0.0392048 0.0668156 
0.0431447 0.0414495 0.0703502 0.0349076 0.0865285 0.0425846 0.0497578 0.0470375 0.0508829 0.0482254 0.0413238 0.0610339 0.0554548 0.0498189 0.042983 0.0518612 0.0428038 0.0436628 0.0362349 0.0599544 
0.0410116 0.0383987 0.0749375 0.0316051 0.10045 0.0387396 0.0560289 0.0475275 0.0501253 0.0486769 0.0460199 0.0628279 0.0607462 0.0496706 0.0352181 0.0488342 0.0385718 0.0440651 0.0335738 0.0529718 
0.0390534 0.0358372 0.0783223 0.0290346 0.11287 0.0356301 0.0619061 0.0477135 0.0489714 0.0489158 0.0505442 0.063786 0.0654401 0.0492501 0.0293268 0.045938 0.0352471 0.0443401 0.0313532 0.04652 
0.037358 0.0337571 0.0805508 0.0271434 0.123305 0.0332359 0.0671499 0.0476762 0.0476525 0.0490242 0.0547128 0.0640719 0.0694298 0.0486369 0.0250915 0.0433059 0.0327705 0.0445359 0.0295999 0.0409924 
0.0505267 0.0600325 0.0366881 0.0708652 0.0190971 0.0696611 0.0242055 0.0397325 0.0430793 0.0409092 0.0237951 0.0393549 0.0293055 0.0442172 0.0989942 0.0595519 0.0791222 0.0406753 0.0590121 0.0711748 
0.050332 0.0578117 0.0401644 0.0675892 0.0230469 0.066611 0.0261777 0.040908 0.0452432 0.0420405 0.0251952 0.0422605 0.0316844 0.0449233 0.0911569 0.0591299 0.0750914 0.0415243 0.0573858 0.071724 
0.0497824 0.0552008 0.0445912 0.0633455 0.0286713 0.0629267 0.0289874 0.0422627 0.0474677 0.0433015 0.0271872 0.0457474 0.0348659 0.0457391 0.0822369 0.0584051 0.0702295 0.04245 0.0550967 0.071505 
0.0487847 0.0522099 0.0499521 0.0582435 0.0362773 0.058645 0.032838 0.0437273 0.0494918 0.0446205 0.0299507 0.0496949 0.0389542 0.046626 0.0724591 0.0572954 0.064665 0.0433978 0.052128 0.0700392 
0.047308 0.0489221 0.0560168 0.0525591 0.0459101 0.0539239 0.0378225 0.0451859 0.0510252 0.0458917 0.0335958 0.0538349 0.0439142 0.0474941 0.0622746 0.0557378 0.0586639 0.0442948 0.0485782 0.0670467 
0.0454163 0.0455033 0.0623265 0.0467186 0.0572037 0.04905 0.0438371 0.0464991 0.0518328 0.0469973 0.0380897 0.0577823 0.049521 0.0482163 0.0523276 0.0537307 0.0526233 0.0450637 0.0446848 0.0625761 
0.0432666 0.0421717 0.0682941 0.0412033 0.0693812 0.0443783 0.0505553 0.0475448 0.0518212 0.0478467 0.043225 0.061144 0.055388 0.0486709 0.0433011 0.0513631 0.046986 0.0456466 0.0407813 0.0570313 
0.0410618 0.0391308 0.0733905 0.0364104 0.0814652 0.0402244 0.0575054 0.0482568 0.0510744 0.0484104 0.0486667 0.0636507 0.0610794 0.0487911 0.0357072 0.0488016 0.042112 0.0460266 0.037195 0.0510399 
0.0389848 0.0365095 0.0773046 0.0325498 0.0925836 0.0367743 0.0642143 0.0486397 0.049811 0.0487249 0.0540587 0.0652316 0.0662449 0.0485854 0.0297537 0.0462346 0.0381831 0.0462315 0.0341479 0.0452322 
0.0371533 0.0343432 0.0799842 0.0296324 0.102184 0.0340628 0.0703295 0.0487528 0.0482935 0.048868 0.0591213 0.0659921 0.0706945 0.0481215 0.0253554 0.0438144 0.0351946 0.0463191 0.0317198 0.0400641 
0.05001 0.056582 0.0383863 0.0811335 0.0193114 0.0676939 0.0269801 0.0410297 0.045468 0.0413898 0.0262352 0.0403344 0.0319982 0.0424152 0.0834083 0.0553268 0.0802787 0.0430989 0.0663865 0.0625335 
0.0495168 0.0543971 0.0423291 0.0765009 0.0233138 0.0643255 0.0295655 0.0422835 0.0476991 0.0425932 0.0281557 0.043703 0.0348801 0.0432938 0.0762445 0.0549642 0.0755437 0.0441264 0.0638384 0.0627259 
0.0486221 0.0518473 0.0472361 0.0706714 0.0288594 0.0603355 0.0331958 0.0436995 0.0498232 0.0438904 0.0308712 0.0476621 0.0386693 0.044289 0.068245 0.0543383 0.070013 0.0451856 0.0604419 0.0621043 
0.047265 0.0489634 0.0529852 0.0638767 0.0361006 0.0558167 0.0380515 0.0451873 0.0515368 0.045193 0.0345637 0.0520134 0.0434085 0.0453295 0.059679 0.0533698 0.0638911 0.0461968 0.056257 0.0603151 
0.045467 0.0458556 0.0592161 0.0565675 0.0448939 0.0509963 0.0441367 0.0466164 0.0525549 0.0463853 0.0392882 0.0564049 0.0489571 0.0462923 0.0510155 0.0520063 0.0575347 0.0470686 0.0515113 0.0572315 
0.0433489 0.0427067 0.0653743 0.0493439 0.0547315 0.0462082 0.051207 0.0478486 0.0527108 0.0473575 0.0449016 0.0604047 0.0549771 0.0470354 0.0428408 0.0502626 0.0513995 0.0477223 0.0465858 0.0530331 
0.0411024 0.0397237 0.070872 0.0427926 0.0648429 0.041801 0.0587973 0.0487816 0.0520241 0.0480468 0.0510697 0.0636399 0.0610134 0.0474507 0.0356884 0.0482368 0.0459189 0.0481209 0.0419126 0.0481646 
0.0389265 0.0370718 0.0752794 0.037316 0.0744372 0.0380291 0.0663574 0.0493787 0.0506882 0.0484592 0.0573673 0.0659185 0.066638 0.047505 0.0298758 0.0460829 0.0413736 0.0482833 0.0378368 0.0431755 
0.0369684 0.0348325 0.0784284 0.0330532 0.0829367 0.0349952 0.0734127 0.04967 0.0489863 0.048658 0.063408 0.0672572 0.0715674 0.0472417 0.0254496 0.0439554 0.037838 0.0482731 0.034531 0.0385376 
0.0353006 0.0330065 0.0803873 0.0299212 0.0900697 0.0326669 0.0796617 0.0497285 0.0471922 0.0487291 0.0689303 0.0678197 0.0756933 0.0467469 0.0222486 0.041966 0.0352199 0.0481705 0.0319999 0.0345413 
0.0496785 0.0551988 0.0366216 0.0954129 0.0165304 0.068347 0.0278028 0.0411154 0.0456884 0.0407596 0.0272173 0.0383061 0.0322423 0.0397744 0.0748713 0.0514289 0.0846495 0.0444654 0.0759997 0.0538898 
0.0492153 0.0533954 0.0400299 0.0906706 0.0193001 0.0653246 0.0301599 0.0422463 0.0478652 0.0418871 0.029051 0.0414468 0.0348118 0.0406625 0.0692851 0.0513262 0.0801611 0.0455941 0.0733462 0.0542208 
0.0484048 0.0512604 0.0443776 0.0844165 0.0232226 0.0616889 0.0335326 0.0435754 0.0500334 0.0431338 0.0316723 0.045265 0.0382586 0.0417027 0.0629643 0.0510731 0.0748295 0.0467744 0.0696886 0.0541259 
0.0471653 0.0487822 0.0496435 0.0767906 0.0284932 0.0574692 0.0381766 0.0450423 0.0518933 0.0444323 0.0353265 0.0496452 0.042695 0.0428478 0.0560321 0.0505922 0.0687847 0.0479245 0.0650277 0.0532363 
0.0454789 0.046015 0.0555862 0.0681987 0.0351158 0.0528199 0.0442092 0.0465364 0.0531258 0.0456802 0.0401631 0.0543033 0.0480732 0.0439929 0.0487833 0.0498041 0.0623123 0.0489402 0.0595428 0.0513189 
0.0434236 0.0430943 0.0617305 0.0592985 0.0428052 0.0480274 0.0514976 0.0479175 0.0534919 0.0467603 0.0461316 0.0588149 0.0541311 0.044991 0.0416676 0.0486648 0.0558416 0.0497194 0.0536214 0.0483699 
0.0411675 0.0402119 0.0674779 0.050851 0.0510017 0.043447 0.0596267 0.0490557 0.0529305 0.0475809 0.0529381 0.0627328 0.0604274 0.0457009 0.0351775 0.0472007 0.04985 0.0501964 0.0477828 0.0446428 
0.0389156 0.0375559 0.0723019 0.043494 0.0590338 0.0393914 0.0679998 0.0498734 0.0515852 0.0481124 0.0601137 0.0657391 0.0664741 0.0460428 0.0296917 0.0455122 0.0447165 0.0503685 0.042516 0.0405622 
0.0368425 0.0352526 0.0759094 0.0375705 0.0663364 0.0360393 0.0760219 0.0503636 0.0497405 0.0483927 0.0671654 0.0677342 0.0718882 0.0460221 0.0253702 0.0437366 0.0406181 0.0502955 0.0381322 0.0365682 
0.0350509 0.0333449 0.0782729 0.0331066 0.0725905 0.033417 0.0832549 0.0505777 0.0477106 0.0485013 0.0737107 0.0688162 0.0764727 0.0457101 0.0221598 0.041998 0.0375269 0.0500719 0.034719 0.0329873 
0.0489311 0.0523375 0.0378256 0.104972 0.0163934 0.0659197 0.0306782 0.0421458 0.0479586 0.041205 0.0297904 0.0391478 0.0346285 0.0380442 0.0620677 0.04778 0.0838216 0.0467291 0.083044 0.0465796 
0.0481848 0.0505694 0.0415589 0.0986664 0.0191006 0.0626721 0.0337603 0.0433592 0.0501068 0.0423791 0.0322741 0.0426942 0.0377049 0.0390651 0.0572054 0.0477813 0.0788264 0.0480216 0.0793408 0.0467292 
0.0470545 0.0484723 0.0462201 0.0906198 0.0228348 0.0588253 0.0381083 0.0447595 0.0520632 0.0436405 0.0358004 0.0469231 0.0417686 0.0402375 0.0517733 0.0476621 0.0730504 0.0493164 0.0744452 0.046425 
0.0454901 0.0460514 0.0516895 0.0811245 0.0276834 0.0544569 0.043946 0.0462645 0.053495 0.0449077 0.0406085 0.0516423 0.0468634 0.0414845 0.0459209 0.0473392 0.0666863 0.0505036 0.0684531 0.0453896 
0.0435251 0.0433888 0.0576073 0.0708036 0.0335267 0.0497827 0.051273 0.0477457 0.0541037 0.0460695 0.0467613 0.0564827 0.052825 0.0426725 0.0399494 0.0467329 0.0600945 0.0514594 0.0617022 0.0434942 
0.0412922 0.0406435 0.0634196 0.0605242 0.0399983 0.0451323 0.0597721 0.0490595 0.0537388 0.0470157 0.0540486 0.06097 0.0592647 0.0436438 0.0342635 0.0458078 0.0537506 0.0520835 0.0547495 0.0408223 
0.03899 0.0380091 0.0685444 0.0511595 0.0465659 0.0408542 0.0688477 0.0500914 0.0524688 0.0476812 0.0620005 0.0646787 0.0656655 0.0442752 0.0292484 0.0446006 0.0481101 0.052338 0.0482186 0.0376523 
0.0368149 0.0356495 0.0725687 0.0433212 0.0527099 0.0372029 0.0778043 0.0507929 0.0505517 0.0480695 0.0700329 0.0673742 0.0715506 0.0445243 0.0251452 0.0432111 0.0434638 0.0522642 0.0425961 0.0343522 
0.0349022 0.0336536 0.0753489 0.0372313 0.058082 0.0342783 0.0860544 0.0511849 0.0483282 0.0482427 0.0776299 0.0690541 0.0766166 0.0444321 0.0220019 0.0417598 0.0398785 0.0519612 0.0381091 0.0312504 
0.0333078 0.0320327 0.0769767 0.0327778 0.0625585 0.0320447 0.0932387 0.0513358 0.0461065 0.0482866 0.0844557 0.0698816 0.0807632 0.0440875 0.0197148 0.0403458 0.0372426 0.0515453 0.0347404 0.0285575 
0.0487077 0.0513454 0.0358259 0.118536 0.0143478 0.0661617 0.0310633 0.0419925 0.0479985 0.0405622 0.0303267 0.0369629 0.0343312 0.0356124 0.0552208 0.0445567 0.0864437 0.0474685 0.0923515 0.0401851 
0.0480077 0.0498846 0.0389446 0.112549 0.0161854 0.0632996 0.0338365 0.0430728 0.0500611 0.0416507 0.0326407 0.0401468 0.0370299 0.0365618 0.0515342 0.044706 0.0818628 0.048844 0.0888269 0.0403548 
0.0469742 0.0481251 0.0429417 0.104544 0.0187798 0.0598635 0.0378185 0.0443697 0.0520506 0.0428494 0.0359607 0.0440743 0.0406732 0.0376899 0.0473703 0.044822 0.0764992 0.0502657 0.0839726 0.0403556 
0.0455348 0.0460349 0.0478036 0.0946541 0.0222532 0.0558592 0.0433213 0.045833 0.0536435 0.0441006 0.0405998 0.0486525 0.0453849 0.0389523 0.0427733 0.044834 0.0704469 0.0516268 0.0777844 0.0399072 
0.0436817 0.0436438 0.0533026 0.0833726 0.0265957 0.0514199 0.0504827 0.0473583 0.0545039 0.0453097 0.0467401 0.0536046 0.051109 0.0402439 0.0379127 0.0446521 0.0639648 0.052791 0.070497 0.0388144 
0.0415045 0.0410659 0.0589798 0.0715619 0.0315999 0.0468175 0.059125 0.0488036 0.0543971 0.0463626 0.0542935 0.0584867 0.0575467 0.0414116 0.0330819 0.0441991 0.0574745 0.0536239 0.0626316 0.0370328 
0.039181 0.0384804 0.0642542 0.0602656 0.0368778 0.042403 0.0687157 0.0500293 0.0532958 0.0471656 0.0628459 0.0628084 0.0641968 0.0423032 0.0286254 0.0434511 0.0514631 0.0540427 0.054896 0.0346991 
0.0369195 0.0360751 0.0686197 0.0503864 0.0419801 0.0384919 0.0785022 0.0509445 0.0514 0.047684 0.07176 0.0662025 0.0705102 0.0428271 0.0248236 0.0424561 0.0463248 0.0540514 0.0479585 0.0320826 
0.0348877 0.0339839 0.0718063 0.0424276 0.0465511 0.0352667 0.0877515 0.0515316 0.0490524 0.0479512 0.0803869 0.0685353 0.0760683 0.0429801 0.0218075 0.0413119 0.0422433 0.0537378 0.0422387 0.0294804 
0.0331734 0.0322599 0.0738094 0.0364465 0.0504187 0.0327552 0.0959455 0.0518363 0.0466069 0.0480436 0.0882471 0.0698931 0.0806718 0.0428298 0.0195543 0.0401234 0.0391855 0.0532324 0.0378444 0.027123 
0.0479046 0.0492853 0.0366459 0.125309 0.0141755 0.0636336 0.0337593 0.0427491 0.0499436 0.0409645 0.0327762 0.0377822 0.0362785 0.0343261 0.0463787 0.042009 0.083975 0.0492321 0.0976437 0.0352283 
0.0469541 0.0478114 0.0399821 0.117773 0.0159589 0.060604 0.0373339 0.0439182 0.0518972 0.0420844 0.0358361 0.0413077 0.0394827 0.0353571 0.0432141 0.0422522 0.0790917 0.0507405 0.0930913 0.0353094 
0.0456363 0.0460211 0.0441689 0.108026 0.018413 0.0570079 0.0423883 0.0452947 0.0535927 0.0432903 0.0401881 0.0455771 0.0437386 0.0365593 0.0396611 0.0424733 0.0734926 0.0522494 0.0870362 0.0351848 
0.0439102 0.0439008 0.0491042 0.0963682 0.0215903 0.0528956 0.0491858 0.0468061 0.0546836 0.0445104 0.0461222 0.0504236 0.0490948 0.0378637 0.0357888 0.0425916 0.0673223 0.0536223 0.0795801 0.0346357 
0.0418194 0.0415136 0.0544562 0.0835347 0.025402 0.0484587 0.0577128 0.0483277 0.0548702 0.0456402 0.0536959 0.0554848 0.0553684 0.0391417 0.0317817 0.0425132 0.0609046 0.0547015 0.0711346 0.0335382 
0.0395076 0.039007 0.0597045 0.0706166 0.0295924 0.0440131 0.0675638 0.0497106 0.0540229 0.0465706 0.0626094 0.060266 0.062124 0.0402345 0.027913 0.0421689 0.0547006 0.0553569 0.0624062 0.0319118 
0.0371806 0.0365739 0.0642985 0.0587595 0.0338002 0.0399061 0.0779964 0.0508287 0.0522536 0.047231 0.0722334 0.0642988 0.0687832 0.0410108 0.0244615 0.0415508 0.0491711 0.0555399 0.0542031 0.0299189 
0.0350337 0.0343856 0.0678524 0.0487972 0.037685 0.0363981 0.088162 0.0516207 0.0498736 0.0476186 0.0818114 0.0673055 0.07482 0.0414169 0.0216136 0.0407178 0.0446198 0.0553048 0.0471638 0.0277995 
0.0331914 0.0325416 0.0702436 0.0410563 0.0410373 0.0335961 0.0973697 0.0520997 0.0472649 0.0477891 0.0907034 0.0692569 0.0799135 0.0414835 0.0194196 0.0397646 0.0411212 0.0547811 0.0415867 0.02578 
0.0316935 0.0310608 0.0715754 0.0354159 0.0438089 0.0314679 0.105225 0.0523307 0.0447543 0.0478245 0.0985236 0.0703092 0.0839762 0.0412931 0.0178173 0.0387809 0.038564 0.0541183 0.0374475 0.024013 
