20 hexa 10 10 gaussian
#SNAPSHOT FILE
#iterations: 10000 (40000 total)
0.0508327 0.0661076 0.0360453 0.0372359 0.0257814 0.0682335 0.0194789 0.0366869 0.0397462 0.0417935 0.0194318 0.0413525 0.0247985 0.0503384 0.13361 0.071971 0.061276 0.0348288 0.0361365 0.104315 
0.0507481 0.0636481 0.0392361 0.0364166 0.0324008 0.0656135 0.0211083 0.0375443 0.0411007 0.0427009 0.0204752 0.0435053 0.0270333 0.0510099 0.124112 0.0714894 0.0589708 0.0352222 0.0359162 0.101749 
0.0503904 0.0607665 0.0432326 0.0353741 0.0416151 0.0623907 0.0233499 0.0385252 0.0425293 0.0436947 0.0218747 0.0459772 0.029927 0.0517499 0.113081 0.0705024 0.0560547 0.0357187 0.0355046 0.0977411 
0.0496805 0.057433 0.0480088 0.0341166 0.0538516 0.0585706 0.0263147 0.0395935 0.0439167 0.044723 0.0237063 0.0486721 0.0335423 0.052487 0.10066 0.068849 0.052553 0.0363203 0.0348639 0.092137 
0.0485778 0.0536974 0.0533761 0.0326887 0.0691462 0.0542699 0.0300306 0.0406791 0.0451262 0.0457151 0.0259977 0.051404 0.0378361 0.0531148 0.0872977 0.0664234 0.0485953 0.0370147 0.0339855 0.0850237 
0.0471101 0.0497177 0.0589716 0.0311733 0.0869294 0.0497303 0.0343928 0.0416914 0.0460305 0.0465956 0.0286951 0.0539221 0.0426232 0.0535145 0.0737626 0.0632406 0.0444225 0.0377707 0.0329068 0.0767997 
0.0453812 0.0457378 0.0643319 0.0296783 0.106021 0.0452761 0.0391576 0.0425454 0.0465518 0.0473069 0.0316585 0.0559816 0.0475972 0.0535947 0.0609901 0.0594722 0.0403447 0.0385413 0.0317097 0.0681222 
0.0435452 0.0420152 0.0690347 0.0283074 0.124922 0.041222 0.0440027 0.0431904 0.0466863 0.0478302 0.0346968 0.057429 0.0524171 0.0533255 0.049806 0.0554123 0.0366577 0.0392758 0.0304974 0.0597269 
0.0417575 0.0387383 0.0728251 0.0271326 0.142255 0.0377827 0.0486247 0.0436214 0.0465 0.0481893 0.0376275 0.0582476 0.0568122 0.052747 0.0406874 0.0513838 0.0335613 0.0399357 0.0293601 0.0522108 
0.0401324 0.0359884 0.0756567 0.0261823 0.157097 0.0350359 0.0528154 0.0438712 0.046098 0.0484363 0.040324 0.0585408 0.0606437 0.051947 0.0336997 0.0476452 0.0311264 0.0405044 0.0283532 0.0459033 
0.0507328 0.0631851 0.0378654 0.0426949 0.0275483 0.0671513 0.0212931 0.0377925 0.0415908 0.0422632 0.0209621 0.0425449 0.0270057 0.0493893 0.120777 0.0690553 0.0634076 0.0363135 0.0401502 0.0982774 
0.0504432 0.060614 0.0415428 0.0413923 0.034793 0.0641485 0.023337 0.0387248 0.0430683 0.0432614 0.0223132 0.0450257 0.0296699 0.0501738 0.111016 0.068394 0.0605382 0.0368421 0.0396169 0.0950855 
0.0498292 0.0576394 0.0460387 0.0397383 0.0446205 0.060538 0.02609 0.0397699 0.044543 0.0443249 0.0241109 0.0478131 0.0330481 0.0510065 0.0999176 0.0671957 0.0570161 0.0374669 0.0387899 0.0905036 
0.0488334 0.0542692 0.0512463 0.0377764 0.0572561 0.0563849 0.0296325 0.0408741 0.0458687 0.045386 0.0264234 0.0507584 0.0371535 0.0517978 0.0877674 0.0653346 0.052934 0.0381747 0.0376492 0.08448 
0.0474545 0.0506013 0.0568801 0.0356091 0.072461 0.0518758 0.0339301 0.0419542 0.0468961 0.0463636 0.0292451 0.0536255 0.041868 0.0524283 0.0751464 0.0627638 0.0485025 0.038936 0.0362281 0.077231 
0.0457662 0.0468267 0.0625064 0.0333886 0.0894238 0.0473045 0.0387999 0.0429183 0.0475156 0.0471841 0.0324709 0.056142 0.0469333 0.0527821 0.0628636 0.0595655 0.0440293 0.0397062 0.0346209 0.0692524 
0.0439065 0.043183 0.0676595 0.0312814 0.106894 0.0429992 0.0439392 0.0436958 0.0476937 0.0478063 0.0359114 0.0580869 0.0520079 0.0527876 0.0517438 0.0559542 0.0398468 0.0404355 0.0329621 0.0612054 
0.0420365 0.0398784 0.0719851 0.029423 0.123537 0.0392262 0.0490117 0.0442581 0.0474818 0.0482355 0.0393477 0.0593633 0.056771 0.0524427 0.0423792 0.0522159 0.0362187 0.0410839 0.031384 0.0537204 
0.0402919 0.0370338 0.0753283 0.0278867 0.138299 0.0361264 0.0537431 0.04462 0.0469895 0.048517 0.0425957 0.0600144 0.0610105 0.0518091 0.034994 0.0486193 0.0332803 0.0416328 0.0299798 0.0472293 
0.0387553 0.0346752 0.077724 0.0266835 0.15059 0.0337114 0.0579727 0.0448243 0.0463433 0.0487119 0.0455445 0.0601809 0.0646503 0.0509832 0.0294777 0.0453517 0.0310371 0.0420853 0.0287901 0.0419081 
0.0506781 0.0624167 0.0365678 0.0506872 0.0235584 0.0685125 0.0217167 0.0381184 0.0421254 0.041764 0.0216226 0.0413994 0.027169 0.0474779 0.115597 0.0660792 0.0682431 0.0375526 0.0455231 0.093191 
0.0504316 0.060131 0.0398967 0.0491609 0.0291164 0.0657257 0.0235899 0.0389932 0.043628 0.0427481 0.0229412 0.043848 0.0296115 0.0482798 0.107108 0.0656817 0.0654368 0.0381306 0.0448766 0.0906646 
0.0498913 0.0574948 0.0440463 0.0471195 0.0367929 0.0623403 0.0261484 0.039998 0.0451716 0.043828 0.0247111 0.0466722 0.0327453 0.0491706 0.0973979 0.0648731 0.0619226 0.0387986 0.0438585 0.0870191 
0.0489892 0.0544883 0.0489842 0.0445932 0.0469104 0.0583773 0.0295156 0.0410964 0.0466057 0.044943 0.0270386 0.0497654 0.0366296 0.0500818 0.0866217 0.063527 0.0577554 0.0395413 0.0424349 0.082101 
0.0476996 0.0511596 0.054512 0.0416912 0.0594713 0.053967 0.0337243 0.0422184 0.0477628 0.0460116 0.0299699 0.0529231 0.0412126 0.0509056 0.0751818 0.0615584 0.0531082 0.040328 0.040628 0.075967 
0.0460655 0.0476444 0.0602572 0.038603 0.0739997 0.0493577 0.0386628 0.043273 0.0485008 0.0469479 0.0334494 0.0558688 0.046297 0.0515161 0.063725 0.0589751 0.0482711 0.0411137 0.0385369 0.0689351 
0.044202 0.0441465 0.0657495 0.0355646 0.089549 0.0448692 0.0440696 0.0441754 0.0487493 0.0476885 0.0373082 0.0583305 0.0515655 0.0518085 0.0530079 0.0559065 0.0435975 0.0418475 0.0363257 0.0615386 
0.0422666 0.0408757 0.0705606 0.0327959 0.104933 0.0408037 0.049596 0.0448738 0.0485338 0.0482142 0.0413051 0.0601305 0.0566676 0.0517368 0.0436767 0.0525794 0.0394094 0.0424874 0.034177 0.054377 
0.0404108 0.037984 0.0744275 0.030445 0.119067 0.0373618 0.0549078 0.0453612 0.0479605 0.0485547 0.0451973 0.0612359 0.0613229 0.0513263 0.0360876 0.0492468 0.0359136 0.0430123 0.0322372 0.0479404 
0.0387422 0.0355353 0.0772901 0.0285656 0.131222 0.0346122 0.0597672 0.0456674 0.0471721 0.0487701 0.0488044 0.0617413 0.0653821 0.0506555 0.0302684 0.0461165 0.0331727 0.0434255 0.0305853 0.0425047 
0.0503739 0.0593479 0.0382936 0.0586884 0.0244762 0.0670853 0.0240583 0.039304 0.0441969 0.0421606 0.0237126 0.0424372 0.0297029 0.0460897 0.101433 0.0624334 0.0706072 0.0395223 0.0513115 0.0847655 
0.0498856 0.0570289 0.0420437 0.0563159 0.0303047 0.063935 0.0264371 0.0402551 0.045783 0.0432334 0.0254579 0.0452364 0.0325847 0.0470017 0.0931245 0.0619454 0.0671373 0.0402515 0.0501231 0.0819155 
0.0490617 0.0543757 0.0466132 0.0532509 0.0381554 0.0601969 0.029627 0.0413267 0.0473084 0.0443794 0.0277884 0.0484005 0.036218 0.0479856 0.0838139 0.0610489 0.0629378 0.0410511 0.0484248 0.078036 
0.0478579 0.0513977 0.0518916 0.0495909 0.0481819 0.0559478 0.0337223 0.0424651 0.0485936 0.0455221 0.0308033 0.0517683 0.0406115 0.0489536 0.0737481 0.059642 0.0581376 0.0418877 0.0462203 0.0730574 
0.046288 0.0481793 0.057589 0.0455454 0.060178 0.051381 0.038688 0.0435873 0.0494665 0.0465701 0.0345071 0.0550822 0.0456374 0.0497839 0.0634003 0.0576793 0.0529944 0.0427131 0.0436018 0.0671282 
0.0444392 0.0448811 0.0632695 0.0414127 0.073503 0.0467881 0.0443234 0.0446012 0.0498155 0.0474406 0.0387734 0.0580427 0.0510236 0.0503521 0.0534091 0.0552118 0.0478636 0.0434725 0.0407537 0.0606234 
0.0424569 0.0416996 0.068466 0.0375115 0.0871916 0.0424867 0.0502915 0.0454349 0.049629 0.0480871 0.0433588 0.0604006 0.0564137 0.0505727 0.0444102 0.0523928 0.0431129 0.0441185 0.0379103 0.0540551 
0.0405014 0.038806 0.0728203 0.0340942 0.100222 0.0387294 0.0562114 0.0460572 0.0489967 0.0485154 0.0479703 0.0620363 0.0614721 0.0504285 0.0368485 0.0494365 0.0390231 0.0446259 0.0352864 0.0479186 
0.038703 0.0362994 0.0761682 0.0312932 0.111793 0.0356454 0.0617645 0.0464801 0.048071 0.0487757 0.0523489 0.0629787 0.0659717 0.0499688 0.0308814 0.046551 0.0357269 0.0449973 0.0330204 0.0425613 
0.0371371 0.0342019 0.0785312 0.0291218 0.121461 0.033241 0.0667537 0.0467437 0.047014 0.0489364 0.0563243 0.0633635 0.0698228 0.0492831 0.0264095 0.0438881 0.0332155 0.0452572 0.0311614 0.0381331 
0.0502893 0.0583185 0.0367493 0.0697496 0.0207652 0.068195 0.0246728 0.0396202 0.044755 0.0415148 0.0245615 0.0408197 0.0298881 0.0436727 0.0942711 0.0587879 0.0758313 0.0409269 0.0587937 0.0778176 
0.0498346 0.056295 0.0400645 0.0671551 0.0250657 0.0652849 0.026882 0.0405074 0.0463487 0.0425546 0.0262805 0.0435292 0.0325114 0.0445718 0.0873206 0.0585483 0.0724484 0.0417292 0.0574863 0.0755821 
0.0490737 0.0539777 0.044188 0.063647 0.0309705 0.0617988 0.0298886 0.0415339 0.0479382 0.0437026 0.0285951 0.0466791 0.0358667 0.0455809 0.0794865 0.0580225 0.0682821 0.0426035 0.0555597 0.0726053 
0.0479499 0.0513487 0.0490881 0.0592908 0.0387076 0.0577656 0.0338403 0.0426646 0.0493395 0.0448929 0.0316535 0.0501583 0.0400156 0.0466366 0.0708933 0.0571096 0.0634132 0.0435139 0.0529921 0.0687261 
0.0464513 0.0484478 0.0545686 0.054288 0.0482618 0.0533202 0.0387803 0.0438296 0.050357 0.0460356 0.0355275 0.0537481 0.0449016 0.0476333 0.0618512 0.055733 0.0580529 0.0444077 0.0498543 0.0639507 
0.044635 0.0453892 0.0602607 0.0489772 0.0592614 0.0487089 0.044585 0.0449371 0.0508368 0.047035 0.040153 0.0571487 0.0503148 0.048442 0.0528525 0.0538803 0.0525365 0.045223 0.0463331 0.0584902 
0.042626 0.0423438 0.0656987 0.0437713 0.0709909 0.0442433 0.0509553 0.0459 0.0507208 0.0478188 0.0453116 0.0600586 0.0559194 0.0489487 0.0444667 0.0516299 0.0472581 0.045903 0.0427055 0.0527298 
0.0405859 0.0394887 0.0704559 0.0390504 0.0825657 0.040213 0.0574856 0.0466628 0.0500676 0.0483632 0.0506786 0.0622715 0.0613432 0.0490937 0.0371753 0.0491391 0.042566 0.0464142 0.039262 0.0471178 
0.0386634 0.0369528 0.0742653 0.0350654 0.0931843 0.0368077 0.0637795 0.0472151 0.0490271 0.048698 0.0559167 0.0637325 0.0662849 0.0488882 0.0312393 0.0465951 0.0386738 0.0467552 0.0362233 0.0420327 
0.0369597 0.0347925 0.0770576 0.0319036 0.102316 0.0340887 0.0695455 0.0475839 0.0477839 0.048888 0.0607619 0.0645259 0.0705773 0.0484004 0.0266727 0.0441598 0.0356342 0.0469531 0.0336973 0.0376985 
0.0497625 0.055371 0.0381592 0.0792071 0.0209578 0.066367 0.0273987 0.04072 0.0468416 0.041819 0.0270955 0.0416152 0.0324705 0.0419972 0.0804063 0.0548822 0.0775913 0.0431175 0.0656786 0.0685421 
0.0490516 0.0533657 0.0417879 0.0754206 0.025268 0.0631504 0.0302112 0.0416864 0.0484581 0.0429378 0.0293695 0.0446644 0.0355267 0.0429877 0.0739774 0.0546407 0.0735305 0.044075 0.0636103 0.0662805 
0.0480016 0.0510718 0.0462099 0.0705244 0.031048 0.0593777 0.0339826 0.0427867 0.0499512 0.0441416 0.03242 0.0481458 0.0393819 0.0440729 0.0668514 0.0541325 0.0686935 0.0450764 0.0607673 0.063363 
0.0465798 0.0484932 0.0513213 0.064681 0.0383982 0.0551262 0.0388302 0.0439682 0.0511112 0.0453497 0.0363862 0.0518938 0.044047 0.0451713 0.0592021 0.0532705 0.0632341 0.0460651 0.0571842 0.0596873 
0.0448129 0.0456995 0.0568425 0.0582297 0.0471564 0.0505855 0.0447188 0.0451468 0.0517469 0.0464624 0.0412818 0.0556358 0.0493866 0.0461645 0.0513707 0.0519999 0.0574445 0.0469704 0.0530266 0.055318 
0.0428001 0.0428266 0.0623492 0.0516515 0.0568478 0.0460392 0.0514145 0.0462271 0.0517476 0.0473872 0.0469433 0.0590462 0.05511 0.0469247 0.0438223 0.050333 0.051719 0.0477228 0.0485914 0.0504969 
0.0406944 0.0400445 0.0673827 0.0454568 0.0667681 0.0417948 0.0585164 0.0471315 0.0511264 0.0480692 0.0530437 0.0618435 0.0608347 0.0473564 0.0370223 0.0483613 0.0464573 0.0482742 0.0442389 0.045583 
0.0386577 0.0375035 0.0715881 0.0400495 0.0761805 0.0380951 0.0655645 0.0478238 0.050014 0.0485096 0.0591803 0.063879 0.0661963 0.0474289 0.0312976 0.0462322 0.0419562 0.0486133 0.040288 0.0409422 
0.0368165 0.0352938 0.0747976 0.0356392 0.084516 0.0350626 0.0721661 0.048312 0.0486077 0.0487583 0.064987 0.0651628 0.0709438 0.0471785 0.0267645 0.0441007 0.0383473 0.0487661 0.0369355 0.0368443 
0.0352393 0.0334387 0.0770245 0.0322428 0.0914729 0.0327004 0.0780707 0.0486351 0.047106 0.0488887 0.0702139 0.0658235 0.0749717 0.046685 0.0233496 0.0420885 0.0356068 0.0487818 0.0342402 0.0334202 
0.0496912 0.0543515 0.0363831 0.09183 0.0178354 0.0671803 0.0279059 0.0408674 0.047247 0.041064 0.0278209 0.0395938 0.0324148 0.0394173 0.0729337 0.0511828 0.0823002 0.0443099 0.0742867 0.0613845 
0.0490214 0.052628 0.0395027 0.0879807 0.0208969 0.0642392 0.0305125 0.0417616 0.0488457 0.0421245 0.0300278 0.0424634 0.0351607 0.0403534 0.0677695 0.0511386 0.0784109 0.0453456 0.072196 0.0596213 
0.04804 0.0506448 0.0433864 0.0827817 0.0250888 0.0607574 0.0340637 0.042811 0.050394 0.0433058 0.0330138 0.0458383 0.0386838 0.041415 0.0620094 0.0509347 0.0737097 0.0464423 0.0692117 0.0574681 
0.0466995 0.0483793 0.0480113 0.0763296 0.0305659 0.0567601 0.038742 0.0439821 0.0516797 0.0445415 0.0369783 0.0496131 0.043055 0.0425481 0.0557258 0.0504888 0.068286 0.0475419 0.065323 0.0547492 
0.0449989 0.0458606 0.0531961 0.0689188 0.0373095 0.0523751 0.044605 0.0452048 0.0524839 0.0457378 0.0420205 0.0535653 0.048217 0.043656 0.0491258 0.0497257 0.06237 0.0485666 0.0606494 0.0514134 
0.043007 0.0431858 0.0585902 0.0610484 0.0450488 0.0478395 0.0515081 0.0463835 0.0526443 0.0467913 0.0480584 0.057378 0.0539464 0.0446136 0.0425524 0.0486089 0.0563247 0.0494323 0.0554738 0.0475651 
0.0408597 0.0405054 0.0637447 0.0533329 0.053272 0.0434548 0.0590906 0.047424 0.0521167 0.0476198 0.0548005 0.0607198 0.0598799 0.045303 0.0364127 0.0471668 0.0505748 0.050071 0.0502018 0.0434496 
0.0387241 0.0379797 0.0682445 0.0463422 0.0613532 0.0395032 0.0668565 0.0482634 0.0509938 0.0481913 0.0618066 0.0633498 0.0656109 0.0456535 0.0310567 0.0454941 0.0454914 0.0504534 0.0452518 0.0393803 
0.0367493 0.0357295 0.0718261 0.0404549 0.0687342 0.0361692 0.0743155 0.048885 0.0494699 0.0485312 0.0686137 0.0651854 0.0708066 0.0456628 0.0266786 0.0437211 0.0412959 0.0505968 0.0409355 0.0356393 
0.0350311 0.0338111 0.0744183 0.0358035 0.0750582 0.0335115 0.0811028 0.0493138 0.04777 0.0487043 0.0748542 0.0662959 0.0752783 0.0453864 0.023294 0.0419719 0.0380342 0.050554 0.0373983 0.0324083 
0.0490041 0.0518562 0.0374116 0.100611 0.0176589 0.0650758 0.0307318 0.0417537 0.0491038 0.0413096 0.0305071 0.0402077 0.0347485 0.0378228 0.0613901 0.0477492 0.0826972 0.0463265 0.0808517 0.0531822 
0.0480879 0.0501511 0.0407411 0.0953922 0.0206235 0.0618982 0.0340267 0.042735 0.0506612 0.0424354 0.0333755 0.0433809 0.0379173 0.0388192 0.0568247 0.0477502 0.0782202 0.0475063 0.0778883 0.0515655 
0.0468325 0.0481772 0.04481 0.088647 0.0245938 0.0581981 0.0384584 0.0438695 0.0520399 0.0436587 0.0372421 0.0470531 0.0419366 0.0399266 0.0517853 0.04761 0.0729638 0.0487162 0.0738809 0.0496007 
0.0452138 0.0459306 0.0495298 0.0805856 0.029635 0.0540424 0.0441727 0.0451054 0.053007 0.0448992 0.0422885 0.0510667 0.0468238 0.0410763 0.0463738 0.0472514 0.0670829 0.0498755 0.0688849 0.0471548 
0.0432692 0.0434687 0.0546439 0.0716635 0.0356299 0.0496087 0.0511305 0.046356 0.0533571 0.0460535 0.0485322 0.0551449 0.0524372 0.0421604 0.0408157 0.0466103 0.0608811 0.0508871 0.0631324 0.0442181 
0.0411093 0.0409132 0.0597528 0.0625418 0.0422448 0.0451696 0.0590484 0.0475184 0.0529831 0.0470214 0.0557564 0.0589413 0.058463 0.0430547 0.0354334 0.0456642 0.0547726 0.051661 0.0570321 0.0409187 
0.0388966 0.0384216 0.0644186 0.0539364 0.0489892 0.0410251 0.0674342 0.0485056 0.0519229 0.0477385 0.0635253 0.062141 0.064483 0.0436587 0.0305603 0.0444523 0.0491797 0.0521422 0.0510805 0.0374891 
0.0367975 0.0361381 0.0682992 0.046422 0.0553565 0.0374147 0.0757198 0.0492725 0.0503468 0.0481978 0.0713004 0.0645601 0.0700943 0.0439294 0.0264375 0.0430657 0.0444142 0.052329 0.0457155 0.0341894 
0.0349362 0.034153 0.0712315 0.0403035 0.0609666 0.0344602 0.0834185 0.0498227 0.0484935 0.0484456 0.0785923 0.0661842 0.0750181 0.0438892 0.0231567 0.0416159 0.0406096 0.0522697 0.041205 0.0312281 
0.0333745 0.0324939 0.0732284 0.0356108 0.0656336 0.032165 0.0902222 0.0501954 0.0465933 0.0485557 0.0850669 0.0671309 0.079135 0.0436052 0.0206722 0.0401998 0.037732 0.0520405 0.0376238 0.028721 
0.0490135 0.0511283 0.0355671 0.112607 0.0153342 0.0656954 0.0308362 0.0416728 0.0492634 0.0405374 0.030773 0.0380258 0.0342864 0.0355103 0.0553055 0.0446601 0.0862592 0.0469794 0.0891142 0.047431 
0.0481603 0.0496641 0.0383663 0.107655 0.0173903 0.0628159 0.0338511 0.042574 0.0507787 0.041582 0.0334831 0.0409261 0.0370975 0.0364143 0.0517277 0.0447786 0.0820629 0.0482144 0.0863415 0.0461163 
0.0469928 0.0479524 0.04186 0.100964 0.0202064 0.0594341 0.0379705 0.0436487 0.0522046 0.0427567 0.0371677 0.0443848 0.0407282 0.0374499 0.0477512 0.0448377 0.0770791 0.049515 0.0824204 0.0446756 
0.0454696 0.0459644 0.0460368 0.0926401 0.0238852 0.0555623 0.0434158 0.0448662 0.0533091 0.0439989 0.0420778 0.0483131 0.0452607 0.0385765 0.0434044 0.0447702 0.0713844 0.0508031 0.0773396 0.0429223 
0.0435983 0.0437209 0.0507377 0.083039 0.0284116 0.0513136 0.0502577 0.0461552 0.0538575 0.0452155 0.0483361 0.0524978 0.050639 0.0397125 0.0388144 0.0445039 0.0652022 0.0519752 0.0712499 0.0407624 
0.0414587 0.0413091 0.0556425 0.0727929 0.0335979 0.0469111 0.0583215 0.0474147 0.0536842 0.0462994 0.0558315 0.0566156 0.0566249 0.0407438 0.0342121 0.0439844 0.0589 0.052921 0.0645152 0.0382199 
0.039198 0.038871 0.0603325 0.0627045 0.0390923 0.0426478 0.0671662 0.0485407 0.05276 0.047161 0.0641823 0.0603104 0.0628234 0.0415547 0.0298839 0.0432015 0.0529159 0.0535555 0.0576641 0.0354348 
0.0369914 0.0365631 0.0644158 0.0535369 0.0444678 0.0388024 0.0761837 0.0494594 0.0512099 0.0477589 0.0728151 0.0633055 0.0687877 0.0420674 0.0260852 0.0422006 0.0476369 0.0538479 0.0512476 0.0326173 
0.0349895 0.0345073 0.0676421 0.0458097 0.0493517 0.0355604 0.084774 0.0501466 0.049267 0.0481112 0.0811304 0.0654847 0.0741501 0.0422661 0.0229644 0.0410665 0.0432934 0.0538299 0.0456792 0.0299759 
0.0332835 0.0327641 0.0699453 0.0397145 0.0535174 0.0329824 0.0924965 0.0506251 0.0471895 0.0482796 0.0886594 0.0668961 0.0787027 0.0421915 0.020541 0.0398921 0.0399293 0.0535788 0.0411525 0.0276588 
0.048264 0.0492382 0.0363088 0.118958 0.0151163 0.0635467 0.0335457 0.0423545 0.0508007 0.0407887 0.0333474 0.0386046 0.0362496 0.0342824 0.0470469 0.0421549 0.0851843 0.0485715 0.094169 0.0414684 
0.0471854 0.0477548 0.0392521 0.112652 0.0170839 0.060481 0.0373098 0.0433522 0.0522207 0.0418868 0.03679 0.0417688 0.0394795 0.0352177 0.0439299 0.042323 0.0805348 0.0499266 0.0905318 0.0403194 
0.0457675 0.0460045 0.0428602 0.104468 0.019722 0.0569238 0.0423861 0.0445216 0.0534193 0.0430919 0.0414462 0.045486 0.0436022 0.0362725 0.0404796 0.0424401 0.0751421 0.0513165 0.0856099 0.0390399 
0.0439927 0.0439776 0.047062 0.0946333 0.0230732 0.0529255 0.0489473 0.0458123 0.0541503 0.0443278 0.047534 0.0496177 0.0486423 0.0373937 0.0367497 0.0424399 0.0691409 0.0526393 0.0794633 0.0374775 
0.0419079 0.0417243 0.0516308 0.0836768 0.0270573 0.0486477 0.0569447 0.0471349 0.054202 0.0454922 0.0550666 0.053896 0.0544519 0.0384896 0.0328869 0.0422547 0.0628226 0.0537717 0.0723675 0.0355744 
0.039635 0.0393609 0.0562039 0.0724029 0.0314465 0.0443506 0.0660353 0.0483789 0.053475 0.0464813 0.0637623 0.0579649 0.060695 0.039446 0.0291157 0.0418401 0.0565998 0.0546003 0.0648243 0.0333817 
0.0373466 0.037043 0.0603774 0.0617108 0.0359078 0.0403289 0.0756235 0.0494463 0.0520313 0.0472232 0.0730675 0.0614811 0.0669162 0.0401621 0.0256769 0.0411974 0.0509038 0.0550579 0.0574552 0.0310432 
0.035214 0.0349168 0.0638328 0.0523431 0.0401015 0.036823 0.0850255 0.0502818 0.0500749 0.0477025 0.082306 0.0642248 0.072676 0.0405855 0.0227518 0.0403755 0.0460568 0.0551471 0.0508181 0.0287425 
0.0333596 0.0330773 0.066419 0.044709 0.0437803 0.0339581 0.0936623 0.0508839 0.0478768 0.0479589 0.0908731 0.0661503 0.0776691 0.0407238 0.0204152 0.0394512 0.0421971 0.0549341 0.0452599 0.026641 
0.0318374 0.031556 0.0681511 0.0388662 0.0468361 0.0317404 0.101178 0.0512912 0.0456888 0.0480627 0.098368 0.0673574 0.0817674 0.0406291 0.0186407 0.0385008 0.0392879 0.0545196 0.0408819 0.0248392 
