20 hexa 10 10 gaussian
#SNAPSHOT FILE
#iterations: 18000 (40000 total)
0.0511492 0.0749813 0.0314046 0.0327693 0.0180213 0.0744172 0.017182 0.0348098 0.0354444 0.0391336 0.0177759 0.0365238 0.0221906 0.0518207 0.165973 0.0749377 0.069132 0.0336499 0.0317551 0.0869292 
0.0514602 0.0717633 0.0337894 0.0311017 0.0226261 0.0713606 0.0182996 0.0363966 0.0382144 0.040589 0.0183816 0.0387574 0.023385 0.0509844 0.150266 0.0742129 0.0652964 0.0340987 0.0317278 0.0972895 
0.0513964 0.0676131 0.037132 0.0291903 0.0304348 0.0674144 0.020055 0.0382702 0.0414302 0.0423956 0.0192879 0.0415228 0.0252341 0.0500437 0.131604 0.0727886 0.0605981 0.0346496 0.0316171 0.107322 
0.0508158 0.0625713 0.0415359 0.027189 0.0427989 0.0625994 0.022665 0.0402682 0.0447646 0.0444424 0.020613 0.044641 0.027976 0.0491179 0.110961 0.0704039 0.0551636 0.0352931 0.0313412 0.114839 
0.0496383 0.0568745 0.046862 0.0253274 0.0606986 0.0571243 0.0262712 0.0421379 0.0477352 0.0465146 0.0224569 0.0477572 0.031749 0.0483187 0.089934 0.0668947 0.0493059 0.0360055 0.0308448 0.11755 
0.0479115 0.0509612 0.0526492 0.0238337 0.0839734 0.0514077 0.0308195 0.0436026 0.0498459 0.0483438 0.0248361 0.0504094 0.0364623 0.0477025 0.0704516 0.0623328 0.0435108 0.0367471 0.0301309 0.114068 
0.0458313 0.0453606 0.0582175 0.0228376 0.110879 0.0459799 0.036 0.0444734 0.0508027 0.0497107 0.0276346 0.0522024 0.041753 0.0472482 0.0541578 0.0570872 0.0383042 0.0374677 0.0292719 0.104781 
0.0436745 0.04051 0.0629432 0.0223194 0.138522 0.0412951 0.0413341 0.0447336 0.0506494 0.0505346 0.0306261 0.0529894 0.0471069 0.0468818 0.0418367 0.0517171 0.0340622 0.0381214 0.0283811 0.0917624 
0.0416828 0.0366194 0.0665103 0.0221467 0.163985 0.0375798 0.0463653 0.044526 0.0497083 0.050879 0.0335671 0.0529143 0.052071 0.0465311 0.0332998 0.0467564 0.0309015 0.0386826 0.0275611 0.0777127 
0.039987 0.033671 0.0689613 0.0221595 0.185286 0.034818 0.0508112 0.0440616 0.0483907 0.050886 0.0362882 0.0523012 0.0563962 0.0461656 0.0277514 0.0425453 0.0287136 0.0391515 0.0268684 0.0647858 
0.0517668 0.0710479 0.0335405 0.0380378 0.0193914 0.0735575 0.0186295 0.0364834 0.0373282 0.0397092 0.0190289 0.0381231 0.0243807 0.0505635 0.147453 0.07242 0.0727002 0.0350345 0.0354838 0.0853208 
0.0517907 0.0675811 0.0367759 0.0357463 0.0249497 0.0698037 0.0200346 0.0382043 0.0405242 0.041403 0.0197627 0.0411405 0.0260475 0.0499797 0.131316 0.0716859 0.0677533 0.0356068 0.0350764 0.0948181 
0.0513057 0.0632527 0.0411582 0.0331239 0.0340398 0.0651312 0.022201 0.0401325 0.0440043 0.0434116 0.0208785 0.0447359 0.0285422 0.0494007 0.112882 0.0701925 0.061881 0.0362756 0.0344343 0.103017 
0.0502048 0.0581901 0.0466559 0.0304019 0.0477673 0.0596856 0.0253328 0.042059 0.0473182 0.0455603 0.0225178 0.0485914 0.0320626 0.0489115 0.0933725 0.0676911 0.0553672 0.0370111 0.0335016 0.107797 
0.0484979 0.0527172 0.0528966 0.0278861 0.0665463 0.0538297 0.0294995 0.0437148 0.0499243 0.0475841 0.0247724 0.0521973 0.0366232 0.0485492 0.0744888 0.0640874 0.048713 0.0377679 0.0322972 0.107408 
0.046352 0.047299 0.0591891 0.0258461 0.0895061 0.0480872 0.0345303 0.044865 0.0513987 0.0492157 0.0276096 0.0550044 0.0419626 0.0482795 0.0579435 0.0595586 0.0425276 0.0384931 0.030928 0.101404 
0.0440485 0.0423922 0.0647686 0.024406 0.114491 0.0429709 0.0400228 0.045412 0.0516348 0.0502977 0.0308472 0.0566584 0.0475966 0.0480191 0.0448501 0.0545454 0.0373199 0.0391415 0.0295547 0.0910227 
0.0418676 0.0382895 0.0691152 0.0235176 0.138825 0.0388011 0.0454924 0.045429 0.0508681 0.0508332 0.0342187 0.0571457 0.0530092 0.0476923 0.0354055 0.0495881 0.0333264 0.0396901 0.0283239 0.0785615 
0.0399862 0.0350662 0.0721112 0.0230284 0.160289 0.0356399 0.0505546 0.0450987 0.0495181 0.0509441 0.0374826 0.0567444 0.0578409 0.047273 0.0290693 0.0451276 0.0304982 0.0401422 0.0273174 0.0662686 
0.0384538 0.0326357 0.0739656 0.0227751 0.177634 0.0333571 0.0550179 0.0446182 0.047989 0.0507895 0.0404978 0.0558521 0.0619492 0.0467882 0.0250049 0.0414026 0.0286146 0.0405203 0.0265464 0.0555878 
0.0519801 0.0693752 0.0332484 0.0476963 0.0170111 0.0754637 0.0194317 0.0368285 0.0367165 0.0389077 0.0200133 0.0371916 0.0256514 0.0493321 0.140121 0.0694741 0.0807919 0.0362286 0.041198 0.0733394 
0.0520817 0.0665692 0.0363213 0.0450438 0.0208385 0.0719381 0.0205494 0.0383593 0.0398441 0.0404597 0.0206066 0.0403419 0.0271745 0.0491306 0.126765 0.0693258 0.0757087 0.036844 0.0404357 0.0816626 
0.0516949 0.0629896 0.0405885 0.0417586 0.0272584 0.0674658 0.0223295 0.0401496 0.0433926 0.0423753 0.0215396 0.044284 0.0294551 0.0489623 0.111071 0.0686551 0.0695011 0.0375676 0.0393237 0.0896376 
0.0506856 0.0586708 0.0461298 0.0380388 0.0373043 0.0621273 0.0250162 0.0420442 0.0469628 0.0445294 0.0229887 0.0487792 0.0327312 0.0488871 0.0938571 0.0671806 0.062406 0.038362 0.037798 0.0955018 
0.0490209 0.0538171 0.0526952 0.034243 0.0516752 0.0562179 0.0287813 0.0438064 0.0500015 0.0466842 0.0251193 0.0533296 0.0371081 0.0489135 0.0764696 0.0646809 0.0549118 0.0391686 0.0358914 0.0974646 
0.0468287 0.0487963 0.0596424 0.0307903 0.0701707 0.0502325 0.0335986 0.0451854 0.0519831 0.0485495 0.0279963 0.0572775 0.0424355 0.0489779 0.0605005 0.0611388 0.0476933 0.039921 0.0337585 0.0945232 
0.0443832 0.044037 0.066112 0.028002 0.09142 0.0447234 0.0391805 0.0460195 0.0526452 0.0498986 0.0315117 0.0600535 0.0482932 0.0489679 0.0472446 0.0568162 0.0413994 0.0405661 0.0316347 0.0870917 
0.0419982 0.0398797 0.0713771 0.0259877 0.113257 0.0401009 0.0450615 0.0463037 0.0521038 0.0506596 0.0354035 0.0614218 0.0541374 0.0487862 0.0372515 0.0521792 0.0364213 0.0410822 0.0297428 0.0768454 
0.0399032 0.0364825 0.0751126 0.0246569 0.133529 0.0365175 0.05078 0.0461703 0.0507515 0.0509131 0.0393621 0.0615358 0.0595104 0.0484024 0.0302964 0.0477133 0.032808 0.0414826 0.0282135 0.0658592 
0.0381885 0.0338326 0.0774091 0.0238226 0.150748 0.0338957 0.0560248 0.0458046 0.0490456 0.0508173 0.0431453 0.0607913 0.0641598 0.0478568 0.0257121 0.0437662 0.0303588 0.0418013 0.0270695 0.0557502 
0.0522244 0.0646691 0.0356818 0.0575306 0.0177947 0.0736119 0.0215664 0.038711 0.0394338 0.0395842 0.0218054 0.0390872 0.0284712 0.0473856 0.117919 0.065724 0.0837765 0.0382984 0.0481169 0.068608 
0.0519348 0.0618203 0.0397053 0.0536272 0.0221547 0.0694257 0.0230235 0.0403143 0.0429807 0.0413602 0.0225888 0.043181 0.0305527 0.0476292 0.105247 0.065742 0.0774467 0.0391053 0.0464852 0.0756764 
0.0510381 0.0582916 0.0451035 0.0488533 0.0291783 0.0643103 0.0253113 0.0420987 0.0467188 0.0434492 0.0238666 0.0481132 0.0335798 0.0480106 0.0909008 0.0652161 0.0699837 0.0400003 0.044252 0.0817242 
0.0494546 0.0541756 0.0517744 0.0435712 0.0396248 0.0584768 0.0286834 0.0438771 0.0501145 0.0456597 0.025874 0.0534647 0.0377337 0.0485143 0.0758037 0.0638543 0.0618196 0.0409091 0.0414499 0.0851648 
0.0472588 0.0497242 0.0591886 0.0383329 0.0537089 0.0523625 0.0332536 0.0454119 0.0525713 0.0477067 0.0287854 0.0585434 0.0429766 0.0490404 0.0612587 0.0614716 0.0536476 0.0417404 0.0382809 0.0847357 
0.0446979 0.045299 0.0664627 0.0337004 0.0707245 0.0465325 0.0388764 0.0465018 0.0536779 0.0493122 0.0325986 0.0625971 0.0489789 0.0494299 0.0485606 0.0581233 0.0462419 0.0424176 0.0350811 0.0801859 
0.0421081 0.0412497 0.072689 0.0300325 0.0891144 0.0414802 0.0451498 0.047069 0.0534031 0.0503242 0.0370918 0.0651295 0.0552048 0.0495391 0.0385156 0.0541291 0.040177 0.0429087 0.032196 0.0724888 
0.0397752 0.037798 0.0773034 0.0273902 0.107026 0.0374615 0.0515656 0.0471802 0.0520775 0.0507615 0.0419035 0.066086 0.0611178 0.0493124 0.0312273 0.0499473 0.0356507 0.0432347 0.0298499 0.0633315 
0.0378442 0.0350056 0.0802213 0.0256106 0.122949 0.0344719 0.0576942 0.046989 0.0501914 0.0507621 0.046676 0.0657869 0.066353 0.0487948 0.0262656 0.0459969 0.0325226 0.04345 0.0281006 0.0543146 
0.0363231 0.0328195 0.081716 0.0244521 0.136021 0.0323411 0.0632797 0.046658 0.0481873 0.0504985 0.0511605 0.0647105 0.0707565 0.0480918 0.0230055 0.0425482 0.030482 0.0436138 0.0268834 0.0464519 
0.0521866 0.0621269 0.0348238 0.0731151 0.0155527 0.0745886 0.022983 0.039187 0.0392924 0.0388039 0.0232791 0.0374286 0.0297536 0.0448111 0.105555 0.0611187 0.0909325 0.0398359 0.0581783 0.0564474 
0.0519829 0.0599372 0.0384621 0.0687898 0.0184078 0.0707871 0.0241807 0.0405761 0.0427711 0.0404031 0.0239538 0.0414377 0.0316333 0.0453929 0.0958555 0.0616334 0.0847747 0.0407441 0.0560848 0.062192 
0.0512162 0.0571747 0.0434957 0.0630871 0.0231136 0.066041 0.0261221 0.0421913 0.0465886 0.0423605 0.0250834 0.0465168 0.034391 0.0461886 0.0846141 0.0618797 0.0772963 0.0417749 0.0531477 0.0677175 
0.049763 0.0538393 0.04998 0.056295 0.0303503 0.0604622 0.0291209 0.0439033 0.0502568 0.044543 0.0269621 0.0523862 0.0382681 0.0471739 0.0723329 0.0615578 0.0688173 0.0428432 0.0493664 0.0717788 
0.0476305 0.050063 0.0575574 0.049029 0.0405258 0.0543934 0.0334206 0.0455112 0.0531451 0.0466993 0.029878 0.0584145 0.0433365 0.0482238 0.0599194 0.0603707 0.0599723 0.0438283 0.0449608 0.0731207 
0.045013 0.0461117 0.0654106 0.0420916 0.0534084 0.0483702 0.0390371 0.0468021 0.0547077 0.0485272 0.0339667 0.0637446 0.0493784 0.049127 0.0484854 0.0581753 0.0516003 0.0446123 0.0403703 0.0710604 
0.0422459 0.0423077 0.072513 0.0361797 0.0680028 0.0429489 0.0456745 0.0476399 0.0547448 0.0498003 0.0390934 0.0676226 0.0558995 0.0496708 0.0389458 0.055094 0.0444591 0.0451297 0.0361116 0.0659166 
0.0396673 0.0389127 0.0780547 0.0316361 0.0828602 0.0385001 0.0528134 0.0480205 0.053484 0.050459 0.0448754 0.069715 0.0623086 0.0497426 0.0316884 0.0514831 0.0389484 0.0453941 0.0325733 0.0588635 
0.0374898 0.0360565 0.0817228 0.0284191 0.0966129 0.0351184 0.0599126 0.0480493 0.0514238 0.0506002 0.0508362 0.0701764 0.0681308 0.0493692 0.0265569 0.0477772 0.0350493 0.0454808 0.029903 0.0513149 
0.0357675 0.0337472 0.083673 0.0262603 0.108351 0.0326827 0.066571 0.0478731 0.0490872 0.0503951 0.0565692 0.0694631 0.0731085 0.0486763 0.0230934 0.0443325 0.0324713 0.0454822 0.0280409 0.0443547 
0.0518279 0.057668 0.036921 0.0865352 0.0157121 0.0713609 0.0256236 0.0408582 0.0427147 0.0395532 0.0254923 0.039215 0.0325018 0.0424671 0.0841426 0.056768 0.0904275 0.0422821 0.0677448 0.0501842 
0.0511942 0.0555814 0.0413817 0.0802709 0.0187529 0.0671228 0.0272707 0.0422686 0.0465213 0.0413239 0.0265018 0.044112 0.0349599 0.0435486 0.0758348 0.0575339 0.0833385 0.0434611 0.0642789 0.0547423 
0.049914 0.052988 0.0473639 0.0722545 0.0235603 0.061998 0.0299169 0.0438482 0.0503696 0.043394 0.0282412 0.0501104 0.0384955 0.0449161 0.0664904 0.0580251 0.0750338 0.0447304 0.0596389 0.0587114 
0.0479242 0.0499134 0.0547208 0.0630351 0.0305806 0.0562011 0.0339155 0.0454485 0.0536356 0.0455696 0.0311023 0.0567356 0.0432821 0.0464468 0.0566043 0.0579093 0.0659975 0.0459468 0.0539964 0.0610348 
0.0453394 0.0465125 0.0627998 0.053563 0.0398699 0.0501809 0.0394548 0.0468722 0.0556679 0.047559 0.0353803 0.0631455 0.0492311 0.0478965 0.0469732 0.0568946 0.057024 0.046941 0.0478427 0.0608523 
0.0424592 0.0430462 0.070556 0.0449026 0.0508795 0.0445107 0.0463898 0.0479462 0.0560811 0.0490803 0.0410827 0.0683911 0.0559269 0.0489755 0.0384491 0.0548908 0.0489941 0.0475859 0.0418782 0.0579744 
0.0396558 0.0397887 0.0769652 0.0378236 0.0625627 0.039671 0.0542347 0.048598 0.0549535 0.049988 0.0478576 0.0718224 0.0627507 0.0494817 0.0315998 0.0520853 0.0425352 0.0478571 0.0367381 0.0530313 
0.0372164 0.0369295 0.0814443 0.0325678 0.0737718 0.0358847 0.06235 0.0488734 0.0527527 0.0503146 0.0551243 0.0733311 0.069121 0.0493862 0.0265347 0.0488593 0.0378227 0.0478341 0.0327562 0.0471251 
0.0352607 0.0345401 0.0839702 0.0289351 0.0836458 0.0331124 0.0701728 0.0488893 0.0500751 0.0502118 0.0622959 0.073268 0.0746659 0.0488118 0.0230029 0.0456163 0.034649 0.0476479 0.0299359 0.0412932 
0.0337654 0.0326054 0.0849024 0.0265327 0.0917571 0.0311646 0.0773331 0.0487697 0.0474152 0.04986 0.0689357 0.0721801 0.0792405 0.0479469 0.0206146 0.042655 0.0326341 0.047419 0.0280791 0.0361899 
0.0515054 0.0553858 0.0352395 0.105422 0.013799 0.0710919 0.0271381 0.0410913 0.0427295 0.0388571 0.0270254 0.0367924 0.0330335 0.0392436 0.0718281 0.051743 0.0936522 0.0435282 0.0805381 0.040356 
0.0509882 0.0538411 0.0389878 0.0991446 0.015715 0.0674442 0.0285393 0.0422855 0.0464349 0.0404076 0.0279457 0.0412162 0.0351634 0.0404342 0.0659464 0.0527537 0.0872732 0.0448326 0.0768654 0.0437814 
0.0499006 0.0518849 0.0442042 0.0905076 0.0188099 0.0629352 0.0308514 0.0436881 0.0503605 0.0422944 0.029537 0.0469296 0.0382946 0.0420008 0.0592398 0.0537491 0.0796176 0.0463041 0.0717095 0.0471813 
0.0481219 0.0494638 0.0509505 0.0798419 0.0234809 0.0576413 0.0345071 0.0452096 0.0539328 0.0443929 0.0322647 0.0536808 0.0426848 0.0438573 0.0518709 0.0544361 0.070962 0.0477984 0.0651156 0.049787 
0.0456726 0.046624 0.0588202 0.0680485 0.0299253 0.0518699 0.0398612 0.0466916 0.0564416 0.046457 0.036584 0.0607799 0.0483848 0.0457693 0.0442836 0.0544592 0.0619303 0.0491034 0.0575124 0.0507815 
0.0427768 0.0435395 0.0668827 0.0564517 0.0379134 0.046139 0.0469628 0.0479507 0.0573193 0.0481842 0.0426952 0.0672143 0.0551001 0.0473959 0.0371251 0.0535513 0.0533989 0.0500114 0.0497124 0.0496755 
0.0398049 0.0404646 0.073987 0.0463256 0.0467483 0.0410013 0.0554231 0.0488572 0.0564416 0.0493487 0.0503535 0.0720449 0.0622261 0.0484295 0.0310006 0.0516923 0.0461794 0.0504172 0.042636 0.0466184 
0.0371118 0.0376339 0.0792684 0.0384 0.0555173 0.036823 0.0645351 0.0493892 0.0541854 0.0498993 0.0589175 0.0748195 0.0690823 0.048741 0.0262224 0.0491354 0.0406938 0.0503678 0.0369271 0.0423301 
0.0349005 0.0351855 0.082456 0.0327254 0.0634476 0.0336864 0.073559 0.0496201 0.051197 0.0499451 0.067611 0.075676 0.0751638 0.0484096 0.0227554 0.0462745 0.0368988 0.0500195 0.0327682 0.037701 
0.0332004 0.0331557 0.083801 0.0289088 0.07011 0.0314593 0.0819434 0.0496601 0.0480898 0.0496655 0.0757814 0.0751212 0.0802347 0.0476394 0.0203509 0.0434739 0.0344578 0.04955 0.0299803 0.0334166 
0.0506565 0.0522432 0.0366048 0.118006 0.0136443 0.0670439 0.0297354 0.0422287 0.0462566 0.0396621 0.0292546 0.0382351 0.0350001 0.0372832 0.0563971 0.04814 0.0887865 0.0457477 0.0897749 0.0352998 
0.0497521 0.050787 0.0409106 0.109506 0.0156039 0.063223 0.0317321 0.0434331 0.0501477 0.0413225 0.0306969 0.0433283 0.0376834 0.0388445 0.0517558 0.0493316 0.0820797 0.0473716 0.0845692 0.0379215 
0.0482204 0.0489196 0.0467448 0.0982506 0.0186421 0.0585995 0.0350005 0.0448199 0.0539269 0.0432606 0.0332159 0.049726 0.0415756 0.0408041 0.0465411 0.0504809 0.0742818 0.0491288 0.0775465 0.0403146 
0.0459958 0.0465999 0.0539734 0.0848636 0.0229981 0.0533165 0.0400329 0.0462845 0.0568882 0.0452994 0.0373944 0.0569942 0.0468608 0.0429857 0.0409051 0.0512596 0.0657681 0.0507963 0.0689453 0.0418383 
0.0431982 0.0439031 0.061909 0.070666 0.028646 0.0477615 0.0470986 0.0476627 0.0583193 0.0471583 0.0436536 0.0642319 0.053406 0.0450544 0.0352312 0.0513081 0.0572585 0.0520929 0.0595227 0.0419186 
0.0401474 0.0410305 0.0694218 0.0573367 0.0351736 0.0424824 0.0559863 0.0487895 0.0578551 0.0485584 0.0519441 0.0703326 0.0606845 0.0466226 0.0300271 0.0504137 0.049622 0.0527992 0.0504073 0.0403656 
0.0372383 0.0382377 0.0754167 0.0462389 0.0418906 0.0379677 0.0659881 0.0495751 0.0556984 0.0493566 0.0616484 0.0744799 0.0679472 0.0474324 0.0257034 0.0486436 0.0435123 0.0528727 0.0426359 0.0375165 
0.0347644 0.0357279 0.0793207 0.037926 0.0481218 0.0344545 0.0761898 0.0500343 0.0524906 0.0495938 0.0718223 0.0764835 0.0745366 0.0474665 0.0224096 0.0463097 0.0391213 0.0524561 0.0367332 0.034038 
0.0328318 0.0335991 0.0811951 0.0321874 0.0534452 0.0319101 0.0858181 0.0502515 0.0489628 0.0494292 0.0815651 0.0767074 0.0800904 0.046905 0.0200515 0.0437996 0.0362334 0.0517786 0.0326615 0.0305776 
0.031396 0.0318613 0.0815031 0.0284365 0.0577404 0.0301475 0.0943954 0.0503251 0.0456659 0.0490446 0.0902496 0.0757552 0.0845313 0.0459984 0.0184191 0.0414256 0.0344518 0.0510459 0.0300595 0.027548 
0.0502748 0.0509553 0.0344744 0.135285 0.0122467 0.0661001 0.0307416 0.0421173 0.0459602 0.0391016 0.0303272 0.0355179 0.0345684 0.0344649 0.048221 0.0441274 0.08818 0.0461934 0.101916 0.0292265 
0.049523 0.0498654 0.0378655 0.127597 0.0134875 0.0629375 0.0324459 0.0431248 0.0497028 0.0405259 0.0316306 0.0398061 0.036795 0.035861 0.0450146 0.0452822 0.0824772 0.0478812 0.0970997 0.0310777 
0.048236 0.0484348 0.0426445 0.116692 0.0154511 0.0590437 0.0352963 0.0443419 0.0535607 0.0422506 0.0338902 0.0454831 0.040126 0.0377106 0.0414153 0.0465797 0.0757757 0.0498204 0.0902382 0.0330091 
0.0462889 0.0465653 0.0489066 0.10278 0.0183614 0.0544165 0.0398713 0.0457205 0.0568952 0.0441722 0.0377585 0.0523972 0.0448503 0.0399211 0.037393 0.0477767 0.0682076 0.0518184 0.0813141 0.0345852 
0.0436938 0.0442408 0.0562764 0.0868666 0.0223043 0.0492703 0.0466505 0.04714 0.0589236 0.0460677 0.0438592 0.0599079 0.0510152 0.0422264 0.0330969 0.0485211 0.0602357 0.0535623 0.070841 0.0353011 
0.0406754 0.0415825 0.0638152 0.0707244 0.027083 0.0440569 0.0556757 0.0484321 0.0590471 0.0476487 0.0524121 0.06694 0.058249 0.0442252 0.0288629 0.0484794 0.0526222 0.0547196 0.0599454 0.0348033 
0.03762 0.0388321 0.0703327 0.0562932 0.0322123 0.0393183 0.0663499 0.0494524 0.0572103 0.0486937 0.0629486 0.0724007 0.065805 0.0455478 0.0250873 0.0475236 0.0461468 0.0551056 0.050002 0.0331183 
0.034898 0.0362471 0.0749537 0.0448497 0.0371175 0.0354469 0.0776329 0.0501467 0.0539524 0.0491547 0.0744297 0.0757002 0.0728762 0.0460388 0.0220385 0.0458149 0.0412519 0.0547819 0.0420151 0.0306534 
0.0327119 0.0339978 0.0774646 0.0366434 0.0413816 0.0325537 0.0884943 0.0505559 0.0500882 0.0491457 0.0856955 0.0769295 0.0789261 0.0457984 0.019767 0.043702 0.0379195 0.0539945 0.0362756 0.0279547 
0.0310756 0.0321422 0.078209 0.0311763 0.04485 0.0305213 0.0982375 0.0507682 0.0463246 0.0488476 0.09586 0.0766231 0.0837837 0.045073 0.0181607 0.0415405 0.0358274 0.0530246 0.032502 0.0254529 
0.04927 0.0491813 0.0353051 0.143513 0.0121009 0.0622528 0.0329642 0.0428141 0.0490658 0.0399111 0.0323141 0.0367201 0.0358033 0.0333301 0.0395511 0.0418953 0.0813281 0.0479154 0.10841 0.026354 
0.0481977 0.0480797 0.0390512 0.133711 0.0133817 0.0590408 0.0353937 0.0438513 0.0528593 0.0414055 0.0343013 0.0414908 0.0385646 0.034927 0.037039 0.043121 0.075702 0.0499161 0.102193 0.0277734 
0.0465383 0.0465834 0.0441981 0.120354 0.0153317 0.0551264 0.0394132 0.0450937 0.0564299 0.0431461 0.0377448 0.0476549 0.0426367 0.0369574 0.0342007 0.0444393 0.0692529 0.0521332 0.0936285 0.0291373 
0.0442177 0.0446066 0.0506613 0.103934 0.0180822 0.0505587 0.0456599 0.0464756 0.059014 0.044983 0.0434057 0.0548926 0.0482288 0.0392587 0.03103 0.0455752 0.0621787 0.0542802 0.0828855 0.0300717 
0.0413451 0.0421804 0.0578115 0.0859256 0.0215847 0.0456282 0.0544619 0.0478586 0.0598469 0.0466628 0.0517933 0.0623538 0.055181 0.041492 0.027688 0.0461737 0.0550117 0.0559595 0.0708358 0.0302056 
0.0382414 0.0394933 0.0645506 0.0685228 0.0255354 0.0408321 0.0654659 0.0490728 0.0585743 0.047922 0.0627202 0.0688656 0.0628562 0.0432414 0.0244786 0.0459619 0.0484976 0.0568311 0.0589634 0.0293733 
0.0353152 0.0368282 0.0697965 0.0537464 0.0294684 0.0366689 0.0776263 0.0499977 0.0555125 0.0486216 0.0751948 0.0734741 0.0703553 0.0442153 0.0217091 0.044918 0.0432601 0.0568032 0.048748 0.0277403 
0.0328686 0.0344311 0.0730124 0.0425898 0.0329749 0.0334151 0.0896659 0.0506129 0.0514707 0.0488035 0.0878379 0.075885 0.0769342 0.0443835 0.0195422 0.0432834 0.0395191 0.0560679 0.0409968 0.0257052 
0.0310007 0.0324266 0.0743254 0.0349169 0.0358569 0.0310697 0.100598 0.0509793 0.0473057 0.0486267 0.0994579 0.0764381 0.0822603 0.0439364 0.0179661 0.0414094 0.037098 0.0549566 0.0356978 0.0236738 
0.0296526 0.0308292 0.0742563 0.0299722 0.0381282 0.0294623 0.109916 0.0511849 0.0436034 0.0482661 0.10934 0.0757588 0.0863631 0.0431404 0.016866 0.0395949 0.0356354 0.0537686 0.0323531 0.0219091 
