20 hexa 10 10 gaussian
#SNAPSHOT FILE
#iterations: 21000 (40000 total)
0.0345374 0.106001 0.0632301 0.0754529 0.113143 0.0540191 0.0201588 0.0449022 0.0270839 0.0417089 0.0248539 0.0201321 0.0136396 0.039429 0.0349422 0.0393408 0.062215 0.0241152 0.030647 0.130447 
0.0339276 0.109451 0.0655262 0.069481 0.107036 0.0596185 0.0212274 0.0528412 0.0275793 0.0420266 0.0282648 0.0218467 0.0145994 0.0403054 0.038621 0.0361517 0.0588197 0.0245544 0.0317926 0.11633 
0.0331307 0.110636 0.0677777 0.062483 0.0995584 0.0658647 0.0223638 0.0623048 0.0279759 0.0422615 0.0339944 0.0239188 0.0159946 0.0409457 0.0443718 0.0326089 0.0545531 0.0252872 0.033932 0.100037 
0.032178 0.107876 0.0694038 0.0550293 0.0912052 0.0717367 0.0233874 0.0720918 0.0280874 0.0423165 0.0431711 0.0262299 0.0179743 0.041073 0.052962 0.0288265 0.0494822 0.0264343 0.0375794 0.0829559 
0.0311568 0.100317 0.0697816 0.0478655 0.0826511 0.0758236 0.0241066 0.0802693 0.0277398 0.0420889 0.0566996 0.0285714 0.0206481 0.0404911 0.0647918 0.0250642 0.0439374 0.0280792 0.0430836 0.0668337 
0.0301915 0.0885679 0.0685603 0.0417204 0.0746117 0.0768985 0.0243951 0.08484 0.0268606 0.0415245 0.0745336 0.0306692 0.0240059 0.0391943 0.079401 0.0216725 0.0384857 0.0301971 0.0503456 0.0533252 
0.0293981 0.0746445 0.065917 0.0370542 0.0676377 0.074633 0.0242678 0.0847901 0.0255468 0.0406672 0.0951909 0.0322856 0.0278641 0.0374042 0.0953104 0.0189508 0.0337256 0.0326272 0.0587038 0.0433812 
0.0288369 0.061039 0.0624906 0.0339181 0.0619654 0.0698285 0.0238814 0.0806675 0.0240355 0.0396505 0.116133 0.0333362 0.0319184 0.0354678 0.110538 0.0170144 0.0300319 0.0351382 0.0671672 0.0369427 
0.0284992 0.0495827 0.0590242 0.0320374 0.0575246 0.063911 0.0234459 0.0741433 0.0225859 0.0386354 0.134851 0.0339168 0.0358837 0.0336851 0.12345 0.0157806 0.0274541 0.0375419 0.074844 0.033203 
0.0283357 0.0409589 0.0560269 0.0310258 0.0540607 0.0581839 0.0231286 0.0670379 0.0213739 0.0377512 0.149771 0.0342317 0.0396153 0.0322082 0.13327 0.0150622 0.0258083 0.0397657 0.081222 0.0311624 
0.0388127 0.101176 0.063668 0.072881 0.102915 0.0541264 0.0240079 0.0473528 0.0307408 0.0429539 0.0252898 0.022456 0.0146312 0.0446068 0.0337601 0.045418 0.0647094 0.0261604 0.0305549 0.113779 
0.0377537 0.103948 0.065412 0.0665773 0.0965347 0.0596697 0.025748 0.0559155 0.0316217 0.0432516 0.0292427 0.0250283 0.016033 0.0451762 0.0379446 0.0408176 0.0606313 0.0268518 0.0320813 0.0997609 
0.0363966 0.103793 0.0668077 0.0595161 0.0891199 0.0654774 0.0274826 0.0655176 0.0322419 0.0434289 0.035772 0.0280806 0.0181147 0.0451855 0.0444138 0.0357847 0.0555906 0.0279905 0.0348571 0.0844292 
0.03484 0.0993688 0.0673157 0.052367 0.081226 0.0704154 0.0289006 0.0746132 0.0323151 0.0433837 0.0458881 0.0313744 0.0210852 0.0443752 0.0537979 0.0306265 0.0497954 0.0297309 0.0393694 0.0692114 
0.0332591 0.090432 0.0665012 0.0458824 0.0735168 0.0731818 0.0297007 0.08117 0.0316288 0.0430252 0.0601128 0.0345126 0.0250507 0.0426694 0.066168 0.0258067 0.043743 0.0321364 0.0458134 0.0556896 
0.0318549 0.0782171 0.0643099 0.0406584 0.066588 0.0729507 0.0297392 0.0835678 0.0301801 0.0423323 0.0778274 0.0370521 0.0298941 0.0402665 0.0806508 0.0217907 0.0381005 0.0350979 0.0538413 0.0450802 
0.0307745 0.064983 0.0611602 0.0369284 0.060792 0.0698928 0.02913 0.0815169 0.02822 0.041385 0.0971428 0.0387127 0.035255 0.0375805 0.0955533 0.0188411 0.0334338 0.0383449 0.0625841 0.0377693 
0.0300574 0.0529229 0.0577235 0.0345472 0.0561782 0.0650635 0.0281825 0.0761652 0.0261345 0.0403328 0.115614 0.0395134 0.0406738 0.0350424 0.109061 0.0169275 0.0299883 0.0415678 0.0710062 0.033298 
0.0296501 0.0432974 0.0545786 0.0331646 0.052573 0.0597683 0.0272308 0.0693219 0.0242572 0.0393301 0.131269 0.0397191 0.045801 0.0329212 0.119963 0.0158152 0.027683 0.0445549 0.0783148 0.0307872 
0.029462 0.0363269 0.0520165 0.0324254 0.049703 0.0549858 0.0265046 0.0625668 0.0227671 0.0384909 0.143143 0.039683 0.0505119 0.0312868 0.12787 0.0152233 0.026261 0.0472474 0.0841236 0.0294013 
0.0453789 0.090354 0.0618277 0.0750887 0.0957769 0.0488157 0.0274906 0.042218 0.0346729 0.043946 0.0228533 0.0231864 0.014779 0.0504203 0.0291681 0.0591127 0.0704628 0.0279107 0.0294526 0.107085 
0.0440838 0.0938829 0.0629143 0.0697477 0.0906254 0.053311 0.0299508 0.0495233 0.0361418 0.0442852 0.0254386 0.0262454 0.0161768 0.050929 0.0320878 0.0532426 0.0667159 0.0285567 0.0304931 0.0956481 
0.0422975 0.0956299 0.0638001 0.063426 0.0844001 0.0584506 0.0326172 0.0582799 0.0374462 0.0445565 0.029803 0.0301019 0.0183329 0.0508217 0.0367102 0.0465986 0.0619026 0.0296682 0.0324916 0.0826652 
0.0401073 0.0940845 0.0640878 0.0566711 0.0775087 0.0634707 0.0350811 0.0674241 0.0381907 0.0446778 0.0368408 0.0345494 0.021562 0.049772 0.0437008 0.0395347 0.0561177 0.0314725 0.0359673 0.0691789 
0.0377239 0.0883728 0.0633785 0.0501899 0.0705069 0.067262 0.0368351 0.0752021 0.0379874 0.0445475 0.0473161 0.0391119 0.0261247 0.0476161 0.0534606 0.0326462 0.0497384 0.0341464 0.0413138 0.05652 
0.0354425 0.0788502 0.0614969 0.0446482 0.0639699 0.0687959 0.037467 0.0797497 0.0366486 0.0440941 0.0612928 0.0431135 0.0320502 0.0444939 0.0656998 0.0266264 0.0434091 0.03769 0.0485143 0.045947 
0.0335396 0.0671445 0.0586539 0.0404376 0.0583193 0.0676983 0.0368983 0.0800472 0.0343419 0.0433292 0.0777023 0.0459521 0.0390056 0.0408589 0.079252 0.0219899 0.0378256 0.0418554 0.0569786 0.03817 
0.0321626 0.0554105 0.0553717 0.0375718 0.0537133 0.0644818 0.0354493 0.0764972 0.0315413 0.0423564 0.0945701 0.0474076 0.0463733 0.0372872 0.0924438 0.0188596 0.0334469 0.0462251 0.0657123 0.0331187 
0.0312972 0.0453329 0.0522105 0.0357856 0.0500729 0.0602048 0.0336493 0.0705828 0.0287835 0.0413262 0.109853 0.0477144 0.0535247 0.0342194 0.103808 0.0169947 0.0303606 0.0503985 0.0737277 0.0301532 
0.030827 0.0376298 0.0495308 0.0347335 0.0471868 0.0558928 0.0319693 0.0639893 0.0264407 0.0403795 0.122206 0.0473684 0.0600702 0.0318358 0.112568 0.0159995 0.0283704 0.0541377 0.080371 0.0284932 
0.0520937 0.081278 0.060269 0.0713661 0.0818833 0.0472452 0.0348472 0.043479 0.0414224 0.0452578 0.0223815 0.027546 0.0164257 0.0580222 0.0268371 0.0706357 0.0719046 0.030146 0.0291073 0.0878524 
0.0499326 0.084058 0.0605105 0.0660792 0.0769596 0.0513059 0.0385917 0.0509168 0.0435462 0.0455855 0.025081 0.0321601 0.0185992 0.0578492 0.0299679 0.0622098 0.067541 0.0311929 0.0304435 0.0774698 
0.0471005 0.0847189 0.0603218 0.0601031 0.0713068 0.0557266 0.0423983 0.0593183 0.045199 0.0458324 0.0295869 0.037819 0.0219887 0.0566199 0.0348476 0.052861 0.0620752 0.0329896 0.0329262 0.0662604 
0.0438108 0.0820813 0.0594104 0.0540334 0.0653344 0.0597358 0.0455789 0.0673827 0.045815 0.0459118 0.0366395 0.0440613 0.0270248 0.0540679 0.0419892 0.0433045 0.0557474 0.035834 0.0370283 0.0552089 
0.0404343 0.0757725 0.057595 0.0485251 0.0595331 0.0623953 0.0473899 0.0733665 0.044956 0.0457308 0.0466742 0.050033 0.0339564 0.0502335 0.0515129 0.0344959 0.0490997 0.0398872 0.0429877 0.0454211 
0.037397 0.0665965 0.0549596 0.044071 0.0543313 0.0630377 0.047388 0.0758296 0.0425817 0.0452418 0.0593486 0.054745 0.0426035 0.0455554 0.0628298 0.0273103 0.0428584 0.0450157 0.0505571 0.0377422 
0.035016 0.05626 0.0518677 0.0408372 0.0499643 0.0616531 0.0457115 0.0744282 0.0391438 0.0444812 0.0733952 0.057545 0.0522901 0.0407327 0.0746818 0.0221778 0.0376533 0.0507678 0.058969 0.0324248 
0.0333875 0.0465469 0.0487933 0.0386791 0.0464459 0.0588665 0.043008 0.0700581 0.0353687 0.0435595 0.0870756 0.0584355 0.0620917 0.0364163 0.0856338 0.0189673 0.0337764 0.0565478 0.0672152 0.0291275 
0.0324109 0.0385878 0.0461029 0.037302 0.04364 0.05554 0.0400615 0.0642406 0.0319009 0.0426159 0.0989126 0.0579727 0.0712308 0.0329681 0.094647 0.0171925 0.0311579 0.0618589 0.0744367 0.0272203 
0.0318979 0.0326942 0.0439521 0.0364241 0.0413504 0.0523687 0.0374614 0.0583598 0.0290964 0.041772 0.108131 0.0569105 0.0793127 0.0304376 0.101312 0.0163137 0.0295209 0.0664392 0.0801346 0.0261103 
0.0612709 0.0675593 0.0574627 0.0710346 0.0711471 0.0419283 0.0400587 0.038146 0.0470778 0.0460478 0.0199622 0.0288561 0.016773 0.0657975 0.0223466 0.0925662 0.0751915 0.0313258 0.0279298 0.077519 
0.0588778 0.0705387 0.0570894 0.066929 0.0674538 0.0447509 0.0448774 0.0440391 0.0500612 0.0463865 0.0214605 0.0340485 0.01888 0.0656411 0.0243709 0.0825501 0.0714694 0.0322605 0.0287268 0.0695886 
0.0555207 0.0725105 0.0563401 0.0620184 0.0630981 0.0481321 0.0501519 0.0511443 0.0527689 0.046698 0.0240655 0.0407638 0.0222716 0.0643577 0.0275795 0.0708949 0.0666153 0.0339479 0.0303352 0.060786 
0.0513727 0.072298 0.0550355 0.0567377 0.0583304 0.0516477 0.0550989 0.0586354 0.0544962 0.0469259 0.028352 0.0486676 0.0275294 0.0615754 0.0324344 0.0583802 0.0607456 0.0367894 0.0332058 0.0517421 
0.0468327 0.0691036 0.0530575 0.0516522 0.0535129 0.0546307 0.0586724 0.0651308 0.054539 0.0469863 0.0348403 0.0568653 0.035154 0.0571982 0.039242 0.0461946 0.0542535 0.0411261 0.0377083 0.0433 
0.0424556 0.0629768 0.0504569 0.0472765 0.0490195 0.0564073 0.0599544 0.0691357 0.052543 0.0468029 0.043645 0.0640399 0.045244 0.0515776 0.0478608 0.035632 0.0477942 0.0470269 0.0438903 0.0362605 
0.0387605 0.0549287 0.0474909 0.0438883 0.0451116 0.0566399 0.0586625 0.0697827 0.0487773 0.0463507 0.0541824 0.0689901 0.057244 0.0454672 0.0575488 0.0275904 0.0420746 0.0541356 0.051312 0.0310624 
0.0360305 0.0464718 0.0445304 0.0414709 0.0418767 0.0555005 0.0553425 0.0673018 0.0440504 0.0456768 0.0652614 0.0712301 0.0700439 0.0397191 0.0671689 0.0222369 0.0375688 0.0617432 0.0591361 0.0276395 
0.0342559 0.0389103 0.0418994 0.039814 0.0392559 0.0535222 0.0510407 0.0628003 0.0392978 0.044883 0.0755766 0.0711557 0.0824273 0.0349348 0.0756547 0.0191057 0.0343779 0.0690703 0.0664502 0.0255673 
0.0332332 0.0329156 0.0397657 0.0386698 0.0371177 0.0512858 0.0467648 0.0576044 0.0351846 0.0440859 0.0842117 0.0696933 0.0935254 0.0313235 0.0823753 0.0174807 0.0323072 0.0755405 0.0725741 0.024341 
0.0682435 0.0570047 0.0537285 0.0658617 0.0572007 0.0393652 0.0507422 0.0381928 0.0562782 0.046878 0.0188152 0.0355601 0.0191517 0.0732118 0.0200611 0.106116 0.0729651 0.0326692 0.0273794 0.0605757 
0.0645858 0.0594306 0.0525061 0.0621117 0.0540108 0.0415784 0.0573498 0.0437779 0.0600269 0.0471868 0.0201218 0.0429688 0.0223634 0.0720181 0.0220939 0.0926149 0.0689118 0.0341465 0.0282844 0.0539114 
0.0597952 0.0607404 0.0507951 0.0578541 0.0504309 0.0441771 0.0641061 0.0501295 0.0630049 0.047476 0.0224262 0.0521812 0.0275144 0.0692405 0.0252116 0.0773787 0.0638194 0.0367834 0.0300821 0.0468534 
0.0542356 0.060025 0.0485492 0.0535087 0.0466823 0.0468 0.0697867 0.0563006 0.0642905 0.0476902 0.0261663 0.0624325 0.0353272 0.0646304 0.0297291 0.061723 0.057926 0.0410726 0.0331603 0.0399639 
0.0485267 0.0568337 0.0458424 0.0495322 0.0430407 0.048958 0.0730248 0.0610146 0.0631761 0.0477579 0.0316359 0.0722647 0.046241 0.0583828 0.0357442 0.0473166 0.0517459 0.0473237 0.0377468 0.0338916 
0.0433692 0.0514805 0.0428919 0.0462482 0.0397419 0.0502363 0.0729484 0.0631964 0.0595957 0.0476233 0.0387209 0.0799774 0.0600137 0.0512041 0.0429436 0.0356158 0.0459553 0.0554065 0.043709 0.0291224 
0.0392784 0.0449547 0.0399976 0.0437445 0.0369095 0.0504976 0.0697051 0.0625385 0.054258 0.047275 0.0467907 0.0844207 0.075584 0.0440749 0.0506021 0.0272901 0.0411364 0.0646646 0.0504959 0.0257817 
0.0364176 0.0384378 0.0374285 0.0419083 0.0345504 0.0499163 0.0643791 0.059624 0.0483011 0.046756 0.0549114 0.0855308 0.0914114 0.0378442 0.0578453 0.0220936 0.0375584 0.0741243 0.0573135 0.0236482 
0.0346388 0.0328004 0.0353364 0.040551 0.0325995 0.048833 0.058376 0.0555197 0.0427466 0.0461464 0.0622389 0.0841893 0.10608 0.0329499 0.0639908 0.0192263 0.0351534 0.0828624 0.0634191 0.0223432 
0.0336489 0.028412 0.0337433 0.0395099 0.0309649 0.0475755 0.0528194 0.0512428 0.0381739 0.0455338 0.0682924 0.0816474 0.118711 0.0294178 0.0687274 0.0178143 0.0336534 0.0902671 0.0683244 0.0215206 
0.0770073 0.04516 0.0506308 0.0632874 0.0476415 0.0354047 0.0555747 0.0336759 0.0615463 0.0470737 0.0169966 0.0365919 0.0194089 0.0796446 0.0170123 0.130397 0.0720095 0.0324226 0.0264076 0.0521067 
0.0733121 0.0474322 0.0491203 0.0605846 0.0453625 0.0365841 0.0631394 0.0378178 0.0661498 0.0473255 0.0174966 0.0442254 0.0222916 0.078636 0.0183122 0.115903 0.0687907 0.0336246 0.0267996 0.0470917 
0.0681994 0.0494121 0.0471328 0.0573818 0.0427928 0.0381779 0.0714048 0.0428368 0.0703073 0.0475935 0.0185337 0.0541524 0.0270329 0.0760811 0.0202802 0.0987082 0.0646233 0.0358966 0.0277683 0.0416846 
0.0619436 0.0502992 0.0446628 0.0539346 0.0400319 0.0400644 0.0791414 0.0481646 0.0729774 0.0478535 0.0204174 0.0658733 0.0344945 0.0715897 0.0231499 0.0801013 0.0596131 0.0398178 0.0296528 0.0362169 
0.0551457 0.0494341 0.0418144 0.0505856 0.0372461 0.0419912 0.0846909 0.052855 0.0731434 0.0480602 0.023446 0.0780277 0.045425 0.0651598 0.0270832 0.0619756 0.0541082 0.0459054 0.0327451 0.0311575 
0.0486147 0.0466201 0.0388043 0.0476361 0.0346077 0.0436457 0.0865898 0.0558847 0.0703251 0.0481612 0.0277324 0.0886343 0.0600054 0.057347 0.0320194 0.0463058 0.0486741 0.0543218 0.0371219 0.0269487 
0.0430849 0.0422747 0.0359041 0.0452321 0.0322354 0.0447828 0.0843512 0.0566439 0.0649368 0.048116 0.0330508 0.0958938 0.077485 0.0491434 0.037592 0.0343965 0.0439072 0.0646358 0.0425182 0.0238155 
0.0389484 0.0372374 0.0333484 0.0433469 0.0301739 0.0453208 0.0787656 0.0552441 0.058138 0.047915 0.0388594 0.0990486 0.0962732 0.0415859 0.0432154 0.0264513 0.0401982 0.0758686 0.048364 0.0216971 
0.0361929 0.032365 0.0312696 0.0418611 0.0284147 0.0453373 0.0714324 0.0523894 0.0512509 0.0475855 0.0445228 0.0986231 0.114515 0.0353665 0.0483121 0.0217719 0.0376186 0.0868404 0.0539875 0.0203438 
0.0345449 0.0282199 0.0296891 0.0406564 0.0269234 0.0449931 0.0639583 0.0489599 0.0452243 0.0471804 0.0495658 0.0959455 0.130736 0.0307013 0.0525151 0.0193162 0.0359858 0.0965689 0.0588411 0.0194753 
0.0809315 0.0377172 0.0463356 0.0580198 0.0380911 0.033179 0.0671704 0.0334266 0.0707048 0.0472318 0.0158662 0.0446085 0.0221353 0.0836795 0.0159041 0.138423 0.0667494 0.0326191 0.0258123 0.0413947 
0.0758211 0.0397676 0.0442513 0.0557256 0.0362774 0.0339178 0.0764125 0.0372096 0.075791 0.0474259 0.0161693 0.0546095 0.0262748 0.0814715 0.017199 0.120339 0.06348 0.0344526 0.0262068 0.0371979 
0.0692648 0.0414515 0.041692 0.0531586 0.0343155 0.0350035 0.0857884 0.041526 0.0797573 0.0476463 0.0169352 0.0670098 0.0329789 0.0773767 0.0190374 0.0997721 0.0594361 0.0377985 0.0272106 0.0328414 
0.0617711 0.0421199 0.0387671 0.0505274 0.0322784 0.036376 0.093572 0.0457453 0.0813878 0.0478768 0.0184029 0.0807419 0.0432019 0.0711943 0.0215504 0.0786285 0.0548132 0.0433003 0.0291058 0.0286396 
0.0541609 0.0413087 0.0356965 0.0480604 0.0302633 0.0378876 0.0978672 0.0490306 0.0798029 0.0480886 0.0207518 0.0938357 0.0575338 0.0632587 0.0247754 0.0592347 0.0500273 0.0513884 0.0320716 0.0249561 
0.0473209 0.0389778 0.032749 0.0459092 0.0283528 0.0393387 0.0974864 0.0506818 0.0749908 0.0482448 0.0239756 0.104049 0.0757033 0.0544498 0.0285705 0.043529 0.0456117 0.061956 0.0360538 0.0220497 
0.0418749 0.0355503 0.0301528 0.0441032 0.0265969 0.040544 0.0926276 0.0504869 0.0679142 0.0483104 0.0278243 0.109878 0.0963819 0.0458832 0.0326102 0.0323422 0.0420116 0.0742218 0.0407172 0.0199687 
0.0380087 0.0316962 0.0280353 0.0425855 0.025021 0.0413901 0.0847538 0.0487942 0.0600428 0.0482671 0.0318909 0.111213 0.117552 0.038472 0.0364929 0.0253093 0.0394183 0.086939 0.0455431 0.0185741 
0.0355395 0.0280287 0.026419 0.0412854 0.0236382 0.0418544 0.0757959 0.0462687 0.0526792 0.0481223 0.0357869 0.109165 0.137228 0.0326636 0.039894 0.0213738 0.0377557 0.0988339 0.0500142 0.0176532 
0.0341137 0.0249253 0.0252555 0.0401615 0.0224508 0.0419879 0.0673533 0.0435655 0.0465688 0.0479041 0.0392774 0.105356 0.154026 0.0284633 0.0426597 0.0193942 0.0367865 0.108967 0.0537609 0.0170225 
0.087106 0.0305628 0.0441586 0.055091 0.0325281 0.0310559 0.0696048 0.030423 0.0737168 0.0470436 0.0149137 0.0443751 0.0219743 0.0871669 0.0144466 0.15841 0.063604 0.0314209 0.0251896 0.0372085 
0.0822569 0.0323635 0.0421261 0.0534615 0.0312199 0.0311824 0.0792347 0.0332019 0.0793874 0.0471452 0.014827 0.0539297 0.0254525 0.0853156 0.0153796 0.140542 0.0610874 0.0328261 0.0252247 0.0338364 
0.0757611 0.0342752 0.0396207 0.0516251 0.029836 0.0315957 0.089638 0.0365749 0.0843876 0.0472825 0.014975 0.0662536 0.0311996 0.0817554 0.0166385 0.119205 0.0579342 0.0355317 0.0256416 0.0302691 
0.0679939 0.035769 0.0367299 0.0496712 0.0283845 0.0323517 0.0992242 0.0401566 0.0874358 0.0474595 0.0155367 0.0806724 0.0402516 0.0761229 0.0182976 0.0961181 0.0542188 0.0402173 0.026683 0.0267059 
0.059701 0.0363128 0.0336575 0.0477345 0.0268983 0.0334469 0.105911 0.0433236 0.0873497 0.0476739 0.0166883 0.095482 0.0535001 0.0685084 0.0204021 0.0737187 0.0502072 0.0474961 0.0285567 0.0234312 
0.0518283 0.0355864 0.0306707 0.0459304 0.0254117 0.0347933 0.107924 0.0454184 0.0836523 0.0479105 0.0185166 0.108302 0.0711764 0.0595854 0.022913 0.0544405 0.0463235 0.0575841 0.0313307 0.0207023 
0.0451878 0.0336451 0.0280077 0.0443066 0.023954 0.0362252 0.104715 0.0460557 0.0769288 0.0481369 0.0209441 0.117028 0.0924373 0.0504251 0.0256763 0.0398061 0.0430026 0.0700264 0.0348549 0.0186364 
0.0401859 0.0308876 0.025809 0.0428485 0.0225575 0.0375467 0.0972753 0.0453026 0.0685859 0.0483128 0.0237403 0.120786 0.115433 0.0420815 0.0284548 0.0299946 0.040517 0.0837182 0.03878 0.0171836 
0.0367917 0.0278505 0.0241089 0.0415257 0.0212637 0.0385979 0.0875727 0.0435939 0.0601758 0.0484074 0.0266213 0.120175 0.137902 0.0352297 0.0310146 0.0241434 0.038896 0.0972596 0.0426764 0.0161932 
0.0347013 0.0249896 0.0228682 0.0403292 0.0201141 0.0393034 0.0776146 0.0414826 0.0528049 0.0484123 0.0293668 0.116743 0.157919 0.0300666 0.0332081 0.0210089 0.0379764 0.109409 0.0461746 0.0155073 
0.0874449 0.0270706 0.0406171 0.051113 0.0275447 0.029555 0.0803776 0.0305087 0.0814012 0.0468767 0.0141087 0.0525803 0.0247145 0.0879095 0.0143134 0.158192 0.0581639 0.0312975 0.0246247 0.0315857 
0.081285 0.0288835 0.0382675 0.0497953 0.0265383 0.0294904 0.0911762 0.0331035 0.0870851 0.0469225 0.0139372 0.0642534 0.0294882 0.0848856 0.0152652 0.137238 0.0557353 0.033405 0.0246821 0.0285629 
0.0736101 0.0306957 0.0355122 0.0483885 0.0255035 0.0297197 0.10195 0.0360554 0.0913259 0.0470147 0.0140024 0.078546 0.0371903 0.0799401 0.0164539 0.113416 0.052831 0.0372286 0.0251632 0.0254527 
0.0650336 0.0320252 0.0325188 0.0469405 0.024428 0.030331 0.110675 0.0389287 0.0927779 0.0471689 0.01446 0.0941774 0.0488731 0.072942 0.0179 0.0890301 0.0495878 0.0434635 0.0262678 0.0224705 
0.0564706 0.0324333 0.0295376 0.0455101 0.023303 0.0313465 0.115218 0.041167 0.0905541 0.0473938 0.0154284 0.108925 0.0651787 0.064311 0.0195917 0.0667766 0.0463048 0.0525742 0.0281203 0.0198555 
0.0488483 0.031716 0.0268163 0.0441319 0.0221246 0.0326825 0.114312 0.0423215 0.0847597 0.047676 0.0169208 0.120355 0.0858248 0.0549689 0.0214609 0.0488011 0.0433592 0.0644613 0.030692 0.0177672 
0.0427797 0.0300001 0.0245196 0.0428075 0.02091 0.0341548 0.108246 0.0422659 0.0765315 0.0479757 0.0188208 0.126876 0.109388 0.0460077 0.0233844 0.0359592 0.041057 0.0783122 0.033777 0.0162266 
0.0384233 0.0276643 0.0227049 0.0415309 0.0197066 0.0355402 0.098692 0.0412296 0.0674967 0.0482421 0.0209311 0.128386 0.133645 0.0382853 0.0252198 0.0278013 0.0395159 0.0927927 0.0370513 0.0151412 
0.0355783 0.0251541 0.0213497 0.0403174 0.0185806 0.0366613 0.0878484 0.0396419 0.059074 0.0484358 0.0230614 0.126078 0.156301 0.0322099 0.0268575 0.0231497 0.0386564 0.106483 0.0401829 0.01438 
0.0338823 0.022827 0.0203929 0.0392086 0.0175922 0.0374395 0.0775751 0.0379312 0.0520792 0.0485397 0.0250944 0.121722 0.175629 0.0277767 0.0282567 0.0207421 0.0382787 0.118274 0.0429237 0.0138354 
