20 hexa 10 10 gaussian
#SNAPSHOT FILE
#iterations: 13000 (40000 total)
0.0354648 0.10298 0.0642027 0.0680087 0.101799 0.0567137 0.0247251 0.0487802 0.0304869 0.0427181 0.028655 0.0242156 0.0158992 0.0437604 0.038076 0.0447202 0.059566 0.0243203 0.0333245 0.111584 
0.0352145 0.0992163 0.0646946 0.0643746 0.0974053 0.0599852 0.0257994 0.0534955 0.0308743 0.0431332 0.033373 0.0258685 0.0178364 0.0434655 0.0427549 0.0416832 0.0568034 0.025394 0.035966 0.102663 
0.034889 0.0939796 0.0648808 0.0602079 0.0920361 0.0632397 0.0269295 0.0585005 0.0311235 0.0434048 0.0400637 0.0278576 0.0204178 0.0428484 0.0490165 0.0382648 0.0535237 0.0269491 0.0395455 0.092322 
0.0344495 0.0871949 0.0645839 0.0556605 0.0857838 0.066047 0.0279959 0.0633194 0.0311284 0.0434696 0.0490673 0.0301512 0.0237305 0.0418509 0.0570095 0.0345468 0.0497759 0.0290522 0.0441268 0.0810566 
0.0338798 0.0790776 0.0636856 0.0509942 0.0789062 0.0679349 0.028857 0.0673549 0.0308027 0.0432843 0.0603996 0.0326366 0.0277645 0.0404768 0.0665931 0.030712 0.045717 0.0316924 0.0496062 0.0696249 
0.0331979 0.0701697 0.0621886 0.0465473 0.0718228 0.0685454 0.0293936 0.0700581 0.0301159 0.0428495 0.0735849 0.0351263 0.0323698 0.0388105 0.0772484 0.0270198 0.0416086 0.0347534 0.0556745 0.0589155 
0.0324512 0.0612252 0.0602341 0.0426406 0.0650275 0.0677827 0.0295608 0.0711364 0.0291175 0.0422166 0.0876832 0.037412 0.0372702 0.0370033 0.0881584 0.0237306 0.0377514 0.038028 0.0618708 0.0496997 
0.0316968 0.0529769 0.0580517 0.0394764 0.0589473 0.065848 0.0294126 0.0706597 0.0279259 0.0414719 0.101554 0.0393417 0.042147 0.0352259 0.0984538 0.0210171 0.0343896 0.0412797 0.0677177 0.0424067 
0.030981 0.0459219 0.0558716 0.0370951 0.0538326 0.0631375 0.02908 0.0689915 0.0266873 0.0407057 0.114199 0.0408698 0.0467421 0.0336146 0.107472 0.0189237 0.0316457 0.0443144 0.0728585 0.0370569 
0.0303311 0.0402444 0.0538542 0.0354084 0.0497321 0.0600835 0.0287204 0.0666107 0.0255304 0.0399877 0.124982 0.0420557 0.0509214 0.0322413 0.114877 0.017388 0.0295204 0.0470247 0.0771174 0.0333686 
0.0388948 0.0954672 0.0629925 0.0656474 0.0934125 0.0560523 0.0291101 0.0498114 0.0344056 0.0436305 0.0293861 0.0272212 0.0178076 0.0475347 0.0376565 0.0501734 0.0600986 0.0262223 0.0338195 0.100656 
0.0383636 0.0913635 0.0630783 0.061874 0.0887609 0.0591604 0.0306443 0.0545393 0.0349684 0.0440059 0.0345078 0.0295731 0.0204383 0.0468417 0.042663 0.0461443 0.0570443 0.027735 0.036738 0.0915561 
0.0376759 0.0858226 0.0627616 0.0576938 0.0832505 0.062088 0.0321609 0.0593427 0.0352806 0.0442131 0.0415923 0.0323338 0.0239244 0.0456957 0.0492162 0.0416629 0.0534743 0.029854 0.0405917 0.0813652 
0.0368144 0.0788989 0.0619106 0.0533018 0.0770492 0.0644066 0.0334739 0.0636972 0.0352078 0.0441968 0.0508282 0.0354025 0.0283338 0.0440682 0.0573391 0.0369085 0.0494846 0.0326221 0.0453769 0.0706792 
0.0358042 0.0709437 0.0604867 0.0489837 0.0704801 0.0657131 0.0343939 0.0670293 0.0346629 0.0439317 0.062026 0.0385732 0.0335831 0.0420248 0.0667367 0.0321766 0.045286 0.0359735 0.0509064 0.060285 
0.034713 0.0625743 0.058581 0.0450523 0.0639766 0.0657782 0.0347993 0.06891 0.0336511 0.0434395 0.0745385 0.0415769 0.0394106 0.0397284 0.0767829 0.0278119 0.0411719 0.0397197 0.0568114 0.0509726 
0.0336272 0.0545048 0.0563917 0.0417498 0.0579716 0.0646414 0.0346941 0.0692211 0.0322808 0.0427871 0.0873942 0.044174 0.0454349 0.0373956 0.0866757 0.0240962 0.0374311 0.0435926 0.0626329 0.0433035 
0.0326195 0.0473239 0.05415 0.0391775 0.0527753 0.0625792 0.034208 0.0681767 0.0307277 0.0420622 0.0995923 0.0462393 0.0512771 0.0352254 0.0956879 0.021162 0.0342598 0.0473268 0.0679596 0.0374701 
0.0317316 0.0413537 0.0520407 0.0372956 0.0485158 0.0599774 0.033542 0.0661949 0.0291739 0.041345 0.110375 0.0477887 0.0566712 0.033346 0.103352 0.0189854 0.0317257 0.0507324 0.0725274 0.0333263 
0.0309754 0.0366451 0.0501624 0.0359809 0.0451565 0.0571988 0.0328978 0.0637256 0.0277608 0.0406911 0.11933 0.0489482 0.061507 0.031802 0.109493 0.017442 0.0297905 0.0537239 0.0762379 0.0305315 
0.0435785 0.0898318 0.061038 0.0662584 0.0878039 0.0520057 0.0329704 0.0461898 0.0384991 0.044139 0.0260592 0.0286069 0.0178434 0.0524285 0.0329712 0.0611684 0.063136 0.027134 0.0319072 0.0964311 
0.0428181 0.0867858 0.060964 0.0628832 0.0838591 0.0547916 0.0349689 0.0505011 0.0394328 0.044586 0.0298311 0.0313361 0.0204797 0.0516742 0.0368472 0.0564638 0.0603421 0.0285845 0.0342018 0.0886495 
0.0418397 0.0824933 0.0605586 0.0591159 0.0791261 0.0575984 0.037025 0.0550788 0.0401353 0.0449045 0.0351711 0.0345955 0.0240742 0.050401 0.0420243 0.0511122 0.0570162 0.0306828 0.0373186 0.0797289 
0.0406225 0.0768884 0.0596909 0.0550933 0.073702 0.0600786 0.0389179 0.0595009 0.0404246 0.0450389 0.0423501 0.0383108 0.0287792 0.0485405 0.0486244 0.0452812 0.053202 0.0335277 0.0413243 0.0701023 
0.039196 0.0701453 0.0582964 0.051038 0.067816 0.0618468 0.0403876 0.0632332 0.0401482 0.0449472 0.0513888 0.0422765 0.0346058 0.0461247 0.0565378 0.0392894 0.0490489 0.0371185 0.0461434 0.0604118 
0.0376482 0.0627049 0.0564222 0.0472274 0.0618186 0.0626029 0.0412157 0.0657777 0.0392444 0.0446237 0.061927 0.0461747 0.041352 0.0433097 0.0653512 0.0335626 0.0448128 0.0413131 0.0515222 0.0513897 
0.0361025 0.0551848 0.0542284 0.0439138 0.0561062 0.0622493 0.0413181 0.0668577 0.0377824 0.0441081 0.0732393 0.0496678 0.0486157 0.0403459 0.0744084 0.0285118 0.0407958 0.0458397 0.0570692 0.0436554 
0.034674 0.0481936 0.051934 0.0412437 0.0510137 0.0609227 0.0407854 0.0665154 0.0359466 0.0434739 0.0844327 0.0525182 0.0559083 0.0375012 0.0830044 0.0244002 0.0372524 0.0503728 0.0623661 0.0375411 
0.0334345 0.042156 0.0497383 0.0392278 0.0467304 0.0589196 0.0398428 0.0650588 0.0339697 0.0428023 0.0947132 0.0546598 0.0628079 0.0349781 0.0905918 0.0212851 0.0343221 0.0546293 0.0670858 0.0330466 
0.0324062 0.0372453 0.0477673 0.0377751 0.0432865 0.056575 0.0387605 0.0629105 0.03206 0.0421595 0.103559 0.0561879 0.0690579 0.0328753 0.0968815 0.0190569 0.032023 0.058432 0.0710505 0.0299309 
0.048246 0.0803979 0.058574 0.0631804 0.0774981 0.0503464 0.0397387 0.0465167 0.0443647 0.0451453 0.0259577 0.0330242 0.020527 0.0572436 0.0316282 0.0693564 0.0631726 0.0294054 0.0319422 0.0837348 
0.0469609 0.0772821 0.0580348 0.0598363 0.0735351 0.0528427 0.0423895 0.050707 0.0455173 0.045537 0.0298013 0.0367652 0.0241436 0.0558725 0.0355722 0.0630954 0.0601432 0.0314355 0.0343607 0.0761682 
0.0453513 0.0730192 0.0571035 0.0562357 0.0689325 0.0552352 0.0449574 0.0549703 0.0462618 0.045787 0.0351105 0.0411293 0.0290217 0.053818 0.0407164 0.0560944 0.0565961 0.0342848 0.037571 0.067804 
0.0434458 0.0676391 0.0557024 0.052541 0.0638389 0.0572006 0.0471235 0.0588534 0.0463804 0.0458496 0.0420282 0.0459361 0.0352831 0.0510669 0.0470767 0.0486795 0.0526205 0.0380256 0.0415833 0.0591259 
0.0413476 0.0614018 0.0538438 0.0489773 0.0585142 0.0584307 0.0485673 0.0618572 0.0457296 0.0456995 0.0504238 0.0508448 0.0428288 0.0477473 0.0544303 0.041342 0.0484166 0.0425871 0.0462578 0.0507528 
0.0392188 0.0547761 0.0516487 0.0457799 0.0532916 0.0587409 0.0490849 0.0636008 0.0443089 0.0453488 0.0598347 0.0554287 0.0512935 0.0441233 0.0623051 0.0346279 0.0442668 0.04773 0.0513014 0.0432891 
0.0372291 0.0483146 0.0493134 0.0431182 0.0484929 0.0581398 0.0486805 0.0639647 0.0422786 0.044848 0.069557 0.0593164 0.0601205 0.0405234 0.0700944 0.0289677 0.0404569 0.0530963 0.056337 0.0371507 
0.0355005 0.0424878 0.0470415 0.0410459 0.0443424 0.0568111 0.0475644 0.0631154 0.0399044 0.0442683 0.0788547 0.062316 0.0687322 0.0372364 0.0772417 0.0245535 0.0371899 0.0583135 0.0610131 0.0324675 
0.0340827 0.0375701 0.0449807 0.0395092 0.0409271 0.0550252 0.0460617 0.0614032 0.0374647 0.0436786 0.0871575 0.0644496 0.0766905 0.0344383 0.0833806 0.0213349 0.0345485 0.0630945 0.0650889 0.029114 
0.0329642 0.0336295 0.0431976 0.0383971 0.038214 0.0530443 0.0444991 0.0592192 0.0351794 0.0431291 0.0941417 0.0659009 0.0837645 0.0321806 0.0883616 0.0191083 0.0325098 0.0672831 0.0684549 0.0268214 
0.0544747 0.0726167 0.0559888 0.0627858 0.0700812 0.0460572 0.0446699 0.0427312 0.0494996 0.045674 0.0228105 0.0345026 0.0205604 0.0633072 0.0270745 0.0845496 0.0652962 0.0301015 0.0299639 0.0772553 
0.0529053 0.0705369 0.0552968 0.059845 0.066839 0.0481231 0.0479218 0.046431 0.0511263 0.0461017 0.0254392 0.0386522 0.0240997 0.0618786 0.029979 0.0774475 0.0625998 0.0320091 0.0317584 0.0710099 
0.0509091 0.067538 0.0542786 0.0566778 0.0630461 0.0502361 0.0512044 0.050362 0.0523858 0.0464243 0.0291645 0.0435934 0.0289971 0.0596881 0.0338361 0.0692962 0.0593893 0.034775 0.0342183 0.0639799 
0.048508 0.0635466 0.0528522 0.0533953 0.0587851 0.0521549 0.0541627 0.0541692 0.0530036 0.0466035 0.034175 0.0491939 0.0354853 0.0566723 0.0387271 0.0604101 0.0557048 0.0385435 0.037409 0.0564984 
0.0458106 0.0586644 0.051004 0.0501669 0.0542327 0.0536106 0.0563862 0.0574025 0.0527513 0.0466064 0.0404913 0.0551263 0.0435983 0.0529134 0.0445701 0.0513197 0.0516838 0.0433314 0.0412853 0.0490451 
0.043011 0.0531909 0.0488176 0.0471919 0.0496447 0.0543885 0.057537 0.0596395 0.0515354 0.0464243 0.0478774 0.0609057 0.0530687 0.0486624 0.0510704 0.042691 0.0475642 0.0489686 0.04566 0.042151 
0.0403376 0.0475646 0.0464606 0.0446394 0.0453017 0.0544059 0.0574882 0.0606364 0.0494545 0.0460819 0.0558483 0.0660284 0.0633384 0.0442874 0.0577645 0.0351411 0.0436311 0.0551056 0.0502313 0.0362535 
0.03798 0.0422357 0.0441302 0.0425921 0.0414332 0.0537361 0.0563811 0.0604121 0.0467741 0.0456314 0.0637992 0.0701429 0.07371 0.0401625 0.0641528 0.0290501 0.0401312 0.0613052 0.0546649 0.0315755 
0.0360383 0.0375387 0.041989 0.0410319 0.0381657 0.0525628 0.0545598 0.0592119 0.0438309 0.0451348 0.0711828 0.0731475 0.0835537 0.0365578 0.0698435 0.024487 0.037209 0.0671672 0.0586856 0.0281026 
0.0345204 0.0336344 0.0401272 0.0398724 0.0355158 0.051102 0.0524357 0.0573867 0.0409287 0.0446449 0.0776281 0.0751712 0.0924479 0.0335952 0.0746226 0.0212744 0.0348957 0.072417 0.0621275 0.0256527 
0.059379 0.0628475 0.0524962 0.0592271 0.0595918 0.0437329 0.0532077 0.0424529 0.056581 0.0465868 0.022008 0.040089 0.0239243 0.0680678 0.0253214 0.0935676 0.0642005 0.0323308 0.0295399 0.0648481 
0.0570521 0.0609474 0.0513892 0.0564688 0.0565445 0.0454519 0.0571776 0.0459443 0.0583683 0.0469412 0.0244769 0.0454666 0.0286774 0.0658176 0.0281214 0.0844312 0.0613688 0.0349229 0.0313381 0.0590944 
0.0541978 0.058249 0.0499369 0.0536046 0.05309 0.0471408 0.0609503 0.0495026 0.0595478 0.047191 0.027905 0.0517179 0.0351488 0.0626388 0.0317414 0.0741867 0.0580569 0.0385802 0.0337624 0.0528514 
0.0509181 0.0547329 0.0481073 0.050753 0.0493336 0.0485951 0.0640536 0.0527546 0.0598147 0.0473081 0.0323904 0.0585658 0.0435147 0.0585556 0.0361846 0.0633685 0.0543441 0.0434118 0.0368346 0.0464592 
0.0474234 0.0505396 0.0459494 0.0480688 0.045454 0.049616 0.0660241 0.055289 0.0589722 0.0472732 0.0378594 0.0655148 0.0536537 0.0537787 0.0412977 0.0527267 0.0504103 0.0493444 0.0404621 0.0403427 
0.0439941 0.0459633 0.0435983 0.0457032 0.0416733 0.0500766 0.0665755 0.0567878 0.0570238 0.0470898 0.0440282 0.0719591 0.0650838 0.0486858 0.0467661 0.0430568 0.0465118 0.0560838 0.0444322 0.034907 
0.040896 0.041377 0.0412361 0.0437513 0.0382021 0.0499647 0.0657234 0.057142 0.0541925 0.0467875 0.0504566 0.077378 0.0770574 0.0437183 0.0521892 0.0349637 0.0429116 0.0631713 0.0484602 0.0304216 
0.0383016 0.0371224 0.0390321 0.0422239 0.0351847 0.0493754 0.0637749 0.0564761 0.0508436 0.0464131 0.0566775 0.0815007 0.0887794 0.0392477 0.0572001 0.0287012 0.0398034 0.070112 0.0522693 0.0269611 
0.0362622 0.0334253 0.0370971 0.041061 0.0326769 0.0484607 0.0611967 0.0550712 0.0473595 0.0460144 0.0623204 0.084349 0.0996183 0.0354873 0.0615549 0.0241795 0.0372743 0.0765036 0.0556564 0.0244315 
0.0347322 0.0303747 0.035471 0.0401717 0.0306572 0.0473736 0.0584563 0.053252 0.0440436 0.0456285 0.0671669 0.0861619 0.1092 0.0324873 0.0651513 0.0210955 0.0353138 0.0821005 0.0585153 0.0226471 
0.0659891 0.0549193 0.0498066 0.0581508 0.0524159 0.0399003 0.0578511 0.0389344 0.061507 0.046979 0.0194003 0.0409757 0.0236226 0.0740416 0.0216074 0.11051 0.0648879 0.0323792 0.0277185 0.058404 
0.0634308 0.0538938 0.0486231 0.0557508 0.05001 0.0411881 0.0624148 0.0419427 0.063784 0.047336 0.0209324 0.0466027 0.0280838 0.0718188 0.0235961 0.100693 0.062446 0.0347208 0.0289658 0.0537668 
0.0602232 0.0522965 0.0471559 0.0532729 0.0472795 0.0425426 0.066945 0.0451461 0.0655339 0.0476149 0.0231394 0.0532899 0.0343003 0.0685997 0.0262015 0.0893731 0.0595491 0.0381359 0.030725 0.0486759 
0.0564482 0.050029 0.0453606 0.0507942 0.0442736 0.0438275 0.0709443 0.0482551 0.0663946 0.0478002 0.0261439 0.0608396 0.0425774 0.0643449 0.0294656 0.0770477 0.0562292 0.0428171 0.0330578 0.0433497 
0.0523126 0.0471037 0.0432569 0.048426 0.0411024 0.0448876 0.073853 0.0509045 0.0660707 0.0478742 0.0299696 0.0687968 0.0529639 0.0592029 0.0333288 0.0644975 0.0526053 0.0488008 0.0359439 0.0380991 
0.0481292 0.0436689 0.0409449 0.0462909 0.037925 0.0455932 0.0752235 0.0527501 0.0644499 0.0478276 0.034487 0.0765079 0.0651222 0.0535256 0.0376026 0.052657 0.048886 0.0558895 0.0392562 0.0332629 
0.0442359 0.0399853 0.038584 0.0444823 0.0349155 0.045883 0.0749007 0.0535898 0.0616695 0.0476703 0.0394158 0.0833049 0.0783421 0.0477916 0.0419978 0.0423615 0.0453238 0.063656 0.0427772 0.0291134 
0.0408924 0.0363517 0.0363423 0.04303 0.0322169 0.0457793 0.0730886 0.0534312 0.0580798 0.0474298 0.0443986 0.0887247 0.0917279 0.0424636 0.0462069 0.0341055 0.0421412 0.0715511 0.0462559 0.025783 
0.0382184 0.0330189 0.0343462 0.0418987 0.0299095 0.0453666 0.0702567 0.0524668 0.0541192 0.0471425 0.0491049 0.0926293 0.104452 0.0378609 0.04999 0.0279596 0.0394745 0.0790564 0.0494752 0.0232537 
0.0361997 0.0301393 0.0326568 0.0410148 0.0280074 0.0447518 0.0669593 0.0509816 0.0501823 0.0468416 0.0533041 0.0951771 0.115933 0.0341138 0.0532164 0.0236678 0.0373605 0.0857958 0.0522926 0.0214051 
0.0696799 0.0470057 0.0461463 0.0547192 0.0439571 0.0376282 0.0665882 0.0384983 0.0683162 0.0476123 0.0183587 0.0469792 0.0272829 0.0773406 0.0201691 0.117109 0.0626771 0.0342287 0.0270995 0.0486037 
0.0662579 0.0462629 0.0446774 0.0525708 0.0418319 0.0386182 0.0717503 0.0413013 0.0705902 0.0478922 0.0196816 0.0538558 0.0330496 0.0742075 0.0220197 0.10513 0.0601975 0.0373001 0.0283141 0.0444911 
0.0621311 0.0450352 0.0429316 0.050427 0.0394804 0.0396394 0.0765765 0.0441646 0.0720613 0.0481062 0.0215727 0.0618291 0.0409286 0.0699504 0.0243678 0.0916927 0.0573077 0.0416592 0.0300131 0.0401257 
0.057481 0.0432471 0.0409047 0.0483615 0.0369573 0.040589 0.0804545 0.0467851 0.0723543 0.0482459 0.0241018 0.0705293 0.0511347 0.0646415 0.0272058 0.0775456 0.0540719 0.0474488 0.0322248 0.035716 
0.0526257 0.040923 0.0386626 0.0464658 0.0343635 0.041362 0.0827987 0.0488303 0.0712361 0.0483004 0.0272417 0.0793186 0.0635182 0.0585737 0.0304353 0.0636955 0.0506427 0.0545927 0.034893 0.031521 
0.0479556 0.0382004 0.0363368 0.0448215 0.0318283 0.0418822 0.0832635 0.0500425 0.0687251 0.0482665 0.0308424 0.0874336 0.0774929 0.052223 0.0338669 0.0511764 0.0472401 0.0627474 0.0378702 0.0277849 
0.0438193 0.0352986 0.0340859 0.0434679 0.0294777 0.0421255 0.081889 0.0503311 0.0651076 0.0481539 0.0346595 0.0942266 0.0921506 0.0461184 0.0372664 0.0407496 0.0440928 0.0713647 0.0409492 0.0246659 
0.0404264 0.0324523 0.0320457 0.0423895 0.0274026 0.0421192 0.0790784 0.0497936 0.0608385 0.0479833 0.0384254 0.0993619 0.106519 0.040686 0.0404225 0.0327174 0.0413733 0.0798429 0.04392 0.0222027 
0.0378207 0.0298485 0.0302966 0.0415307 0.0256433 0.0419213 0.0754291 0.0486572 0.0563893 0.0477794 0.0419212 0.102862 0.119807 0.0361564 0.0431969 0.0269452 0.0391631 0.0876784 0.0466194 0.0203338 
0.0359208 0.027597 0.0288597 0.0408266 0.0241957 0.0415956 0.0715354 0.0471898 0.0521332 0.0475626 0.0450131 0.105015 0.131519 0.032569 0.0455345 0.0230327 0.0374582 0.0945451 0.0489518 0.018946 
0.0755061 0.0407587 0.0440725 0.0535699 0.0387256 0.0348201 0.0695649 0.0356574 0.0718208 0.0477775 0.0165589 0.0466846 0.0263665 0.0821402 0.017667 0.132769 0.0622332 0.0335486 0.0257046 0.0440544 
0.0720209 0.0406135 0.0426136 0.0516846 0.0370745 0.0354711 0.0751849 0.0380582 0.0745256 0.0480462 0.0172765 0.0535132 0.0315543 0.0792042 0.0189871 0.120609 0.0601389 0.0362175 0.0264938 0.0407129 
0.0677137 0.0401743 0.0409255 0.0498181 0.0352555 0.0362014 0.080698 0.0406239 0.0765649 0.048263 0.0183796 0.0616184 0.0388011 0.0751058 0.02067 0.106565 0.0576726 0.0401307 0.0276781 0.0371409 
0.0627236 0.0393172 0.0389881 0.0480158 0.0332834 0.0369558 0.0854864 0.043117 0.0775109 0.0484326 0.0199524 0.0707437 0.0484605 0.0698359 0.0227291 0.0912931 0.0548546 0.0455195 0.0293141 0.0334665 
0.0573446 0.0379771 0.0368369 0.0463412 0.0312101 0.0376655 0.0888712 0.0452401 0.0770237 0.0485501 0.0220256 0.0803266 0.0605828 0.0636034 0.0251215 0.0757922 0.051782 0.0524343 0.0313979 0.0298733 
0.0519889 0.03618 0.0345732 0.0448588 0.0291204 0.038265 0.0903256 0.0467144 0.0749849 0.0486081 0.0245429 0.0895783 0.0747702 0.0568407 0.0277341 0.061225 0.0486294 0.0606539 0.033845 0.0265613 
0.0470797 0.0340477 0.0323391 0.0436094 0.0271137 0.0387106 0.0896845 0.0473765 0.0715719 0.0486038 0.0273577 0.0977055 0.0901976 0.0501044 0.0304023 0.0486058 0.0456108 0.0696897 0.0364998 0.0236897 
0.0429262 0.0317644 0.030273 0.0425917 0.0252781 0.0389908 0.0872128 0.0472331 0.0672059 0.0485425 0.0302727 0.104164 0.105826 0.0439119 0.0329558 0.0385181 0.0429172 0.0789072 0.0391759 0.021333 
0.0396558 0.0295191 0.0284713 0.041767 0.0236704 0.0391208 0.0834859 0.0464419 0.0624046 0.0484371 0.0330974 0.108793 0.120688 0.038606 0.0352654 0.0310285 0.0406681 0.0876985 0.041704 0.0194771 
0.0372305 0.027459 0.026974 0.0410809 0.0223108 0.0391296 0.0791747 0.045239 0.0576307 0.0483017 0.035693 0.111777 0.134087 0.0343131 0.0372637 0.0258128 0.038898 0.0956097 0.0439655 0.0180499 
0.0773225 0.0356397 0.0410115 0.0507722 0.0331521 0.0330736 0.0772769 0.0354146 0.0773367 0.0480988 0.0156659 0.0524564 0.0299778 0.0834505 0.0168458 0.135107 0.0595789 0.0350426 0.025194 0.0375832 
0.0730054 0.0357398 0.0393833 0.0491206 0.0317419 0.0335342 0.0832877 0.0376665 0.0798521 0.0483078 0.0162392 0.0604298 0.0364511 0.079641 0.0180692 0.120989 0.0574956 0.0384443 0.0259776 0.0346246 
0.0678668 0.035579 0.037537 0.0475303 0.0302105 0.0340664 0.0888493 0.0399718 0.0814233 0.0484841 0.0171434 0.0696603 0.0453004 0.0745955 0.0195712 0.105151 0.0550831 0.0432889 0.0271444 0.031544 
0.0621517 0.0350401 0.0354852 0.0460417 0.0285731 0.0346373 0.0932447 0.0420805 0.08163 0.0486332 0.0184364 0.0797056 0.0567574 0.0684258 0.0213372 0.0885012 0.05239 0.0497407 0.0287253 0.0284634 
0.056259 0.0340627 0.0332993 0.0447024 0.0268751 0.035205 0.0958036 0.0437198 0.0802212 0.0487511 0.0201216 0.0898229 0.0706456 0.0614835 0.0233047 0.0722398 0.0495408 0.0577187 0.0306869 0.0255363 
0.0506578 0.0326734 0.0311004 0.0435491 0.0251855 0.0357278 0.0961449 0.0446806 0.077233 0.0488291 0.022129 0.0991393 0.086305 0.0543082 0.0253655 0.0575763 0.0467191 0.0668437 0.0329251 0.0229074 
0.0457511 0.0309835 0.0290237 0.0425896 0.02358 0.0361753 0.0943337 0.044891 0.0730011 0.0488612 0.0243273 0.106923 0.102724 0.0474778 0.0273921 0.0453863 0.0441168 0.0765076 0.0352868 0.0206695 
0.0417683 0.0291536 0.027177 0.0417988 0.0221214 0.0365324 0.0908475 0.0444337 0.0680442 0.0488473 0.026563 0.112798 0.118819 0.0414434 0.0292734 0.0360062 0.0418798 0.0860391 0.0376108 0.0188439 
0.0387426 0.0273438 0.0256181 0.0411337 0.0208478 0.0367975 0.0863797 0.0434995 0.0628951 0.0487926 0.0287033 0.116794 0.133701 0.0364382 0.0309404 0.0292688 0.0400779 0.0948682 0.039765 0.0173932 
0.036564 0.0256785 0.0243556 0.0405534 0.0197716 0.0369766 0.0816186 0.0423137 0.0579736 0.0487042 0.0306618 0.119233 0.146794 0.0324894 0.0323698 0.0247035 0.0387065 0.102614 0.0416665 0.0162523 
