20 hexa 10 10 gaussian
#SNAPSHOT FILE
#iterations: 12000 (200000 total)
0.029505 0.08738 0.0533 0.0906997 0.127326 0.0369278 0.0162733 0.0248414 0.0249645 0.0408184 0.0206859 0.017934 0.0164247 0.0306627 0.0384535 0.0265211 0.0603852 0.022197 0.0336701 0.201033 
0.0286699 0.121175 0.0566142 0.077107 0.115459 0.0424207 0.0192444 0.0301759 0.0265152 0.0401257 0.0216864 0.0204743 0.0176679 0.0375012 0.0389964 0.0266036 0.0588037 0.0229245 0.0321257 0.165711 
0.02748 0.158287 0.0604343 0.0602989 0.100292 0.0536093 0.022594 0.0408276 0.0277919 0.0390777 0.0237312 0.023623 0.0196316 0.0449223 0.0398128 0.0264894 0.0554571 0.0235393 0.030152 0.12195 
0.0264048 0.181088 0.0641015 0.0442838 0.0856891 0.0721566 0.024756 0.0578312 0.0280821 0.0383688 0.028382 0.0263262 0.0218075 0.049539 0.041814 0.026109 0.0499452 0.023845 0.0286621 0.080809 
0.0259908 0.175555 0.0670057 0.032826 0.0757658 0.0946597 0.0246374 0.0781614 0.0269984 0.0385805 0.0392835 0.0276578 0.0234683 0.0488707 0.0466116 0.0254687 0.042899 0.0238954 0.0289826 0.0526837 
0.0262669 0.144232 0.0685458 0.0264104 0.0707365 0.111697 0.0228283 0.0946724 0.0247929 0.0394194 0.062435 0.0278784 0.0243808 0.0438439 0.0567385 0.0243898 0.0357358 0.0240328 0.0323702 0.0385939 
0.026679 0.101991 0.0679675 0.0235927 0.0677817 0.112622 0.0209329 0.0990916 0.0220213 0.0398629 0.102124 0.0278969 0.0249071 0.0376335 0.07504 0.0224938 0.0298292 0.0245299 0.0396735 0.0333315 
0.0266049 0.0654856 0.0651748 0.0231356 0.0646289 0.0959036 0.020026 0.0887328 0.0193078 0.0391085 0.151427 0.0280636 0.0255277 0.0330918 0.100786 0.019755 0.0258698 0.0253239 0.0501901 0.031858 
0.02599 0.0430584 0.0614408 0.0240783 0.0613263 0.0728737 0.0199187 0.0709031 0.0171778 0.0373854 0.193492 0.0280143 0.0263832 0.0309766 0.127565 0.0168561 0.0235963 0.0261492 0.0613185 0.0314983 
0.0252468 0.0323195 0.0581607 0.0254885 0.0587728 0.0545482 0.0199884 0.0546474 0.0157974 0.0354742 0.218899 0.0275237 0.027331 0.0304135 0.149466 0.0144829 0.0223084 0.02686 0.0709438 0.0313295 
0.0366839 0.0926199 0.0588844 0.0877757 0.122837 0.0369318 0.0194171 0.0259068 0.0277229 0.0435335 0.0200826 0.0188532 0.0169668 0.039849 0.0380356 0.0303877 0.0712165 0.0250612 0.0329101 0.154324 
0.0344397 0.124891 0.0619119 0.0724797 0.108406 0.0438833 0.0229976 0.0354782 0.0309766 0.0425553 0.021356 0.0218467 0.0185849 0.0485513 0.0380371 0.0297085 0.0659105 0.0254522 0.030833 0.121701 
0.0315916 0.153363 0.0651979 0.0554561 0.091828 0.0567155 0.0262722 0.0526473 0.0337894 0.0414355 0.0239683 0.0252939 0.020972 0.0555402 0.038814 0.0283656 0.058352 0.0255933 0.0286435 0.0861611 
0.0291613 0.162006 0.0681498 0.0410882 0.0779512 0.0750873 0.0275706 0.076286 0.0347557 0.0409887 0.0299152 0.0280439 0.0234762 0.0568122 0.0419106 0.0265704 0.0494071 0.0255712 0.0277172 0.0575294 
0.0279005 0.145074 0.0700553 0.0318948 0.0696758 0.0933731 0.0264636 0.0995072 0.0332728 0.0414796 0.0432398 0.0295511 0.0254217 0.0517067 0.0495381 0.0246593 0.0406159 0.0258993 0.029775 0.0408973 
0.0276452 0.111333 0.0699449 0.0272364 0.065639 0.102377 0.024151 0.112071 0.0298053 0.0422014 0.0690211 0.0302829 0.0267147 0.0434432 0.0647087 0.0226296 0.033278 0.0271596 0.0365336 0.0338242 
0.0276726 0.0755211 0.0671698 0.0255314 0.0629599 0.0958088 0.0221781 0.106575 0.0253744 0.042058 0.107408 0.0306974 0.0277385 0.0361022 0.0891277 0.0202627 0.0280693 0.0294038 0.0487783 0.031562 
0.027434 0.049276 0.062633 0.0256088 0.0602425 0.0779373 0.0211869 0.0867276 0.0212692 0.0405837 0.147407 0.0306255 0.0288523 0.0318743 0.118542 0.0176797 0.0249287 0.0319383 0.0643217 0.0309329 
0.0269555 0.0350298 0.0582531 0.026542 0.0578137 0.0597073 0.020838 0.064714 0.0183785 0.0383578 0.175859 0.02989 0.030083 0.0302994 0.144907 0.0153649 0.023197 0.0340119 0.0791223 0.030677 
0.0265244 0.0286286 0.0550472 0.0276546 0.0560935 0.0470717 0.0206718 0.0481956 0.0167271 0.0361918 0.190084 0.0287639 0.0312978 0.0299847 0.1642 0.0135965 0.0222142 0.0354764 0.0911029 0.0304764 
0.0507602 0.0671515 0.0622021 0.0960183 0.123325 0.0328256 0.0206175 0.0215696 0.0289533 0.0469316 0.0184839 0.0174286 0.0163601 0.0453741 0.0362697 0.0378004 0.088419 0.0285357 0.0331146 0.127861 
0.0474299 0.0902012 0.0637922 0.0837593 0.111249 0.0368958 0.0243369 0.0294093 0.0343625 0.0465529 0.0192005 0.0199682 0.0173976 0.0555423 0.0355626 0.0363806 0.0808252 0.0286057 0.031199 0.10733 
0.0423771 0.116063 0.0657331 0.0680817 0.0952604 0.0446715 0.0286713 0.0449074 0.0407523 0.045669 0.0205925 0.0237871 0.019518 0.0653299 0.035145 0.0336622 0.0704078 0.0284338 0.0287464 0.0821923 
0.0367971 0.132848 0.0678116 0.0522653 0.0790941 0.0573381 0.0318608 0.0694535 0.0457567 0.0448706 0.0235627 0.0281472 0.0225478 0.0695262 0.0364954 0.0298594 0.0583672 0.0281431 0.0268301 0.0584256 
0.0324145 0.130128 0.0695472 0.040202 0.0674134 0.0727967 0.0323287 0.0981553 0.0468401 0.0448073 0.0303125 0.0318934 0.0257421 0.0649779 0.041663 0.0259236 0.046891 0.0284603 0.027357 0.0421459 
0.0299822 0.109111 0.069927 0.033125 0.0613272 0.0849749 0.0302677 0.120043 0.0434462 0.0453696 0.044552 0.0345278 0.0284576 0.0541707 0.0532287 0.0226246 0.0376243 0.030482 0.0326212 0.0341374 
0.0290362 0.0799834 0.06774 0.0298263 0.0585563 0.0870674 0.0272033 0.123705 0.0369078 0.0456648 0.069235 0.0360424 0.0306753 0.0425519 0.0739112 0.0200037 0.0310966 0.0348185 0.0447937 0.031182 
0.0287262 0.0540159 0.0630234 0.0287419 0.0566902 0.077526 0.0246037 0.106501 0.0295341 0.0447074 0.100688 0.0361892 0.0327257 0.0343573 0.102697 0.0177788 0.0271001 0.0406446 0.0635766 0.0301733 
0.0285051 0.0374086 0.0576869 0.0287825 0.0549242 0.0629219 0.0230254 0.0797137 0.0236147 0.0424015 0.128047 0.0349234 0.0347517 0.0304528 0.132118 0.0158583 0.0249301 0.0459922 0.0842709 0.0296713 
0.0282906 0.0292042 0.0535449 0.0292719 0.0534434 0.0507107 0.0222026 0.0567223 0.0199843 0.0396103 0.144269 0.0329064 0.0366316 0.0291944 0.15497 0.0143169 0.0237741 0.0496916 0.101926 0.0293342 
0.0668839 0.0604201 0.0651224 0.0906217 0.104386 0.0324554 0.0267322 0.0238783 0.0375859 0.0497045 0.0173308 0.018578 0.0165811 0.0651435 0.0322368 0.04944 0.0969651 0.032517 0.0308209 0.0825975 
0.0597588 0.0782598 0.0650625 0.0784728 0.0914147 0.0366679 0.0321898 0.0359458 0.047579 0.0496619 0.0179062 0.0223479 0.0180983 0.0777879 0.0308744 0.0449834 0.0841797 0.031977 0.0285412 0.0682925 
0.0506009 0.0948545 0.0651778 0.0640565 0.0761505 0.0438468 0.0377988 0.0574254 0.0581988 0.0492468 0.0191744 0.0280881 0.0210162 0.0860584 0.0305435 0.0382873 0.0690699 0.0313138 0.0261847 0.0529075 
0.041766 0.101363 0.065614 0.0507154 0.0628997 0.054141 0.0411408 0.0869968 0.0647793 0.0489772 0.0220756 0.034865 0.0250732 0.0840042 0.0331732 0.0307695 0.0543935 0.0313802 0.0253517 0.0405201 
0.0353751 0.0935507 0.0658797 0.0413078 0.0548277 0.0649888 0.0407119 0.115798 0.0638897 0.0492223 0.0286081 0.0411404 0.0294596 0.0715597 0.0409297 0.0243849 0.0426712 0.0338257 0.0284789 0.0333896 
0.0318084 0.0753326 0.0645997 0.0361139 0.051367 0.0716203 0.0371514 0.130711 0.0559831 0.0496854 0.0414657 0.0456051 0.0336655 0.0548006 0.0562993 0.0200167 0.0346896 0.0402457 0.0384806 0.0303584 
0.0302763 0.0545987 0.0607747 0.0337064 0.0501029 0.0702594 0.0323436 0.122692 0.0443653 0.0494192 0.0612193 0.0471165 0.0377785 0.0404717 0.0805043 0.0173997 0.0300074 0.0505957 0.0572559 0.0291128 
0.0298089 0.0383574 0.0554025 0.0326121 0.0492811 0.0622061 0.0281629 0.0966639 0.0333844 0.0475616 0.0826435 0.0452886 0.0418277 0.0319531 0.109203 0.0158677 0.0276562 0.0619396 0.0818925 0.0282872 
0.0297282 0.0290118 0.0506541 0.0320579 0.0484227 0.0529279 0.025459 0.0684267 0.0258721 0.0444242 0.0984007 0.041462 0.0454487 0.0284003 0.134163 0.0148588 0.0265494 0.070691 0.105405 0.0276386 
0.0297746 0.0246642 0.0475411 0.0318082 0.0475791 0.046127 0.0239493 0.0480832 0.0218046 0.0411122 0.106431 0.0374866 0.0483848 0.0273291 0.151148 0.0140918 0.0259857 0.0759362 0.123544 0.027221 
0.0894346 0.0393138 0.0644839 0.0905427 0.0878605 0.030312 0.0298155 0.0203437 0.0402608 0.0509506 0.0160798 0.0182303 0.0166227 0.0740818 0.0284024 0.0726701 0.107705 0.0357523 0.0296831 0.0574567 
0.0808903 0.0490298 0.0626205 0.0826727 0.0789883 0.0324939 0.0365084 0.0284263 0.052355 0.0516982 0.016034 0.0217038 0.0175813 0.0882955 0.0266415 0.0662189 0.0943058 0.0348991 0.0277923 0.0508459 
0.0689421 0.0603405 0.0604863 0.0720152 0.0672689 0.0358544 0.0448861 0.0439335 0.0677699 0.0520712 0.0162982 0.0282342 0.019938 0.100317 0.0251739 0.0559427 0.0779739 0.0339171 0.0255654 0.0430719 
0.0558323 0.0687925 0.0586825 0.060218 0.0553656 0.0410321 0.0524685 0.0682533 0.081484 0.0522019 0.0172025 0.0380124 0.0240444 0.102849 0.0255653 0.0432546 0.0613321 0.033616 0.0239668 0.0358263 
0.0447038 0.0697273 0.0576372 0.0500834 0.0467208 0.0478915 0.0559354 0.0970031 0.0867772 0.0524628 0.0195543 0.04943 0.0295557 0.0921189 0.0296275 0.0314162 0.0475629 0.0359096 0.0249767 0.0309059 
0.0372086 0.0623621 0.0566535 0.0433832 0.0425054 0.0545537 0.0537901 0.119496 0.0808012 0.0530435 0.0248583 0.0595825 0.0359039 0.0723197 0.0392266 0.0228682 0.0381932 0.0433561 0.0314178 0.0284765 
0.0330772 0.0498954 0.0542953 0.0397537 0.0413019 0.0580313 0.0471858 0.123854 0.0662172 0.0534962 0.0346105 0.065222 0.043068 0.051671 0.0561475 0.0179616 0.0329617 0.0575601 0.0463676 0.0273225 
0.0313102 0.0371907 0.050194 0.0376618 0.0411544 0.056685 0.0390267 0.106678 0.049133 0.0526991 0.0478727 0.0641562 0.0510019 0.0365969 0.0793601 0.0158186 0.0307682 0.076361 0.0699924 0.026339 
0.0308524 0.0280826 0.0458015 0.0359889 0.0409786 0.0522462 0.0323178 0.0791444 0.0355526 0.0500233 0.0603376 0.0577511 0.0586618 0.0287223 0.102798 0.0151753 0.030167 0.0936677 0.0963904 0.0253404 
0.0309105 0.0231662 0.0425962 0.0345784 0.0405645 0.0477979 0.0281444 0.0554478 0.0274675 0.0463001 0.0685543 0.0499631 0.0648942 0.0257 0.120467 0.0150062 0.0300598 0.105215 0.118567 0.0246015 
0.0995655 0.0312122 0.0585416 0.079503 0.0618517 0.0311026 0.0410188 0.02403 0.0541923 0.0514023 0.0152093 0.0222911 0.0183618 0.0920715 0.0229782 0.100546 0.0958533 0.0358684 0.0267327 0.0376704 
0.0864874 0.0373083 0.0549551 0.0731288 0.0544836 0.0323803 0.0521335 0.0334648 0.071294 0.0521526 0.0148242 0.0289399 0.0201797 0.105437 0.0212369 0.0864513 0.0810463 0.0347746 0.0249162 0.0344047 
0.0709171 0.0436025 0.0511283 0.0648219 0.0458941 0.0341658 0.0646491 0.0496261 0.0900533 0.052738 0.0147064 0.0406853 0.0237881 0.112215 0.0203629 0.0674056 0.0650805 0.0342092 0.0232034 0.0307482 
0.0561628 0.0474444 0.0480388 0.0561952 0.0384814 0.0370479 0.0742026 0.0715889 0.102781 0.0533224 0.0151579 0.0571714 0.0294662 0.106298 0.0216694 0.0476902 0.0509638 0.0359017 0.0228139 0.0276031 
0.0449441 0.0468504 0.0460944 0.0493478 0.034084 0.0411207 0.076533 0.0934312 0.102859 0.0541688 0.0168122 0.0750174 0.0371313 0.0882565 0.0263845 0.0319812 0.0408669 0.0427076 0.0258003 0.0256093 
0.0377674 0.0418751 0.0444763 0.0451166 0.0325356 0.0453125 0.07047 0.105684 0.0898184 0.0552444 0.0206769 0.0886003 0.0471729 0.0650815 0.0358496 0.0220143 0.0351484 0.0576818 0.0349707 0.0245029 
0.0338591 0.0343309 0.0421071 0.0425665 0.0324298 0.0479029 0.0584782 0.100852 0.0691344 0.0557463 0.0273407 0.0921615 0.0601838 0.0446476 0.0507591 0.0170923 0.0330655 0.0812627 0.0525201 0.0235597 
0.0322329 0.0270035 0.0390676 0.0402876 0.0325262 0.048084 0.0456242 0.0816183 0.0491422 0.0544652 0.0354649 0.0844771 0.0748535 0.0314766 0.0685624 0.0155893 0.0332022 0.10775 0.0761219 0.0224501 
0.0318858 0.0219264 0.0363946 0.0379149 0.0323637 0.0467802 0.0361221 0.0598202 0.0354392 0.0513475 0.0424248 0.0712183 0.0880816 0.0251846 0.0841548 0.0156735 0.0340017 0.128855 0.0989714 0.0214415 
0.0320578 0.0191825 0.0346539 0.035875 0.0319539 0.0453714 0.0305822 0.0437834 0.0280445 0.0476272 0.0469558 0.0588107 0.0981576 0.0228328 0.0946423 0.0161036 0.0346829 0.141516 0.116379 0.0207908 
0.109774 0.0223241 0.0539308 0.0708312 0.0455459 0.0313598 0.0450432 0.0225246 0.0536118 0.0498481 0.0154092 0.0240135 0.020051 0.0879095 0.019914 0.147428 0.0882118 0.0345577 0.025769 0.0319449 
0.0975649 0.0252753 0.0500153 0.0678854 0.041804 0.0315126 0.0583953 0.0274571 0.069172 0.0501656 0.014626 0.0301963 0.0215845 0.0997476 0.018566 0.130432 0.0771114 0.0336281 0.0243711 0.0304924 
0.0821484 0.0290894 0.0452223 0.06328 0.036764 0.0315119 0.0755556 0.036536 0.0887648 0.0506441 0.0139187 0.0423462 0.0246591 0.108284 0.0175039 0.105102 0.0644035 0.0330871 0.0228921 0.028288 
0.066152 0.0327471 0.04047 0.0574603 0.0315993 0.0318413 0.0922083 0.0501491 0.106187 0.051367 0.0134891 0.0619785 0.0299077 0.10729 0.0175217 0.0757546 0.0521374 0.0342142 0.0219446 0.0255812 
0.0527728 0.0347483 0.0369198 0.0519124 0.0278328 0.0332396 0.101653 0.0657934 0.113152 0.0524739 0.0136763 0.0868377 0.0377498 0.0943938 0.0192846 0.0498299 0.0424929 0.0393981 0.0227213 0.0231177 
0.0434011 0.0341667 0.0348105 0.0480269 0.026026 0.0359058 0.0995245 0.0781237 0.105819 0.0539696 0.0150163 0.110305 0.0491521 0.073828 0.0234344 0.0317775 0.0364749 0.0518695 0.0269888 0.0213805 
0.0375762 0.0310312 0.0333522 0.0457176 0.0255342 0.0391465 0.08632 0.0811113 0.0869646 0.0554147 0.0181379 0.12331 0.0660202 0.0525958 0.0308165 0.0215036 0.0340171 0.0742725 0.0369539 0.0202036 
0.0344479 0.02631 0.0317578 0.043682 0.0253805 0.041785 0.0673224 0.0725092 0.0640899 0.0557505 0.0230274 0.119392 0.0885901 0.0362033 0.0412962 0.0170753 0.0343411 0.104618 0.0532438 0.0191779 
0.0332368 0.0216981 0.0300301 0.0411158 0.0250559 0.0430922 0.0500389 0.0575978 0.0452524 0.0541883 0.0283817 0.101998 0.112541 0.0265713 0.05235 0.0161902 0.0359639 0.134296 0.0721984 0.018205 
0.0331077 0.0184196 0.0285948 0.0384454 0.0245592 0.0433707 0.0385801 0.0441101 0.0336346 0.051314 0.0327012 0.0816739 0.132566 0.022125 0.0609791 0.016752 0.0375714 0.155484 0.0885534 0.0174587 
0.0995806 0.0202329 0.0467373 0.0591466 0.0321339 0.0318556 0.0624379 0.0248283 0.0640177 0.0475969 0.0153347 0.0316596 0.0232301 0.0871331 0.016556 0.182741 0.0683244 0.0311123 0.0240163 0.031326 
0.0866468 0.0224397 0.0419701 0.0572806 0.029695 0.0309325 0.0828823 0.0292678 0.0809698 0.0473275 0.0143189 0.0427295 0.0259443 0.094862 0.0159316 0.153746 0.060056 0.0308207 0.0228298 0.0293511 
0.0720515 0.0252106 0.0364133 0.0542744 0.0266916 0.0298969 0.10615 0.0366007 0.0990464 0.0476984 0.0133883 0.0627039 0.0306549 0.0969074 0.0158125 0.115486 0.0512652 0.0317174 0.0218229 0.0262075 
0.0585391 0.0277111 0.0314387 0.050771 0.0240041 0.0295405 0.124054 0.0459209 0.110599 0.0488353 0.0128786 0.0915143 0.038009 0.0895059 0.0164494 0.0772403 0.0433608 0.0354529 0.0216302 0.0225449 
0.048267 0.0289443 0.0282007 0.0479992 0.0223237 0.0305367 0.12863 0.054532 0.109669 0.0505861 0.0132159 0.123212 0.0491518 0.0741619 0.0179604 0.0480546 0.0375479 0.0444543 0.0231315 0.0194204 
0.0414079 0.0283866 0.0266069 0.0464569 0.0215291 0.0328587 0.117788 0.0590879 0.0964312 0.0525008 0.0148557 0.147384 0.0668457 0.0561511 0.0207619 0.0300166 0.0343935 0.0616044 0.0275963 0.0173372 
0.0372043 0.026002 0.0257425 0.0452843 0.0209866 0.035811 0.0955879 0.0571983 0.0758748 0.0538711 0.0180699 0.153215 0.0940014 0.0402847 0.0254369 0.0207258 0.03395 0.0882623 0.0363798 0.0161121 
0.0350672 0.0224191 0.0248338 0.0433815 0.0202558 0.0383554 0.070595 0.0497115 0.0552332 0.0539107 0.0223549 0.13771 0.128393 0.0291785 0.03157 0.0172485 0.0355066 0.120007 0.0489248 0.0153447 
0.0344398 0.0188924 0.0237585 0.0408055 0.0193969 0.039848 0.0510123 0.0408231 0.040089 0.052533 0.0264573 0.11096 0.161704 0.0229428 0.0374162 0.0169486 0.0376963 0.147643 0.0618359 0.0147983 
0.0346088 0.0163261 0.0227401 0.0383674 0.0186156 0.0405339 0.0391546 0.0339515 0.0312878 0.0505358 0.0294839 0.085856 0.187534 0.0200018 0.0415752 0.0178337 0.0395638 0.165647 0.0719746 0.0144093 
0.0943983 0.0186646 0.0453945 0.0502112 0.0262182 0.032609 0.0636305 0.023946 0.0585825 0.045503 0.0163734 0.0329273 0.0242469 0.0734199 0.0148273 0.233753 0.0583347 0.0282253 0.0237956 0.034941 
0.0848619 0.020024 0.0412302 0.049785 0.0251959 0.0312351 0.0850915 0.0258313 0.0713601 0.0442152 0.0153252 0.0420165 0.0266966 0.0789125 0.0147632 0.205572 0.0539348 0.0281625 0.0228409 0.032947 
0.0734434 0.0220238 0.0356457 0.0487211 0.0236471 0.0294891 0.112817 0.0294263 0.0870684 0.0437963 0.0141579 0.0598116 0.0309248 0.0818256 0.015035 0.162928 0.048926 0.0290249 0.0219375 0.0293511 
0.0616325 0.0243525 0.0297124 0.0471523 0.0219504 0.0280802 0.13908 0.0345245 0.100266 0.0445766 0.0131984 0.0887428 0.0376318 0.0785212 0.0156351 0.113525 0.0436396 0.0318783 0.0214626 0.0244372 
0.0516199 0.0261639 0.0251828 0.0457959 0.0206234 0.0278848 0.152397 0.0397204 0.104324 0.0464167 0.0129361 0.124988 0.0477633 0.0684048 0.0163325 0.071027 0.0387669 0.0382414 0.0218347 0.019576 
0.0444349 0.0267728 0.0228124 0.0452611 0.0197832 0.0291823 0.147033 0.0431838 0.0972553 0.048636 0.0138146 0.158343 0.0639248 0.0548721 0.0171555 0.04275 0.0351458 0.0500916 0.0235431 0.0160049 
0.0397158 0.025889 0.0219431 0.0451299 0.0190558 0.0315837 0.125553 0.0435801 0.0819233 0.0505086 0.0161355 0.17627 0.0906723 0.0418063 0.0186384 0.0270051 0.0334865 0.0696366 0.0274748 0.0139907 
0.0369328 0.0234799 0.0214544 0.0443244 0.0180368 0.0342934 0.0958386 0.0406593 0.0633196 0.0515288 0.0197854 0.169787 0.130031 0.0314522 0.0212427 0.0196517 0.0339968 0.0967028 0.0343363 0.0131476 
0.0357791 0.0201613 0.0206702 0.0424478 0.0167719 0.0364013 0.0681092 0.0358939 0.0468577 0.0515063 0.0238592 0.142626 0.175147 0.0245761 0.0245204 0.0173802 0.0359399 0.125389 0.0430652 0.0128996 
0.0357447 0.0170623 0.0196288 0.0401883 0.0156251 0.0375762 0.0489232 0.0314939 0.0356336 0.0507662 0.0272106 0.109995 0.214489 0.0207255 0.0274095 0.0176359 0.0381198 0.147825 0.0511404 0.0128074 
0.0797745 0.0193626 0.0421036 0.0431969 0.0227884 0.0318095 0.0826944 0.024333 0.0632548 0.0420042 0.0163695 0.0407603 0.0265099 0.0656402 0.0136523 0.251843 0.0478799 0.025737 0.0228161 0.0374699 
0.0717533 0.0208407 0.037075 0.0430485 0.0220009 0.0297706 0.1115 0.0259785 0.0752891 0.0406832 0.0152311 0.0549862 0.0302366 0.0679817 0.0143552 0.211056 0.0457722 0.0265219 0.0220224 0.0338993 
0.0626515 0.0228749 0.0307884 0.0427242 0.0209619 0.0277112 0.144002 0.0287124 0.0877404 0.0407286 0.0140467 0.080747 0.0362811 0.0668968 0.0153466 0.155951 0.0431878 0.0288247 0.0215086 0.0283159 
0.0537997 0.0248701 0.0250435 0.0425681 0.0199858 0.0266233 0.1672 0.0318188 0.09487 0.0423215 0.0133156 0.117506 0.0453543 0.0607742 0.0161692 0.100829 0.0399227 0.0335804 0.0215443 0.0219043 
0.0466931 0.0260191 0.0214956 0.0429908 0.0192452 0.0270908 0.170237 0.0341174 0.0929806 0.0447568 0.0135797 0.156642 0.0592865 0.0511961 0.016498 0.0600912 0.0364558 0.0418393 0.0222191 0.0165668 
0.0416965 0.0259453 0.0200909 0.043796 0.0185374 0.0288899 0.153001 0.0348325 0.0831209 0.0470105 0.0151869 0.18534 0.0825776 0.0411709 0.0166608 0.036055 0.0338236 0.0551848 0.0238382 0.0132424 
0.0384866 0.0244781 0.0196547 0.0440844 0.0174837 0.0313911 0.122534 0.0338023 0.0685455 0.0485516 0.0182268 0.191589 0.120413 0.0325829 0.0173371 0.0238041 0.032932 0.0751748 0.027142 0.0117872 
0.0368518 0.0216847 0.0190864 0.0431682 0.015994 0.0337728 0.08899 0.0315077 0.0531499 0.0493609 0.0221915 0.171436 0.171135 0.0261409 0.0188188 0.0187081 0.0338949 0.100142 0.032402 0.0115656 
0.0365317 0.0183692 0.018057 0.0414012 0.0144687 0.0353616 0.0620504 0.0290115 0.0406404 0.0496557 0.0259336 0.136017 0.222482 0.0219424 0.020639 0.0176343 0.0358466 0.12374 0.0384085 0.0118119 
0.0369169 0.0155703 0.0168679 0.0396421 0.0133183 0.0361893 0.0452635 0.0271514 0.0325341 0.0497218 0.0285704 0.102076 0.262467 0.0195566 0.0221515 0.018351 0.037795 0.140395 0.0434549 0.012008 
