20 hexa 10 10 gaussian
#SNAPSHOT FILE
#iterations: 11000 (40000 total)
0.0365384 0.097547 0.0647261 0.0675287 0.101118 0.0573212 0.026168 0.049347 0.0317089 0.0410625 0.0299693 0.0245058 0.016975 0.0441993 0.0388891 0.0475955 0.0591267 0.0242666 0.0347358 0.106671 
0.0363416 0.0935497 0.0646598 0.0643691 0.0969986 0.0599455 0.0273077 0.0534191 0.0320677 0.041234 0.0349719 0.0262129 0.0190685 0.0438005 0.0436072 0.0445662 0.0563771 0.0255254 0.037463 0.0985151 
0.0360508 0.0884235 0.0642342 0.0606748 0.0918598 0.0624224 0.0284979 0.0577316 0.0322843 0.0413284 0.0419007 0.0282839 0.0218363 0.043082 0.0497941 0.0410709 0.0531076 0.0272865 0.0410082 0.0891225 
0.0356283 0.082093 0.0633588 0.0565708 0.085801 0.0644318 0.0296274 0.0619026 0.0322698 0.0413168 0.050991 0.030683 0.0253576 0.0419859 0.0575161 0.0372044 0.0493979 0.0295841 0.0453879 0.0788919 
0.0350596 0.0747184 0.0620029 0.0522844 0.0790887 0.0656514 0.0305685 0.065461 0.031954 0.0411811 0.0621468 0.0333002 0.0296051 0.0405158 0.0665763 0.0331653 0.0454235 0.0323735 0.0504715 0.0684522 
0.0343627 0.0667272 0.0602255 0.0481155 0.0721393 0.0658641 0.0312137 0.067973 0.0313143 0.0409267 0.074836 0.0359599 0.0344101 0.0387535 0.0764692 0.0292268 0.0414414 0.0355192 0.055967 0.0585553 
0.0335826 0.0587228 0.0581743 0.0443576 0.065431 0.0650448 0.0315174 0.0691919 0.0303926 0.0405844 0.0881559 0.0384683 0.0394856 0.0368481 0.0864754 0.0256618 0.0377289 0.0388191 0.0614803 0.0498773 
0.0327735 0.0513008 0.056041 0.0412127 0.059377 0.06337 0.0315172 0.0691361 0.0292875 0.0401999 0.101075 0.0406775 0.0445088 0.0349721 0.0958682 0.0226598 0.0345027 0.0420607 0.0666287 0.042831 
0.0319814 0.0448803 0.0539981 0.0387488 0.0542274 0.061136 0.0313183 0.0680468 0.0281213 0.0398157 0.11272 0.0425304 0.0492188 0.0332714 0.104113 0.020285 0.0318671 0.0450803 0.0711446 0.0374957 
0.0312368 0.0396359 0.0521538 0.0369183 0.0500454 0.0586506 0.0310555 0.0662672 0.027005 0.0394583 0.122549 0.0440638 0.0534756 0.031833 0.110953 0.0184915 0.0298163 0.0477944 0.0749141 0.0336828 
0.0399463 0.0900854 0.0631452 0.0655048 0.0931365 0.0563598 0.0306255 0.0498958 0.0355262 0.0417044 0.0306363 0.0274474 0.0190712 0.0478313 0.0384484 0.0531901 0.0594459 0.0261892 0.0352417 0.0965689 
0.0394839 0.0859275 0.0626902 0.0621794 0.0887264 0.0587723 0.0322024 0.0539638 0.0360126 0.0418547 0.036012 0.0298363 0.0219004 0.0470186 0.0434559 0.049191 0.0564058 0.0278897 0.0382122 0.088265 
0.0388447 0.0806691 0.0618257 0.0584192 0.0834078 0.0609246 0.0337607 0.0581036 0.0362601 0.0419212 0.0432882 0.0326531 0.0256069 0.0457623 0.0498744 0.0446507 0.0528631 0.0301931 0.0419807 0.0789915 
0.0380105 0.0743325 0.0605039 0.0543913 0.0773565 0.0625144 0.0351332 0.061899 0.0361582 0.0418819 0.0525517 0.035799 0.0302348 0.0440382 0.0576561 0.0397588 0.0489421 0.0331029 0.0465 0.0692355 
0.0370052 0.0671851 0.0587537 0.0503498 0.0709007 0.0632815 0.036153 0.0648979 0.0356387 0.0417297 0.0635241 0.0390828 0.0356712 0.0419126 0.0664776 0.0348222 0.0448637 0.0365219 0.0515702 0.0596586 
0.0358934 0.0597155 0.0566935 0.0465813 0.0644699 0.063103 0.0367104 0.0667546 0.0347089 0.0414801 0.0755334 0.0422601 0.0416343 0.0395431 0.0757577 0.0301957 0.0409069 0.0402554 0.0568579 0.0509452 
0.0347577 0.0524998 0.0545029 0.0433208 0.0584875 0.0620437 0.0367987 0.0673506 0.0334589 0.0411687 0.0876615 0.0451095 0.0477385 0.0371396 0.0848046 0.0261763 0.0373328 0.044057 0.0619816 0.0436096 
0.0336714 0.0460245 0.0523644 0.0406884 0.053262 0.0603204 0.0365168 0.0668142 0.0320336 0.0408364 0.0990041 0.047505 0.0536118 0.0349017 0.0930193 0.0229207 0.0343116 0.0477004 0.066623 0.037871 
0.0326808 0.0405715 0.0504097 0.0386813 0.0489301 0.0582116 0.0360294 0.0654352 0.0305852 0.0405144 0.108896 0.0494423 0.058996 0.0329666 0.100034 0.020431 0.0318953 0.0510346 0.0705974 0.033658 
0.0318063 0.0362055 0.048697 0.0372135 0.045471 0.0559681 0.0355119 0.0635445 0.0292369 0.0402182 0.116998 0.0510162 0.0637848 0.0313923 0.105722 0.0186011 0.0300403 0.0539998 0.0738592 0.0307132 
0.0444161 0.0851298 0.061337 0.0660006 0.0877243 0.0526222 0.0343989 0.0464391 0.0394705 0.0422648 0.0269922 0.0287024 0.0190931 0.0526478 0.0336996 0.0639252 0.0622692 0.0269584 0.0331849 0.0927241 
0.0437708 0.0818685 0.0608248 0.0630383 0.0840234 0.0548288 0.0364085 0.0501514 0.0402697 0.0424595 0.0309889 0.0314071 0.0219338 0.0517591 0.0376202 0.059407 0.0595067 0.0285726 0.0356013 0.0855599 
0.0428901 0.0776727 0.0599453 0.0596573 0.0794837 0.0569407 0.0384683 0.0540926 0.0408434 0.0425883 0.0365553 0.0346515 0.0257532 0.0503632 0.0427628 0.054151 0.0562088 0.030836 0.038738 0.0773981 
0.0417483 0.0724648 0.0586404 0.0559696 0.0742025 0.0587051 0.0403803 0.0579256 0.0410422 0.0426317 0.0438905 0.0383611 0.0306747 0.0484035 0.0491836 0.0483229 0.0524512 0.0338051 0.0426129 0.0685842 
0.0403703 0.0663628 0.0569144 0.0521731 0.0684154 0.059863 0.0419176 0.0612273 0.0407443 0.0425766 0.0529266 0.0423463 0.036668 0.0459182 0.0567224 0.042243 0.0484041 0.0374373 0.0471165 0.059653 
0.0388377 0.0597089 0.0548551 0.0485223 0.0624754 0.060233 0.0428901 0.0636016 0.0399042 0.0424258 0.0632401 0.0463229 0.0434967 0.0430594 0.0649659 0.0363384 0.0443224 0.0415694 0.0519984 0.0512326 
0.0372674 0.0529973 0.0526219 0.0452599 0.0567775 0.0597807 0.043217 0.0648142 0.0385813 0.0422014 0.0741035 0.0499895 0.0507473 0.0400655 0.073323 0.0310276 0.0404862 0.0459433 0.0569171 0.0438785 
0.0357727 0.0467253 0.0503983 0.0425447 0.0516553 0.0586282 0.04296 0.0648667 0.0369264 0.0419379 0.0846764 0.0531266 0.0579451 0.0371926 0.0811936 0.0265958 0.0371209 0.0502772 0.0615361 0.0379205 
0.0344313 0.0412529 0.0483346 0.0404185 0.0473044 0.0569949 0.042296 0.0639633 0.0351304 0.0416671 0.0942374 0.0556584 0.0646926 0.0346423 0.0881324 0.0231341 0.034343 0.0543429 0.065614 0.03341 
0.0332763 0.0367419 0.0465131 0.0388271 0.0437671 0.055114 0.0414496 0.0624056 0.0333684 0.0414088 0.102329 0.057649 0.0707566 0.0325227 0.0939178 0.0205659 0.032158 0.0580092 0.0690408 0.0301787 
0.0488774 0.0763858 0.0586672 0.0632337 0.0779437 0.0507738 0.0409435 0.0464134 0.0449125 0.043131 0.0268103 0.0328898 0.021918 0.0571969 0.0323647 0.0717127 0.0622089 0.0292659 0.0332021 0.0811486 
0.0477524 0.0731855 0.0577559 0.0602308 0.0741659 0.0526953 0.0435419 0.0500319 0.0458556 0.0433072 0.0308651 0.0365293 0.0257571 0.0556963 0.0363367 0.0657545 0.0592182 0.0314398 0.0357258 0.074155 
0.0462869 0.0691136 0.0564583 0.0569243 0.0696982 0.0544463 0.0460671 0.0537279 0.0464263 0.0434151 0.0363857 0.0407835 0.0308444 0.053541 0.0414254 0.0589704 0.0557212 0.034393 0.0389281 0.0664436 
0.0444994 0.0641693 0.054759 0.0534558 0.0646911 0.0558035 0.0482424 0.0571398 0.0464499 0.043443 0.0434483 0.045486 0.0372494 0.0507318 0.0475941 0.05167 0.0518346 0.0381472 0.0427748 0.0584109 
0.0424813 0.0585447 0.0527162 0.0500327 0.0594102 0.0565695 0.0497934 0.05987 0.0458154 0.043386 0.0518516 0.0503357 0.0448215 0.0473985 0.0545924 0.0443291 0.0477686 0.0425946 0.0471049 0.0505838 
0.0403822 0.0526105 0.0504633 0.0468814 0.0541912 0.0566425 0.0505406 0.0616078 0.0445277 0.0432543 0.0610923 0.0549603 0.0531694 0.043791 0.06197 0.0374841 0.0437946 0.0474953 0.0516449 0.0434969 
0.0383645 0.0468154 0.0481756 0.044179 0.0493577 0.0560539 0.0504711 0.0622354 0.042718 0.0430719 0.0704732 0.0590316 0.061749 0.0402163 0.0691885 0.0315754 0.0401713 0.0525323 0.0560763 0.0375438 
0.0365532 0.0415514 0.0460146 0.0420051 0.0451396 0.0549466 0.0497406 0.06185 0.0406015 0.0428667 0.0792971 0.0623688 0.0700227 0.0369487 0.0757778 0.02683 0.0370751 0.0574011 0.0601267 0.0328827 
0.0350114 0.0370592 0.0440856 0.0403402 0.0416339 0.0535119 0.0486084 0.0606948 0.0384064 0.0426598 0.0870398 0.0649711 0.0775998 0.0341639 0.0814409 0.023244 0.0345697 0.0618841 0.0636298 0.0294458 
0.0337459 0.0334123 0.0424245 0.0391028 0.0388176 0.0519271 0.0473499 0.0590567 0.0363187 0.0424604 0.09342 0.0669774 0.0842889 0.0319233 0.0860683 0.0206531 0.0326235 0.0658749 0.0665333 0.0270219 
0.0546433 0.0698014 0.0562944 0.0628187 0.0708847 0.0468082 0.0455523 0.042871 0.0497179 0.0438393 0.0234257 0.0341738 0.02184 0.0631005 0.0277624 0.0857923 0.0643233 0.0298902 0.0310459 0.0754152 
0.0532971 0.0674847 0.0553432 0.0601647 0.0678048 0.0484391 0.0486788 0.0460907 0.0510418 0.0440516 0.0262249 0.0381316 0.0255943 0.0615445 0.0307241 0.0792165 0.0616817 0.0319265 0.0330067 0.0695534 
0.0515243 0.0644798 0.054051 0.0572406 0.0641299 0.0500266 0.0518374 0.0495184 0.0520262 0.0442056 0.0301602 0.042851 0.0306915 0.0592561 0.0346048 0.071543 0.0585202 0.0347817 0.0355574 0.0629945 
0.04933 0.060706 0.0523872 0.0541405 0.0599408 0.0514001 0.0547213 0.0528685 0.0524509 0.0442959 0.0353851 0.048209 0.0373047 0.0561936 0.039444 0.063047 0.0549069 0.0385437 0.0387179 0.0560072 
0.0468042 0.0562258 0.0503826 0.0510204 0.0554175 0.0523814 0.0569828 0.0557801 0.0521368 0.0443176 0.0418632 0.053919 0.0453991 0.0524484 0.0451239 0.0542182 0.0509983 0.0431776 0.042407 0.0489963 
0.0441195 0.0512713 0.048141 0.0480731 0.0508208 0.05284 0.0583337 0.0579105 0.0510155 0.0442731 0.0493048 0.0595642 0.054661 0.0482603 0.0513417 0.0456856 0.0470317 0.0484934 0.0464314 0.0424277 
0.0414877 0.0461965 0.0458203 0.0454738 0.0464353 0.0527393 0.058652 0.0590492 0.0491695 0.0441753 0.0571982 0.0647118 0.0645335 0.0439697 0.057665 0.0380519 0.0432728 0.0541717 0.0505209 0.0367059 
0.0390944 0.0413737 0.0435853 0.0433266 0.0424965 0.0521452 0.0580285 0.0591826 0.0468118 0.0440449 0.0649425 0.0690509 0.0743667 0.0399226 0.0636519 0.0317196 0.0399414 0.0598483 0.0544032 0.0320639 
0.0370511 0.0370881 0.0415597 0.0416438 0.0391386 0.0511907 0.0567243 0.058472 0.0442131 0.0439006 0.0720096 0.0724753 0.0836006 0.0363761 0.0689687 0.0268114 0.0371597 0.0652142 0.057874 0.0285287 
0.0353879 0.0334872 0.0398023 0.040368 0.0363872 0.0500231 0.0550718 0.0571691 0.0416233 0.0437525 0.0780521 0.0750732 0.0918813 0.0334557 0.0734417 0.0232094 0.034945 0.0700728 0.06083 0.0259668 
0.0592745 0.0610125 0.0528362 0.0595622 0.0609081 0.0444184 0.0535332 0.0424265 0.0560964 0.0447841 0.0225783 0.0393317 0.0252638 0.0675855 0.0260051 0.0939841 0.0634443 0.0322342 0.0306344 0.0640863 
0.0572437 0.0589457 0.0515524 0.0569906 0.057953 0.0457473 0.0572839 0.0455057 0.057498 0.0449698 0.025224 0.0443845 0.030209 0.0652454 0.0288649 0.0855824 0.0606646 0.0349135 0.0325931 0.0586289 
0.0546887 0.0562634 0.0499364 0.0542583 0.05455 0.0469938 0.0608788 0.0486632 0.058368 0.0451014 0.0288729 0.0502616 0.036797 0.0620309 0.0325197 0.0760341 0.0574079 0.0385617 0.035094 0.0527185 
0.0516855 0.0529334 0.0479945 0.0514741 0.0508062 0.0480197 0.0639213 0.0515967 0.0584669 0.04518 0.0335902 0.0567217 0.0451223 0.0579838 0.0369415 0.0658042 0.0537772 0.0432239 0.0381176 0.0466397 
0.0484138 0.0490586 0.0457995 0.0487897 0.0469049 0.0486987 0.0660233 0.0539712 0.0576451 0.0452065 0.0392556 0.0633438 0.054995 0.0533098 0.0419556 0.0555708 0.0499611 0.0487859 0.0415478 0.0407636 
0.0451245 0.0448753 0.0434848 0.0463626 0.0430738 0.0489582 0.0669338 0.0555195 0.0559103 0.0451864 0.0455447 0.0696173 0.0659135 0.0483577 0.0472503 0.0460775 0.046206 0.0549643 0.0451794 0.0354608 
0.0420675 0.0406916 0.0412089 0.0443059 0.0395289 0.0488025 0.0666351 0.0561309 0.0534403 0.0451314 0.0519959 0.0750959 0.0771724 0.0435301 0.0524532 0.0379231 0.0427522 0.061368 0.0487676 0.030999 
0.0394201 0.0367954 0.0391079 0.0426573 0.0364212 0.0483039 0.0653434 0.0558734 0.0505241 0.045055 0.0581364 0.0795334 0.0880628 0.0391705 0.0572354 0.0314077 0.0397698 0.0676069 0.0520949 0.0274805 
0.0372558 0.0333839 0.0372621 0.0413835 0.0338133 0.0475667 0.0634183 0.0549419 0.047469 0.0449657 0.0635988 0.0829234 0.098047 0.0354864 0.0613843 0.0265165 0.0373288 0.0733852 0.0550194 0.0248501 
0.0355594 0.030542 0.0356924 0.0404125 0.031689 0.0466921 0.0612432 0.0535766 0.0445266 0.0448644 0.0681737 0.0854438 0.10683 0.0325377 0.0648146 0.0230171 0.0354104 0.0785359 0.0574844 0.0229547 
0.0653698 0.0542872 0.050385 0.0585853 0.0540303 0.04083 0.0577937 0.0391615 0.0607276 0.0454632 0.0198156 0.0400607 0.0247915 0.0734548 0.0221943 0.109289 0.0644446 0.0323353 0.0286452 0.0583363 
0.063156 0.0529918 0.0491139 0.0563165 0.0516872 0.041862 0.0620386 0.0418586 0.0625116 0.0456732 0.0214809 0.0452845 0.0294407 0.0711524 0.0242449 0.1004 0.0620622 0.0347763 0.0300946 0.0538547 
0.0603236 0.051254 0.0475562 0.0539193 0.0489852 0.0428944 0.0662762 0.0447411 0.0638283 0.0458304 0.0238776 0.0514912 0.0357781 0.0679065 0.0269212 0.0900511 0.0592087 0.0382004 0.0320034 0.048953 
0.0569237 0.0489826 0.0456986 0.0514647 0.0459744 0.0438334 0.0700928 0.0475718 0.0643945 0.0459442 0.0271175 0.0585099 0.0440207 0.0637023 0.0302451 0.0786475 0.055941 0.0427281 0.0343939 0.0438137 
0.0531241 0.0461791 0.0435835 0.0490636 0.0427693 0.0445786 0.0730257 0.0500509 0.0639838 0.04602 0.0311942 0.0659585 0.0541288 0.058692 0.0341356 0.0668626 0.0523938 0.0483353 0.0372133 0.0387073 
0.0491958 0.0429626 0.041315 0.0468466 0.0395349 0.0450504 0.0746975 0.0518905 0.0625134 0.0460613 0.0359402 0.0732931 0.0657191 0.0532021 0.0383919 0.0555334 0.0487754 0.0548101 0.0403241 0.0339429 
0.0454447 0.0395494 0.0390368 0.0449235 0.0364504 0.0452165 0.0749504 0.0529079 0.0600932 0.0460731 0.041043 0.0799532 0.0781069 0.0476657 0.0427299 0.0454437 0.0453222 0.0617764 0.0435278 0.0297854 
0.0421226 0.0361911 0.0368893 0.0433482 0.0336641 0.0450981 0.0739046 0.0530802 0.0569964 0.0460622 0.0461239 0.0855366 0.0904848 0.0425036 0.0468587 0.0371074 0.0422351 0.0687919 0.046617 0.026385 
0.0393666 0.0331024 0.0349711 0.0421088 0.0312611 0.0447543 0.0719006 0.0525313 0.0535681 0.0460332 0.0508393 0.0899003 0.10214 0.038016 0.0505563 0.0306716 0.0396317 0.075465 0.0494283 0.0237547 
0.0371958 0.030418 0.0333238 0.0411494 0.0292591 0.0442555 0.0693725 0.0514666 0.0501271 0.0459855 0.0549519 0.0931466 0.112594 0.0343384 0.0537031 0.0259745 0.0375372 0.0815297 0.0518692 0.0218021 
0.0689675 0.0470864 0.0468747 0.0553941 0.0457956 0.0385316 0.0658529 0.0386813 0.0668228 0.0462858 0.0187589 0.0455478 0.028471 0.0766434 0.0206813 0.115224 0.0627271 0.0344055 0.028082 0.0491667 
0.0659637 0.0461081 0.0453801 0.0532809 0.0436781 0.0393179 0.0706079 0.0412495 0.068548 0.0464613 0.0202276 0.0518758 0.0343736 0.073488 0.0226004 0.104401 0.0602872 0.037522 0.0294887 0.0451401 
0.0622839 0.0447367 0.0436193 0.0511209 0.0413065 0.0400919 0.075116 0.0438938 0.0695906 0.0465951 0.0223196 0.0592154 0.042249 0.0692864 0.0250363 0.0921621 0.0574259 0.0417732 0.0313165 0.0408613 
0.0580672 0.0429058 0.0416082 0.0489901 0.0387398 0.0407863 0.0788782 0.0463632 0.069663 0.0467001 0.0250911 0.0672596 0.05221 0.0641236 0.0279661 0.0791224 0.0542279 0.0472266 0.0335594 0.0365119 
0.0535799 0.0406359 0.0394201 0.0469897 0.036085 0.0413352 0.0814125 0.0483787 0.0685904 0.0467829 0.0284875 0.0754839 0.0640347 0.058275 0.0312758 0.0661481 0.0508533 0.0537642 0.0361394 0.0323283 
0.0491644 0.0380448 0.0371767 0.045218 0.0334768 0.0416933 0.082412 0.0497142 0.0663902 0.0468461 0.0323279 0.0832581 0.0771349 0.0521701 0.0347673 0.0541655 0.0475145 0.0610676 0.0389114 0.0285463 
0.0451439 0.0353192 0.0350146 0.0437363 0.0310451 0.0418494 0.081858 0.05027 0.0632828 0.0468908 0.0363409 0.0900334 0.0906794 0.046284 0.0382064 0.0439075 0.0444227 0.0686838 0.041696 0.0253361 
0.0417338 0.032659 0.0330448 0.0425506 0.0288835 0.0418237 0.080018 0.0500933 0.05962 0.046917 0.0402384 0.0955023 0.10382 0.0410085 0.0413859 0.0357333 0.0417317 0.0761478 0.0443268 0.0227617 
0.0390091 0.0302248 0.031329 0.0416207 0.027034 0.0416541 0.0773352 0.0493406 0.0557743 0.0469212 0.0437863 0.0996461 0.115894 0.0365703 0.0441708 0.029614 0.0395103 0.0830915 0.0466871 0.0207867 
0.0369293 0.0281126 0.0298792 0.0408869 0.0254926 0.0413804 0.0742851 0.0482133 0.0520518 0.0468964 0.0468416 0.102668 0.126507 0.0330255 0.0465055 0.0252546 0.0377485 0.089289 0.0487212 0.0193118 
0.0744406 0.0415949 0.044936 0.0543912 0.0405983 0.0358126 0.0686354 0.0360093 0.0703116 0.046785 0.0168506 0.0452543 0.0274032 0.0814715 0.0180351 0.129362 0.0627619 0.0338689 0.026538 0.04494 
0.0713775 0.0411829 0.0435036 0.0525053 0.0389401 0.0363622 0.0737469 0.038255 0.0723778 0.0469797 0.0176742 0.0515078 0.0327472 0.0785115 0.019399 0.118418 0.0607159 0.0366291 0.0275382 0.0416284 
0.0675508 0.040521 0.041841 0.0505901 0.0370904 0.0369428 0.0788069 0.0406654 0.0738642 0.0471276 0.0189326 0.058925 0.0400376 0.0744629 0.0211599 0.10574 0.0582665 0.0405015 0.0288924 0.0380821 
0.0630589 0.0395062 0.0399445 0.0486948 0.0350686 0.0375172 0.083318 0.0430413 0.074445 0.0472489 0.0207076 0.0672957 0.0495206 0.0693383 0.0233252 0.0918434 0.0554563 0.0456325 0.0306247 0.0344127 
0.0581399 0.0380884 0.0378586 0.0468934 0.0329333 0.0380421 0.0867328 0.0451319 0.0738647 0.0473562 0.0230137 0.0761632 0.0611513 0.0633399 0.0258392 0.0775558 0.0523966 0.0520074 0.0327045 0.0307875 
0.0531461 0.0362967 0.035679 0.0452685 0.0307752 0.0384776 0.0886091 0.0466956 0.0720371 0.0474538 0.0257702 0.0848848 0.0744971 0.056858 0.0285756 0.0638785 0.0492624 0.0593977 0.0350377 0.0273996 
0.0484557 0.0342398 0.0335311 0.0438825 0.0286974 0.0387978 0.0887664 0.0475754 0.0690979 0.0475405 0.0288065 0.0928011 0.0887853 0.0503882 0.0313597 0.0517346 0.0462559 0.0673855 0.0374826 0.0244163 
0.0443666 0.0320764 0.031532 0.0427549 0.026789 0.0389969 0.0873477 0.0477457 0.0653686 0.0476119 0.0319039 0.099436 0.103098 0.0443983 0.0340151 0.0417201 0.0435522 0.075468 0.0398855 0.0219337 
0.041029 0.0299669 0.0297603 0.0418607 0.0251061 0.0390849 0.0847528 0.0473047 0.0612502 0.0476613 0.0348549 0.104612 0.116611 0.0392126 0.0364074 0.0339986 0.0412573 0.0831891 0.0421185 0.0199622 
0.0384469 0.0280362 0.0282463 0.0411495 0.0236675 0.0390789 0.0814922 0.0464238 0.0571128 0.0476797 0.0375077 0.108434 0.12875 0.0349702 0.038465 0.0283716 0.0393982 0.090223 0.044102 0.0184448 
0.0764055 0.0367165 0.0419753 0.0517273 0.0349313 0.0340224 0.0757333 0.035758 0.0753015 0.0473776 0.0159533 0.05055 0.0310616 0.0828162 0.0171048 0.13157 0.060629 0.0356362 0.0260991 0.0386314 
0.0725622 0.0365722 0.0404048 0.0500043 0.0334844 0.034417 0.0811722 0.0379126 0.0771688 0.0475419 0.0166417 0.0578276 0.0376318 0.0790414 0.0183767 0.118853 0.0585671 0.0390722 0.0270719 0.0356762 
0.0679459 0.0361935 0.0386209 0.0483001 0.0319004 0.0348455 0.0862915 0.0401384 0.0782387 0.0476755 0.0177018 0.0662589 0.0463936 0.0741262 0.0199665 0.104541 0.0561476 0.0437614 0.0283741 0.0325784 
0.0627492 0.0354883 0.0366446 0.0466662 0.0302018 0.0352866 0.090523 0.0422227 0.0781967 0.0477972 0.0191833 0.0754888 0.0574683 0.0681873 0.0218534 0.0893633 0.053437 0.0497853 0.0300087 0.0294483 
0.0573051 0.0344169 0.0345459 0.0451687 0.028441 0.0357149 0.0933235 0.0439304 0.0768578 0.0479161 0.0210728 0.0849195 0.0706116 0.0615453 0.0239629 0.0743185 0.0505675 0.0570235 0.0319256 0.026433 
0.0520215 0.0330124 0.0324334 0.0438667 0.0266911 0.0361051 0.0943519 0.0450695 0.074252 0.0480314 0.0232806 0.093837 0.0851807 0.0546777 0.0261731 0.0604604 0.0477175 0.0651324 0.0340233 0.0236825 
0.0472698 0.0313754 0.030424 0.0427893 0.0250285 0.0364382 0.0935906 0.0455523 0.0706333 0.0481365 0.0256582 0.101618 0.100268 0.0480991 0.0283438 0.0486134 0.0450669 0.0736166 0.0361708 0.021308 
0.043287 0.0296427 0.028609 0.0419259 0.0235136 0.0367046 0.0913415 0.0454149 0.066398 0.0482219 0.0280378 0.107907 0.114937 0.0422249 0.0303534 0.0391762 0.0427495 0.0819587 0.0382419 0.0193546 
0.0401437 0.0279481 0.0270365 0.0412369 0.0221805 0.0369019 0.0881029 0.0447879 0.0619633 0.0482762 0.0302755 0.112669 0.128442 0.0372901 0.0321242 0.0321101 0.0408271 0.0897381 0.0401422 0.0178037 
0.0377773 0.0263937 0.0257136 0.0406746 0.0210381 0.0370309 0.0844133 0.0438447 0.0576729 0.0482883 0.0322764 0.116118 0.140316 0.0333468 0.0336269 0.027077 0.0392928 0.0966824 0.0418203 0.0165956 
