20 hexa 10 10 gaussian
#SNAPSHOT FILE
#iterations: 17000 (40000 total)
0.0355477 0.107346 0.0640163 0.0696829 0.109089 0.0549779 0.0229367 0.0475886 0.0288825 0.0420005 0.0265089 0.0219863 0.0137896 0.0412058 0.0364459 0.04244 0.0607432 0.0251157 0.0320023 0.117694 
0.0350929 0.105352 0.0655173 0.0652041 0.104356 0.0594325 0.0241071 0.05415 0.0292732 0.0423252 0.0306998 0.0235746 0.0152398 0.0413028 0.040826 0.0393356 0.0575765 0.0257875 0.0341827 0.106664 
0.0345055 0.10146 0.0668116 0.0601263 0.098285 0.064123 0.0253095 0.0614748 0.0295127 0.0425499 0.0370835 0.025535 0.0172825 0.0411384 0.0470538 0.0358178 0.0537594 0.0267908 0.0373866 0.0939944 
0.0337844 0.0952599 0.0675198 0.0546772 0.0910433 0.0683566 0.0263894 0.0687286 0.0294732 0.042587 0.0463166 0.0278106 0.0200431 0.0405863 0.0555383 0.0319923 0.0493609 0.0282602 0.0418335 0.0804393 
0.0329603 0.0867841 0.0672994 0.0492283 0.0830336 0.0713016 0.0271761 0.0747527 0.0290478 0.0423638 0.0587147 0.0302381 0.023567 0.0395778 0.066341 0.0280974 0.0446151 0.0302694 0.047543 0.0670892 
0.032097 0.0766694 0.0660086 0.0442323 0.0748587 0.0722967 0.0275433 0.0784402 0.028203 0.0418642 0.0738848 0.0325623 0.0277517 0.0381531 0.0789327 0.0244622 0.0399101 0.0327672 0.0542196 0.0551433 
0.0312744 0.0660327 0.0638054 0.0400717 0.0671723 0.0711738 0.0274741 0.0792278 0.0270141 0.0411488 0.0906339 0.0345263 0.0323373 0.0364706 0.0922158 0.0213878 0.0356662 0.0355692 0.0612861 0.0455123 
0.0305585 0.0560544 0.0610803 0.0369198 0.0604801 0.0683345 0.0270774 0.0773403 0.0256461 0.0403311 0.107335 0.0359841 0.0369895 0.0347476 0.104889 0.0190277 0.0321783 0.0384301 0.068085 0.0385114 
0.0299815 0.0475567 0.0582739 0.034719 0.0550183 0.064513 0.0265351 0.0735964 0.0242862 0.0395272 0.122514 0.036953 0.0414239 0.0331717 0.115909 0.017358 0.0295359 0.041143 0.0741088 0.0338755 
0.0295438 0.0408474 0.0557111 0.0332752 0.0507664 0.0604381 0.0260265 0.0689877 0.0230804 0.0388175 0.135239 0.0375794 0.0454888 0.0318458 0.124721 0.016241 0.0276573 0.0436011 0.079104 0.0310284 
0.0394464 0.10032 0.063594 0.0673221 0.0997788 0.0547355 0.0272467 0.0494608 0.0326601 0.0429354 0.0270814 0.0246856 0.0152116 0.0454263 0.0357248 0.0485721 0.0620251 0.0270452 0.0323165 0.104411 
0.0386407 0.0978363 0.064599 0.0627145 0.0947014 0.0590571 0.0289887 0.056228 0.0333069 0.0432451 0.0317606 0.0270878 0.0172509 0.0451788 0.0405197 0.0442498 0.0584221 0.0280215 0.0348561 0.0933355 
0.0376132 0.093353 0.0651954 0.0576459 0.0884605 0.0633517 0.030683 0.0633917 0.0336701 0.043423 0.0387312 0.0299593 0.0201251 0.0444825 0.047233 0.039422 0.0541474 0.0294829 0.0385109 0.0811185 
0.0363992 0.0866456 0.0650573 0.0524043 0.0813215 0.0669028 0.0320789 0.0699747 0.0335661 0.043381 0.0484888 0.033136 0.0239781 0.0432273 0.0561323 0.0343405 0.0493518 0.0315685 0.0434292 0.0686167 
0.0350872 0.0779933 0.0639779 0.0473925 0.073756 0.0689801 0.0329312 0.0748301 0.0328733 0.0430646 0.0610553 0.0363079 0.0288058 0.041418 0.0670433 0.0294065 0.0443618 0.0343046 0.0495038 0.0569069 
0.0338024 0.0682264 0.061995 0.0430188 0.0663564 0.0691536 0.0331066 0.0770907 0.0316056 0.0424901 0.0757266 0.0390997 0.0343871 0.0392115 0.079212 0.0250568 0.0396145 0.0375516 0.056313 0.0469819 
0.0326627 0.0584666 0.0593982 0.0395473 0.059666 0.0675066 0.0326591 0.0765684 0.0299315 0.041744 0.0911807 0.0412262 0.040322 0.0368747 0.091481 0.0215934 0.0355025 0.0410384 0.0632297 0.039401 
0.031737 0.0497009 0.0565967 0.0370184 0.054026 0.0645647 0.031805 0.0737888 0.0281063 0.0409445 0.105945 0.0426111 0.0461755 0.0346773 0.102706 0.0190837 0.0322381 0.044473 0.0696484 0.0341534 
0.0310365 0.0424843 0.053948 0.0352936 0.0495286 0.0610124 0.0308176 0.0696635 0.0263704 0.0401937 0.118883 0.0433876 0.0516264 0.0327969 0.11211 0.0173962 0.0298274 0.0476475 0.0751644 0.0308125 
0.0305319 0.036921 0.0516585 0.0341669 0.0460716 0.0574283 0.0299289 0.0650981 0.0248843 0.0395529 0.129391 0.043809 0.0565347 0.0312953 0.119369 0.0163146 0.0281395 0.0504792 0.0796121 0.0288133 
0.0451054 0.0928275 0.0614963 0.0687413 0.0928512 0.0500889 0.0309862 0.0449636 0.0367297 0.0435794 0.0240757 0.0258875 0.0153291 0.0506631 0.0309902 0.0611691 0.0662052 0.0283275 0.0306495 0.099334 
0.0440819 0.0915127 0.0620954 0.0646788 0.0887486 0.0537801 0.0333463 0.0509204 0.037876 0.0439363 0.0273504 0.0287499 0.0173336 0.0503399 0.0345444 0.0559423 0.0628992 0.0292834 0.0325882 0.0899924 
0.0427129 0.0886239 0.0624093 0.0601087 0.083585 0.0577384 0.0357983 0.0575759 0.0387802 0.0442199 0.0323496 0.0322749 0.0202623 0.0495115 0.039624 0.0499288 0.0588753 0.0307341 0.0354652 0.0794221 
0.0410288 0.083779 0.0621659 0.0552391 0.0775064 0.0614276 0.0380259 0.0641971 0.039179 0.0443429 0.0395997 0.0363263 0.0243621 0.0480198 0.0465848 0.0433845 0.0542094 0.0328781 0.0395013 0.0682425 
0.0391363 0.0769513 0.061147 0.0504001 0.0708435 0.0641844 0.0396543 0.0697534 0.0388395 0.0442267 0.0493798 0.0405682 0.0297616 0.0458164 0.0555119 0.0367721 0.0491427 0.0358332 0.0447474 0.0573298 
0.03721 0.0686189 0.0593108 0.0459818 0.0640768 0.0654528 0.04038 0.0732416 0.0376663 0.0438436 0.0614298 0.0445107 0.0363443 0.0430312 0.0660111 0.0306766 0.0440746 0.0395416 0.0509704 0.0476274 
0.0354416 0.0596857 0.0568449 0.0423039 0.0577181 0.0650402 0.0401199 0.0741213 0.0357769 0.0432385 0.0748543 0.0476842 0.043709 0.0399624 0.0772042 0.0256033 0.0394475 0.0437476 0.0576622 0.0398344 
0.0339699 0.0511542 0.0540954 0.0395009 0.0521623 0.0631992 0.0390602 0.0725505 0.0334684 0.0425116 0.0883816 0.0498403 0.0512877 0.0369688 0.0880089 0.0217887 0.0355866 0.048087 0.0642036 0.0341742 
0.0328435 0.0437655 0.0514163 0.0375114 0.0475969 0.0604646 0.037558 0.0692353 0.0310914 0.0417727 0.100817 0.0510317 0.0585521 0.0343329 0.0975164 0.0191657 0.0326102 0.0522286 0.0700748 0.0304155 
0.0320348 0.0378413 0.0490497 0.0361618 0.0440112 0.0573983 0.0359822 0.0650622 0.0289248 0.0411041 0.111369 0.0515345 0.0651627 0.0321913 0.105207 0.0174811 0.030454 0.0559697 0.0749711 0.0280888 
0.0508169 0.0827856 0.0593462 0.0657826 0.0806655 0.0486124 0.0382238 0.0458071 0.04308 0.0446015 0.0237403 0.0304151 0.017519 0.056507 0.0291946 0.0711764 0.0666666 0.0304007 0.0305761 0.084083 
0.0491212 0.0812384 0.0592791 0.0618037 0.0765513 0.05194 0.041511 0.0516544 0.0446344 0.0449423 0.0271191 0.0345742 0.0204252 0.0555709 0.0328647 0.0639157 0.0630126 0.0318172 0.0327333 0.0752916 
0.04694 0.0781513 0.0587897 0.0574467 0.0716058 0.0553398 0.0447354 0.0578529 0.0457063 0.0451886 0.0321765 0.0395294 0.0246448 0.0538804 0.0380264 0.0557407 0.0586575 0.0339737 0.0358748 0.06574 
0.0443825 0.0732859 0.0576866 0.052961 0.0660302 0.0583018 0.0474125 0.0635838 0.0459455 0.0452561 0.0392887 0.044966 0.0304536 0.0513229 0.0449041 0.0471531 0.0537536 0.0370806 0.0401548 0.0560771 
0.0416646 0.0667875 0.0558925 0.0486853 0.0601712 0.0602843 0.0490446 0.0678764 0.0451092 0.0450854 0.0485077 0.0503198 0.037898 0.0479722 0.0533947 0.0388737 0.0486223 0.0411939 0.0455159 0.0471013 
0.039061 0.0592429 0.0535168 0.0449526 0.0544558 0.0609321 0.0493305 0.0699765 0.0431972 0.0446767 0.0593676 0.0549282 0.046666 0.0441235 0.0629509 0.0316442 0.0436954 0.0461284 0.0516232 0.0395306 
0.0368118 0.0515109 0.0508319 0.0419697 0.0492724 0.0602388 0.0483229 0.0696876 0.0404882 0.0440943 0.0709372 0.0582973 0.0561251 0.0402096 0.0726958 0.0259554 0.0393718 0.0514906 0.0579362 0.0337524 
0.0350435 0.0443986 0.0481614 0.0397597 0.0448663 0.0585189 0.0463987 0.0674195 0.0374262 0.0434365 0.0821374 0.0602989 0.0655395 0.0366353 0.0817261 0.0218989 0.0358828 0.0568255 0.0638922 0.0297343 
0.0337578 0.03841 0.0457592 0.0382037 0.041308 0.0562282 0.0440683 0.0639307 0.0344394 0.0427954 0.092098 0.0611619 0.074314 0.0336494 0.0893928 0.0192378 0.0332571 0.0617723 0.0690713 0.0271452 
0.0328746 0.0336977 0.0437516 0.0371316 0.0385311 0.0537773 0.0417825 0.0600001 0.0318202 0.0422316 0.100326 0.061313 0.0821161 0.0313212 0.0953941 0.0175974 0.0313795 0.0661381 0.0732572 0.0255592 
0.0585352 0.0724134 0.0564349 0.0658716 0.071153 0.0438812 0.043297 0.0411356 0.0485839 0.0452088 0.0208523 0.0319475 0.017777 0.0633228 0.0245872 0.0895178 0.0691959 0.031204 0.0288379 0.0762434 
0.0565908 0.0718665 0.0559696 0.0625351 0.0679644 0.0464246 0.0473976 0.0460177 0.0508376 0.045555 0.0229751 0.0366289 0.0205722 0.062315 0.0271227 0.0811442 0.066001 0.0325428 0.0303671 0.0691725 
0.0539637 0.0702592 0.0551717 0.0587907 0.0641007 0.0492293 0.0516691 0.0514686 0.0526994 0.0458652 0.0262609 0.0423865 0.0247516 0.0604881 0.0307581 0.0713776 0.0621078 0.0346364 0.0326757 0.0613401 
0.0507466 0.0672477 0.0538915 0.054806 0.0596576 0.0519646 0.0555663 0.0569058 0.0537184 0.0460673 0.0310687 0.0489782 0.0307255 0.0576656 0.0357519 0.0607236 0.0575931 0.0377761 0.0359633 0.0531825 
0.0471731 0.0627241 0.0520496 0.0508485 0.0548534 0.0542029 0.0584208 0.0615097 0.0534907 0.0460895 0.0376074 0.0558368 0.0387344 0.0538435 0.0421808 0.0499976 0.0526817 0.0421462 0.0403016 0.0453081 
0.04359 0.0569458 0.0497067 0.0472272 0.0500018 0.0555586 0.0596688 0.0644721 0.0518403 0.0458967 0.0457428 0.0621538 0.0486454 0.0492714 0.0497903 0.0401689 0.0477433 0.0476864 0.0455336 0.0383563 
0.0403553 0.0505122 0.0470713 0.0441878 0.0454352 0.0558508 0.0591177 0.0653377 0.0489435 0.045511 0.0549185 0.0671609 0.0598743 0.0444162 0.0579799 0.0320432 0.0431922 0.0540447 0.0512641 0.032784 
0.0377142 0.0441541 0.0444244 0.0418292 0.0414103 0.0551711 0.0570467 0.0641992 0.0452778 0.0450017 0.0643035 0.0704469 0.0715432 0.0397971 0.0659826 0.0259817 0.0393441 0.0606818 0.0569729 0.0287178 
0.0357404 0.038469 0.0420122 0.0401008 0.0380531 0.0538048 0.0540529 0.061599 0.0414181 0.0444537 0.073083 0.0720809 0.0827847 0.035802 0.0731262 0.0218631 0.0363287 0.0670658 0.0621831 0.0259788 
0.0343675 0.0337734 0.0399788 0.0388688 0.0353643 0.0520843 0.0507814 0.0582472 0.0378324 0.0439358 0.0806877 0.0724879 0.0929813 0.0326041 0.0789998 0.019272 0.0341022 0.0728214 0.0665759 0.0242341 
0.0645828 0.0615892 0.0526911 0.0622624 0.0587955 0.0416044 0.0529224 0.0410115 0.0568355 0.0460371 0.0198324 0.0382306 0.0206659 0.0692036 0.0225183 0.100588 0.0674595 0.0327966 0.0284161 0.0619575 
0.0616428 0.0610781 0.0516001 0.0591716 0.0558609 0.0436739 0.058146 0.0455597 0.0595128 0.046349 0.0217939 0.0445639 0.0246392 0.0673188 0.0249709 0.0895255 0.0641173 0.0347383 0.03001 0.0557278 
0.0578794 0.0596076 0.0501225 0.0557805 0.0524624 0.0458888 0.0632684 0.0503829 0.0614332 0.0466169 0.0247964 0.0520886 0.0304962 0.0643558 0.0284132 0.0770062 0.0601557 0.0377609 0.0323841 0.0491004 
0.053513 0.0569239 0.0481909 0.0522766 0.0487118 0.0479738 0.0675172 0.0548616 0.0620499 0.0467759 0.0290842 0.0603138 0.0386623 0.0602253 0.0329955 0.0638736 0.0557078 0.0421671 0.0356803 0.0424957 
0.0489303 0.0530146 0.045841 0.0489168 0.0448093 0.0496139 0.0700854 0.0582593 0.0609831 0.0467731 0.034718 0.0683803 0.0492405 0.0550936 0.038663 0.0512655 0.0510498 0.0480557 0.0398854 0.0364218 
0.0445958 0.0481824 0.0432331 0.0459509 0.0410025 0.0505673 0.0704621 0.0599941 0.0582249 0.0465956 0.0414521 0.0752896 0.0618185 0.049407 0.0450778 0.0403072 0.0465557 0.0551939 0.0447689 0.0313209 
0.040898 0.0429682 0.0406068 0.0435323 0.037519 0.0507633 0.0686895 0.059895 0.054191 0.0462762 0.0487492 0.0802921 0.075504 0.0437611 0.0516826 0.0317205 0.0425771 0.0630396 0.0499205 0.0274143 
0.0380304 0.0379477 0.0381926 0.0416801 0.0345072 0.0503073 0.0653308 0.0582502 0.0495507 0.045877 0.0559558 0.0831729 0.089214 0.0386852 0.0578856 0.0256267 0.0393281 0.070923 0.0548785 0.0246565 
0.035982 0.0335403 0.0361409 0.0403118 0.0320176 0.0494036 0.0611849 0.0556281 0.0449597 0.045461 0.0625193 0.0842425 0.102018 0.0344892 0.0632422 0.0216623 0.0368468 0.0782644 0.0592642 0.0228216 
0.0346116 0.0299378 0.0345026 0.0393085 0.0300225 0.0482619 0.0569811 0.0526308 0.0408748 0.0450746 0.0681065 0.0841078 0.113326 0.0312458 0.0675302 0.0192589 0.0350403 0.0846941 0.0628509 0.0216336 
0.072415 0.0515876 0.0496629 0.0611295 0.050078 0.0377262 0.0576136 0.0368578 0.0620904 0.0463925 0.0175699 0.0392648 0.0206897 0.075664 0.0190551 0.120671 0.0673463 0.0325858 0.0269007 0.0546992 
0.0693485 0.0517694 0.048346 0.0586673 0.0478649 0.0390764 0.063566 0.0405013 0.0655033 0.0466573 0.0186122 0.0458732 0.0243202 0.0738027 0.0206702 0.108824 0.064564 0.0342969 0.0279263 0.0498103 
0.0652416 0.0514198 0.0467096 0.0558955 0.0453305 0.0406519 0.0697426 0.0445679 0.0683309 0.0469233 0.0203213 0.053974 0.0298031 0.0708338 0.0229608 0.0949248 0.0612266 0.0370593 0.029536 0.0445468 
0.0602697 0.0502338 0.0446998 0.0529212 0.0425102 0.0423171 0.0753553 0.0486289 0.069929 0.0471452 0.0229118 0.0632167 0.0377047 0.0665915 0.0260784 0.0797662 0.0573919 0.0412633 0.0318934 0.0391721 
0.0548146 0.048027 0.0423381 0.0499339 0.0395085 0.0438728 0.079432 0.052086 0.0697263 0.0472713 0.0265227 0.0728027 0.0483679 0.0611373 0.0300701 0.0645558 0.0532377 0.0471657 0.0350759 0.0340539 
0.0494089 0.0448427 0.0397497 0.0471567 0.0364838 0.0451105 0.0811444 0.0543472 0.0674799 0.0472689 0.0311101 0.0816117 0.0616423 0.054843 0.034791 0.0506737 0.0490602 0.0547106 0.0389966 0.0295683 
0.0445786 0.0409802 0.0371393 0.0447695 0.0336093 0.0458871 0.0801908 0.0550714 0.0634402 0.047139 0.0363931 0.088582 0.0767727 0.0483212 0.0398945 0.0392332 0.0451959 0.0634508 0.0433832 0.0259685 
0.0406701 0.0368934 0.03472 0.0428499 0.0310254 0.0461715 0.0769441 0.0543121 0.0582741 0.046914 0.0419219 0.0931311 0.0925882 0.0422145 0.0449305 0.0307171 0.041907 0.0726626 0.0478485 0.0233042 
0.0377774 0.0330187 0.0326445 0.0413741 0.0288096 0.0460305 0.0722462 0.0524563 0.0527874 0.0466395 0.0472331 0.0953213 0.107889 0.0369828 0.0494941 0.0249439 0.0393074 0.0815867 0.052009 0.0214483 
0.0357928 0.0296478 0.0309776 0.0402599 0.0269765 0.0455787 0.0670314 0.0500268 0.0476438 0.0463568 0.0519859 0.0957017 0.121766 0.032818 0.0533283 0.0213309 0.0373663 0.0896364 0.0555822 0.0201934 
0.0764865 0.0433078 0.0456017 0.0574922 0.0408761 0.0355735 0.0676071 0.0364535 0.0702411 0.0468401 0.0164765 0.0463226 0.0238574 0.0795078 0.0176737 0.127761 0.0636756 0.0334582 0.0264002 0.0443873 
0.0722774 0.0436573 0.0438724 0.0553011 0.0389903 0.0365392 0.0745414 0.0397652 0.0738653 0.0470552 0.017328 0.0546006 0.0287856 0.076653 0.0191865 0.113146 0.0609383 0.0358591 0.0274204 0.0402179 
0.0669668 0.0435386 0.041828 0.0528707 0.036909 0.0376837 0.0813007 0.0432766 0.0764507 0.0472722 0.0187492 0.0643961 0.0360829 0.0724863 0.0212601 0.0966063 0.0577554 0.0396645 0.0290114 0.0358911 
0.0608866 0.0426907 0.0394787 0.0503174 0.0346678 0.0389215 0.0868565 0.0465394 0.077283 0.047454 0.0208889 0.0750637 0.0462886 0.0669638 0.0239721 0.0793053 0.0542188 0.0452576 0.0312929 0.0316533 
0.054582 0.0409774 0.0369214 0.0478163 0.0323486 0.0401245 0.0901377 0.0490247 0.0758805 0.0475644 0.0238051 0.0854981 0.059542 0.060345 0.0272894 0.0627582 0.0505332 0.0527756 0.0342789 0.0277973 
0.048679 0.0384705 0.0343305 0.0455446 0.0300627 0.0411578 0.0904656 0.0503156 0.0722492 0.0475855 0.0273962 0.0944283 0.0753479 0.0531954 0.0310287 0.0484218 0.0469818 0.0619471 0.0378273 0.0245648 
0.0436825 0.035445 0.0319032 0.0436193 0.0279217 0.0419221 0.0878839 0.0502862 0.0669375 0.047523 0.0313984 0.100899 0.0926116 0.0462182 0.0348899 0.0372061 0.0438348 0.0721029 0.0416551 0.0220602 
0.039832 0.0322732 0.0297945 0.0420704 0.0260081 0.0423776 0.0831205 0.0491395 0.0608143 0.0474 0.03547 0.104616 0.109976 0.0400108 0.0385528 0.0292482 0.0412589 0.0823814 0.0454213 0.0202343 
0.0370993 0.0292862 0.0280815 0.0408608 0.0243633 0.0425376 0.0772259 0.0472856 0.0547321 0.047244 0.0393068 0.105942 0.126235 0.0349066 0.0417727 0.0240717 0.0392852 0.0919936 0.0488257 0.0189438 
0.0352913 0.0266932 0.0267677 0.0399257 0.0229922 0.0424479 0.0711783 0.0451661 0.0492906 0.0470781 0.0427153 0.105619 0.14057 0.0309701 0.0444254 0.0209404 0.037839 0.100391 0.0516716 0.0180286 
0.0826603 0.0362509 0.0434505 0.0559106 0.0352692 0.0330693 0.0702664 0.0333833 0.0736033 0.0469556 0.0151251 0.046074 0.0233354 0.0842328 0.0156867 0.145115 0.0619009 0.0324269 0.0253502 0.039933 
0.0785735 0.0369514 0.0416948 0.0542125 0.0338314 0.0335411 0.0776176 0.0360234 0.077828 0.0470977 0.0154427 0.0541737 0.0276231 0.0815826 0.0167156 0.130483 0.0596696 0.0344203 0.0259443 0.0365739 
0.0732057 0.0374898 0.0396652 0.0522863 0.032287 0.0341939 0.085191 0.0389723 0.081283 0.0472644 0.0161132 0.0640557 0.0341097 0.0776401 0.0181099 0.113326 0.0570835 0.0377086 0.0269557 0.033059 
0.0668059 0.0375994 0.0373635 0.0501801 0.0306295 0.0350247 0.0920089 0.0419129 0.0831811 0.0474389 0.017266 0.0752801 0.0434607 0.0722712 0.0199391 0.0946627 0.0541693 0.0427514 0.0285126 0.0295426 
0.0598752 0.0370509 0.0348603 0.0480099 0.0288847 0.0359925 0.096875 0.0444105 0.0828419 0.0475944 0.0189969 0.0868779 0.0560747 0.0656082 0.0222184 0.0760013 0.0510467 0.0498547 0.0306869 0.0262391 
0.0530814 0.0357444 0.0323014 0.0459261 0.0271083 0.0370161 0.0987829 0.0460414 0.0799969 0.0477079 0.0213084 0.0975146 0.0717769 0.0581178 0.0248674 0.0590246 0.0479263 0.0589619 0.0334369 0.0233589 
0.0470604 0.0337701 0.0298689 0.0440594 0.0253736 0.0379925 0.0973719 0.0465644 0.0749718 0.0477684 0.0240758 0.105937 0.0896946 0.0505007 0.0277078 0.0450587 0.0450523 0.0695571 0.0365857 0.0210293 
0.0422155 0.0313799 0.02772 0.0424813 0.0237521 0.0388259 0.0930979 0.0460228 0.0685826 0.047778 0.0270753 0.111452 0.108468 0.0434554 0.0305141 0.0346607 0.0426161 0.0807825 0.039863 0.0192564 
0.0386428 0.0288828 0.0259454 0.0411992 0.0222966 0.0394494 0.0869878 0.0447002 0.0618042 0.0477471 0.0300619 0.114116 0.126679 0.03746 0.0330846 0.0275991 0.0406991 0.091709 0.0429856 0.0179504 
0.036201 0.0265372 0.0245641 0.0401809 0.0210353 0.0398347 0.0801913 0.0429809 0.0554409 0.0476883 0.032846 0.114552 0.143212 0.0326998 0.0352923 0.0231694 0.0392733 0.101582 0.0457315 0.0169871 
0.0839216 0.0315447 0.0401494 0.0528456 0.0299145 0.0314646 0.079211 0.033226 0.0803115 0.0471186 0.0143239 0.0530073 0.0264741 0.0855913 0.0151467 0.146127 0.0578795 0.0329821 0.0249703 0.0337902 
0.0787393 0.0324126 0.0381766 0.0513435 0.0287333 0.0317238 0.0872359 0.0356611 0.084433 0.0472169 0.014537 0.0625894 0.0320751 0.0819736 0.0161305 0.129094 0.055777 0.0357149 0.0255677 0.0308653 
0.0723193 0.0331122 0.0359533 0.0496547 0.027491 0.0321669 0.0949843 0.0382401 0.0872967 0.0473444 0.0150642 0.0738693 0.0403534 0.0769234 0.0173993 0.109866 0.0534111 0.0400762 0.026579 0.0278949 
0.0650747 0.0333903 0.0335277 0.0478356 0.0261783 0.0328189 0.101261 0.0406256 0.0880954 0.0474905 0.016006 0.0860961 0.0518985 0.0704521 0.0189789 0.0898162 0.0508325 0.0464907 0.0281015 0.0250297 
0.057651 0.0330447 0.0310178 0.0459938 0.0248084 0.0336644 0.104841 0.0424282 0.0863076 0.0476378 0.017417 0.0980149 0.0668506 0.0628965 0.0208406 0.070698 0.0481778 0.0551085 0.0301596 0.0224426 
0.0507634 0.0320115 0.028588 0.0442501 0.0234168 0.0346376 0.104965 0.0433476 0.0819739 0.0477701 0.0192634 0.108207 0.0846525 0.0548955 0.0228877 0.0541649 0.045644 0.065628 0.0326664 0.020266 
0.0449689 0.0304014 0.0263971 0.0426969 0.0220539 0.035636 0.101705 0.0433017 0.0757403 0.0478756 0.0214166 0.115615 0.104095 0.0471967 0.024975 0.0412291 0.0434207 0.0773026 0.0354299 0.0185428 
0.0405175 0.028451 0.0245503 0.0413777 0.0207721 0.0365491 0.0959034 0.0424495 0.068601 0.0479488 0.0236951 0.11991 0.123673 0.0404072 0.0269541 0.0320287 0.0416223 0.0891562 0.0382078 0.0172261 
0.0373618 0.0264236 0.0230838 0.040294 0.019613 0.0372884 0.0887719 0.0411017 0.0615245 0.0479891 0.0259282 0.12148 0.142025 0.0348485 0.0287155 0.026018 0.0402635 0.10027 0.0407772 0.0162226 
0.0352755 0.0245276 0.0219799 0.0394255 0.0186032 0.0378057 0.0814496 0.0395913 0.0551946 0.0480003 0.0280015 0.121142 0.158187 0.0305661 0.0302085 0.0223619 0.0392793 0.109977 0.0429846 0.0154396 
