20 hexa 10 10 gaussian
#SNAPSHOT FILE
#iterations: 15000 (40000 total)
0.0360713 0.104529 0.0641097 0.0686072 0.106208 0.0554499 0.0243066 0.0491962 0.0304603 0.042182 0.0267944 0.0233993 0.0146537 0.042692 0.0375079 0.0430967 0.0595507 0.0246279 0.0324582 0.114098 
0.0356895 0.101276 0.0652876 0.0645454 0.10156 0.0593601 0.0254679 0.0550138 0.0308742 0.0424391 0.0312338 0.0250427 0.0163489 0.0426409 0.0420001 0.0400019 0.0565643 0.0255544 0.0349453 0.104154 
0.035169 0.0963437 0.0662352 0.0599139 0.0957147 0.0634289 0.02664 0.0612671 0.0310948 0.0425664 0.0378059 0.0270248 0.0186843 0.0422911 0.0482101 0.0365284 0.0530375 0.0269023 0.0384386 0.0927036 
0.0345038 0.0895622 0.0666463 0.0548933 0.0888214 0.0670873 0.0276883 0.0672891 0.0310105 0.0425093 0.0469774 0.0293029 0.0217677 0.0415394 0.0564225 0.0327734 0.0490251 0.0287583 0.0430614 0.0803613 
0.0337173 0.0811193 0.0662636 0.0497965 0.0812333 0.0696757 0.0284663 0.072227 0.0305348 0.0422313 0.0588639 0.0317424 0.0256103 0.0403442 0.066589 0.028947 0.0447112 0.0311381 0.0487516 0.0680375 
0.0328652 0.0716302 0.0649949 0.0450232 0.0734811 0.0706766 0.0288637 0.0753063 0.0296484 0.0417406 0.0729878 0.0341271 0.0300728 0.0387636 0.0781716 0.0253389 0.0404033 0.0339462 0.0551951 0.0567636 
0.0320209 0.062005 0.0629734 0.0409376 0.0661486 0.0699387 0.0288591 0.0761476 0.028426 0.0410969 0.0882776 0.0362286 0.0348733 0.0369543 0.0902099 0.0222226 0.0364444 0.0369836 0.0618759 0.0473761 
0.0312493 0.0531406 0.0605025 0.0377438 0.0597026 0.0677316 0.0285365 0.074914 0.0270203 0.0403892 0.10339 0.0378987 0.0396761 0.0351186 0.101632 0.0197547 0.0330921 0.0400151 0.068239 0.0402542 
0.0305865 0.0456349 0.0579252 0.0354462 0.0543786 0.064588 0.0280498 0.0721824 0.0256075 0.0397 0.117155 0.0391196 0.0442065 0.0334319 0.111602 0.01794 0.0304481 0.0428514 0.0738619 0.0352851 
0.0300381 0.0396922 0.0555059 0.033908 0.0501808 0.0610709 0.0275627 0.0686625 0.0243327 0.0390823 0.128847 0.0399893 0.0483233 0.0319978 0.119688 0.0166744 0.0284737 0.0453967 0.0785293 0.0320448 
0.0398936 0.0971003 0.0632692 0.06634 0.0971534 0.054939 0.0288478 0.0508601 0.0344247 0.0430424 0.0274607 0.0263307 0.0162873 0.0468931 0.0368779 0.0487916 0.0602406 0.0264178 0.0328464 0.101983 
0.0391651 0.093448 0.064017 0.062122 0.0921815 0.0587296 0.0305098 0.0567557 0.0350325 0.0432616 0.0323725 0.028727 0.0186354 0.0464591 0.0417419 0.0446139 0.0569246 0.0277228 0.0356555 0.0919249 
0.038211 0.0881142 0.0643786 0.0574532 0.0861737 0.0624682 0.0320942 0.0627811 0.0353167 0.0433355 0.0394476 0.0315436 0.0218581 0.0455546 0.048351 0.0399809 0.0530672 0.0295893 0.0395089 0.0807726 
0.0370611 0.0810836 0.0640947 0.0525732 0.0793667 0.0655715 0.0333916 0.0681896 0.0351269 0.0432138 0.0489876 0.0346494 0.026058 0.0441044 0.0568496 0.0351074 0.0487792 0.0320897 0.0444592 0.069243 
0.0357937 0.0727201 0.0630131 0.0478321 0.0721784 0.0674613 0.0342018 0.0721626 0.0343741 0.0428752 0.06086 0.0377915 0.0311782 0.0421408 0.0669885 0.030336 0.0443098 0.035186 0.0503421 0.0582548 
0.0345214 0.0637493 0.0611757 0.0436038 0.0651354 0.0677928 0.0344154 0.0741086 0.0330847 0.0423475 0.0743619 0.0406545 0.036959 0.0398249 0.0780642 0.026049 0.0400016 0.0387034 0.0567574 0.0486897 
0.0333533 0.0550455 0.058813 0.0401588 0.05873 0.0666012 0.034071 0.073912 0.0314125 0.0417024 0.0883631 0.0429811 0.0429953 0.0374032 0.089099 0.0225303 0.0361775 0.0423728 0.0631708 0.0411073 
0.0323588 0.0473341 0.0562462 0.0375834 0.0532833 0.0642548 0.0333409 0.0719453 0.0295853 0.0410263 0.101682 0.0446704 0.0488734 0.0351199 0.0991717 0.0198756 0.0330326 0.0459267 0.0690867 0.0356033 
0.0315549 0.0409996 0.0537629 0.0357956 0.0488948 0.0612646 0.0324557 0.0688529 0.0278242 0.0403885 0.113435 0.0457924 0.0543006 0.0331409 0.107675 0.018005 0.0306041 0.0491811 0.0741758 0.0318963 
0.03092 0.0360896 0.0515422 0.0346273 0.0454856 0.0580949 0.0316254 0.0652895 0.0262867 0.0398293 0.123162 0.0465324 0.0591564 0.0315332 0.114367 0.0167461 0.0288142 0.0520648 0.0782997 0.0295342 
0.0452596 0.0907594 0.0610477 0.067504 0.0907235 0.050515 0.0327736 0.0467603 0.0385238 0.0436754 0.0243714 0.0276684 0.0163405 0.0521277 0.0321427 0.0604818 0.063681 0.0273505 0.0309841 0.0973101 
0.0443228 0.0882669 0.0614838 0.0637412 0.0866123 0.0538002 0.0350006 0.0520916 0.0396022 0.0439599 0.027881 0.0304978 0.0186608 0.0516238 0.0358225 0.0555216 0.0606231 0.0285878 0.0331517 0.0887485 
0.0430469 0.0843637 0.0616522 0.0595037 0.0815539 0.0572912 0.0372442 0.0578104 0.0403788 0.0441413 0.0330816 0.0339014 0.0219545 0.050581 0.040928 0.049873 0.0570057 0.0304266 0.0362278 0.0790343 
0.0414607 0.0788895 0.0613221 0.0549645 0.075684 0.0605347 0.0392406 0.0633235 0.0406348 0.0441679 0.0403467 0.0377718 0.0264231 0.048885 0.0477055 0.043745 0.0528764 0.0329976 0.0403403 0.0686866 
0.0396617 0.0719761 0.0603191 0.0504089 0.0692997 0.0629911 0.0406916 0.0678703 0.0401916 0.0439982 0.0497843 0.0418412 0.0321252 0.0465293 0.056134 0.0375205 0.0484089 0.0363369 0.0454582 0.0584535 
0.0378062 0.0641105 0.0586164 0.0461867 0.0628311 0.0642156 0.0413628 0.0707513 0.0389912 0.0436273 0.0610458 0.0457143 0.0388807 0.04366 0.065792 0.0316927 0.0439048 0.0403253 0.0513261 0.0491596 
0.0360663 0.0560349 0.0563673 0.0426034 0.0567406 0.0640411 0.0411914 0.0716089 0.0371471 0.0430983 0.0733124 0.0489974 0.0462673 0.0405562 0.0759018 0.0267091 0.0397124 0.0446923 0.0574954 0.0414566 
0.0345708 0.0485025 0.0538471 0.0398174 0.051392 0.0626338 0.0403219 0.0705658 0.0349163 0.0424863 0.0855342 0.051453 0.053746 0.0375361 0.085574 0.0228145 0.0361069 0.0491006 0.0634595 0.0356217 
0.0333708 0.0420386 0.0513421 0.0378127 0.0469661 0.0603828 0.0390385 0.0681209 0.0326024 0.0418684 0.0967732 0.0530725 0.0608411 0.0348509 0.0940938 0.0200042 0.0332146 0.053261 0.068804 0.0315417 
0.0324478 0.0368492 0.0490595 0.0364554 0.0434624 0.0577234 0.037649 0.0649069 0.0304574 0.0413001 0.106425 0.0540365 0.0672609 0.0326295 0.101067 0.0180986 0.0310192 0.057003 0.0732874 0.0288622 
0.0506194 0.0809764 0.0587246 0.0646176 0.0792378 0.0489173 0.0399205 0.0474765 0.0446302 0.0446322 0.0242261 0.0322177 0.0187496 0.0576565 0.0305161 0.0694454 0.0637916 0.0294106 0.0309354 0.0832988 
0.0490337 0.0783764 0.058605 0.060867 0.0751134 0.0519126 0.0428954 0.0526503 0.0459923 0.0448857 0.0278475 0.036193 0.022028 0.0565077 0.0343024 0.0627348 0.0604856 0.0311669 0.0332755 0.0751273 
0.0469846 0.0744556 0.0581111 0.056765 0.0702466 0.0549526 0.0457275 0.0579329 0.0468398 0.0450318 0.0330747 0.040848 0.0266324 0.0546037 0.0394578 0.0552306 0.0566363 0.033729 0.0365273 0.0662128 
0.0445768 0.0691663 0.0570765 0.0525302 0.0648229 0.0576038 0.0480321 0.0626889 0.0468979 0.0450225 0.0401403 0.0459342 0.0327548 0.0518893 0.0461027 0.0473346 0.0523426 0.0372156 0.0407567 0.0571117 
0.0420064 0.0627526 0.0554353 0.0484645 0.0591573 0.0594207 0.0494329 0.0662185 0.045994 0.0448281 0.0489686 0.0510066 0.0403483 0.0484747 0.0540591 0.0396357 0.0478363 0.0415939 0.0458493 0.0485176 
0.0395172 0.0557492 0.0532747 0.0448757 0.0536387 0.0601114 0.0497108 0.0680058 0.0441521 0.0444591 0.059071 0.0555349 0.0490482 0.0446463 0.062799 0.032761 0.0434463 0.0466357 0.0514845 0.0410787 
0.0373236 0.0488298 0.050814 0.0419724 0.0486251 0.0596513 0.0489128 0.0679311 0.0416122 0.0439663 0.0696364 0.0590994 0.0582431 0.0407884 0.071572 0.0271627 0.0394946 0.0519657 0.0572091 0.0351904 
0.0355435 0.0425816 0.0483182 0.0398054 0.0443482 0.0582649 0.0473296 0.0662906 0.0387433 0.0434203 0.0797936 0.0615436 0.0672735 0.0372511 0.0796524 0.0229842 0.0361914 0.0571885 0.0625761 0.0309002 
0.0341854 0.0373462 0.0460048 0.0382882 0.0408789 0.0562991 0.0453637 0.0636245 0.0359085 0.0428848 0.0888686 0.0629888 0.0756313 0.034253 0.086541 0.0200886 0.0335983 0.0620063 0.0672601 0.02798 
0.0331822 0.0332046 0.0439959 0.0372693 0.0381593 0.0540888 0.0433873 0.0604977 0.0333704 0.0424023 0.096486 0.0637337 0.0830467 0.0318637 0.0920187 0.0181926 0.0316599 0.0662669 0.0710929 0.0260816 
0.0577957 0.0721229 0.0558572 0.0646622 0.0706329 0.0443614 0.0449467 0.0431246 0.0498088 0.045244 0.0213121 0.0337468 0.0188779 0.0642316 0.0259137 0.0860436 0.0660894 0.0300998 0.0290216 0.0761072 
0.0559701 0.0706047 0.0554161 0.0614254 0.0673537 0.0467206 0.0486477 0.0476071 0.0517926 0.0455287 0.0236791 0.0382043 0.0220451 0.0630276 0.0286171 0.0783679 0.0631442 0.0317115 0.0307059 0.0694308 
0.0535009 0.068091 0.0546932 0.0578238 0.0634607 0.0493034 0.0523684 0.0524049 0.0533286 0.0457498 0.0272135 0.0435628 0.0266221 0.0609838 0.0323682 0.0695186 0.0596685 0.0341647 0.033144 0.0620291 
0.0504835 0.0644179 0.0535475 0.0540126 0.0590471 0.0518088 0.0556685 0.057034 0.0540559 0.0458664 0.0321774 0.0496294 0.0329302 0.0579922 0.0373453 0.0598889 0.0557009 0.0376585 0.0364573 0.0542779 
0.0471358 0.0596265 0.0518996 0.0502349 0.0543156 0.0538652 0.058042 0.0608749 0.053674 0.0458379 0.0386609 0.0559606 0.0410895 0.0541082 0.0435387 0.0501277 0.0513928 0.0422666 0.0406436 0.0467051 
0.0437681 0.0540197 0.0497895 0.0467733 0.0495572 0.0551467 0.0590826 0.0633531 0.0520736 0.0456472 0.0464518 0.0619253 0.0508711 0.0495947 0.0506552 0.0410277 0.0470166 0.0478495 0.0455187 0.0398785 
0.0406955 0.0481078 0.0473826 0.0438604 0.0450828 0.055496 0.0586643 0.0641624 0.0494158 0.0453151 0.0550171 0.0669073 0.0616794 0.0448754 0.0581448 0.0332847 0.0428968 0.0540475 0.0507316 0.0342331 
0.0381363 0.0424446 0.0449109 0.0416023 0.0411365 0.0549725 0.0570059 0.0633817 0.0460893 0.0448927 0.063651 0.0705374 0.0727189 0.0403969 0.0653663 0.027269 0.0393033 0.0603859 0.0558611 0.0299382 
0.036162 0.0374502 0.0425881 0.0399667 0.0378412 0.0537944 0.0545629 0.061402 0.0425602 0.0444394 0.0717018 0.072799 0.0832502 0.0364896 0.0717883 0.0229651 0.0363767 0.0664291 0.0605377 0.0268955 
0.0347187 0.0333268 0.0405525 0.0388328 0.0351994 0.0522314 0.0518393 0.0587382 0.0392217 0.0440041 0.0787287 0.0739613 0.0927704 0.0333051 0.0771034 0.0200897 0.034125 0.0718862 0.0645187 0.0248468 
0.0634222 0.06184 0.0522894 0.0611731 0.0590465 0.0420671 0.054021 0.0429722 0.0573204 0.0460443 0.0204809 0.0397445 0.021981 0.0696751 0.0239678 0.095994 0.064725 0.0319967 0.0285606 0.0626783 
0.060651 0.0604754 0.0513298 0.0580945 0.0560158 0.0440594 0.0585764 0.0471382 0.0595649 0.0462908 0.0227077 0.0456286 0.0263633 0.0675836 0.0265996 0.0860202 0.061676 0.0342407 0.0302848 0.0566995 
0.0571182 0.0582416 0.0500411 0.0547674 0.0525563 0.0461741 0.0628986 0.0513901 0.0610633 0.0464814 0.0259675 0.052503 0.0325881 0.0644377 0.0301659 0.0748105 0.0581412 0.037582 0.0327422 0.0503301 
0.0530372 0.0550395 0.0483465 0.0513733 0.0487756 0.0481489 0.0663927 0.0552302 0.0613977 0.0465788 0.0304209 0.0599821 0.0409457 0.0602259 0.0347446 0.0630227 0.0541988 0.0422034 0.0360029 0.0439331 
0.0487606 0.0509645 0.0462565 0.0481514 0.0448634 0.0496978 0.068472 0.0581092 0.060301 0.0465514 0.0360416 0.0674007 0.0514001 0.0551568 0.0402194 0.051566 0.0500441 0.0480895 0.0400004 0.0379536 
0.0446995 0.0463248 0.0438914 0.0453327 0.0410573 0.0506082 0.0687868 0.0596155 0.0577959 0.0463928 0.0425462 0.0739799 0.0634733 0.0496542 0.0462438 0.0413749 0.045964 0.0549581 0.0445041 0.032797 
0.0411951 0.0415596 0.0414475 0.0430605 0.0375794 0.0508144 0.06739 0.0596395 0.0542204 0.0461277 0.0494399 0.0791055 0.076329 0.0442381 0.0523214 0.0331062 0.0422498 0.0623126 0.0491656 0.0286983 
0.0384217 0.0370911 0.039126 0.0413547 0.0345772 0.0504004 0.0647094 0.0583966 0.0501031 0.0457999 0.0561715 0.0825415 0.0890334 0.0393565 0.0579639 0.0269601 0.0391059 0.0695997 0.0536197 0.025668 
0.036375 0.0332036 0.0370727 0.0401344 0.0321016 0.0495382 0.0613495 0.0563034 0.04597 0.0454548 0.0622965 0.0844476 0.100825 0.0352707 0.0628253 0.0227297 0.0366088 0.0763712 0.0575773 0.0235453 
0.0349325 0.0300104 0.0353541 0.0392756 0.0301242 0.0484138 0.0578781 0.0538093 0.0422067 0.0451268 0.0675516 0.0852365 0.111243 0.0320468 0.0667456 0.0199957 0.0347269 0.0823563 0.0608672 0.0220997 
0.0708255 0.0530075 0.0494185 0.0602301 0.051024 0.0381897 0.0585915 0.0389608 0.0621519 0.0464278 0.0181266 0.0407045 0.021832 0.0759439 0.0203597 0.114408 0.0651707 0.0320139 0.0268575 0.0557569 
0.0679231 0.0524781 0.0482594 0.0576545 0.0486926 0.0395752 0.0638281 0.0424507 0.0650369 0.0466586 0.0194109 0.0468741 0.0258782 0.0739058 0.022167 0.103698 0.0625548 0.0339729 0.0279955 0.0509856 
0.0640538 0.0513911 0.0468396 0.0548258 0.0460515 0.0411783 0.0690721 0.0461851 0.0673153 0.0468687 0.0213968 0.0542798 0.0317686 0.07075 0.0246451 0.0912772 0.0594997 0.0370181 0.0297168 0.0458669 
0.0593954 0.0495717 0.0450926 0.0518657 0.0431371 0.0428451 0.0736978 0.0497933 0.0684821 0.0470357 0.0242523 0.0626397 0.0399373 0.0663959 0.0278973 0.0777543 0.0560276 0.0414268 0.0321274 0.0406254 
0.0543052 0.0469632 0.043012 0.0489619 0.0400509 0.0443704 0.0769836 0.0528033 0.0681173 0.0471277 0.0280501 0.0713332 0.0505595 0.0609737 0.0319127 0.0640796 0.0522558 0.04732 0.0352443 0.0355756 
0.0492614 0.043681 0.0406828 0.0463226 0.0369499 0.0455534 0.0783484 0.0547746 0.0660644 0.0471221 0.0326886 0.0794946 0.0633591 0.0548641 0.036509 0.0513728 0.0484063 0.0545458 0.0389485 0.0310507 
0.0447283 0.0400037 0.0382674 0.0441084 0.03401 0.0462652 0.0776038 0.0554651 0.0625362 0.0470186 0.0378734 0.0862848 0.0775776 0.0486194 0.0413482 0.0405921 0.044754 0.0626591 0.0429884 0.0272969 
0.0410137 0.0362844 0.035951 0.0423811 0.0313765 0.0464829 0.0750446 0.0549221 0.0580525 0.046839 0.0431953 0.0911959 0.0921774 0.0427901 0.0460352 0.0322357 0.0415377 0.0710438 0.0470437 0.0243979 
0.0382058 0.0328327 0.0338812 0.041103 0.0291303 0.0462741 0.0713015 0.053435 0.0532414 0.0466158 0.0482599 0.0941883 0.106162 0.0377623 0.0502383 0.0262737 0.0388947 0.0791059 0.0508148 0.0222791 
0.0362125 0.0298388 0.0321378 0.0401777 0.0272852 0.045752 0.0670822 0.051397 0.0486378 0.04638 0.0527862 0.0956044 0.118811 0.0336981 0.0537614 0.0223115 0.0368497 0.0864133 0.0540867 0.0207774 
0.0747974 0.0449016 0.04565 0.0566767 0.042135 0.0360182 0.0678122 0.0385187 0.0694075 0.046886 0.0171144 0.0472865 0.0252336 0.0795358 0.018936 0.121355 0.0624154 0.0334451 0.0262662 0.0456084 
0.0708148 0.0446267 0.0441379 0.0543177 0.040137 0.0371003 0.0737767 0.041693 0.0723792 0.0470734 0.018213 0.0549047 0.0306014 0.0765104 0.0206412 0.10824 0.0598288 0.0360976 0.0273963 0.0415096 
0.0658161 0.0438814 0.0423579 0.0517982 0.0379396 0.0383494 0.079409 0.0449369 0.0743909 0.0472547 0.0199094 0.0637844 0.0382516 0.0722085 0.0229015 0.093483 0.0568603 0.0401077 0.0290885 0.037271 
0.0601207 0.0425206 0.0402946 0.049252 0.0355782 0.0396475 0.0839228 0.0478747 0.0749009 0.0474092 0.0223124 0.0734175 0.0485502 0.0666707 0.0257531 0.0779896 0.053561 0.0457208 0.0314089 0.0330946 
0.0542278 0.0405099 0.0380052 0.0468514 0.0331371 0.0408474 0.0865446 0.0500921 0.0735662 0.047511 0.0254302 0.0829471 0.0614646 0.0601973 0.0291212 0.0629725 0.0500799 0.0529425 0.0343253 0.0292268 
0.0486969 0.0379631 0.035622 0.0447544 0.0307354 0.0418141 0.0868137 0.0512759 0.070414 0.0475438 0.0291248 0.0913816 0.0764223 0.0533224 0.0328031 0.0496486 0.046646 0.0614478 0.0376826 0.0258877 
0.0439779 0.0351168 0.0333124 0.0430511 0.0284955 0.0424642 0.0847937 0.0513364 0.0658721 0.047508 0.0331304 0.0979396 0.0924062 0.0466639 0.0365134 0.0388569 0.0435006 0.0706355 0.04123 0.0231958 
0.0402893 0.0322479 0.0312241 0.0417434 0.026509 0.0427805 0.0810355 0.0504292 0.0606066 0.0474183 0.0371345 0.102311 0.10826 0.0407297 0.0399722 0.0308438 0.0408223 0.0798113 0.0446897 0.021142 
0.0376123 0.0295839 0.0294474 0.040767 0.0248197 0.0427976 0.0763254 0.0488662 0.0552841 0.0472948 0.040872 0.104678 0.123009 0.0358003 0.0429808 0.0253365 0.0386887 0.0883839 0.0478278 0.0196246 
0.0357744 0.0272591 0.0280096 0.040034 0.0234287 0.0425764 0.0714101 0.0469921 0.0503982 0.0471562 0.044176 0.105542 0.136019 0.0319314 0.0454491 0.0217909 0.037085 0.0959649 0.0504926 0.0185102 
0.0808839 0.0382901 0.0435772 0.0553714 0.036708 0.0333717 0.0704767 0.0353738 0.072584 0.047018 0.0155892 0.0469863 0.0245171 0.0842356 0.0166747 0.137949 0.0615202 0.032771 0.0250412 0.0410615 
0.0770032 0.0385158 0.0420211 0.0534208 0.0351781 0.0339994 0.0769072 0.0380108 0.0760877 0.0471613 0.0161063 0.0545187 0.0292571 0.0814513 0.017867 0.124706 0.059347 0.0349934 0.0257221 0.0377261 
0.0719282 0.0385137 0.0402386 0.0513117 0.0335273 0.0348212 0.083322 0.0408402 0.0788548 0.0473166 0.0170154 0.0635416 0.0361654 0.0773722 0.0194422 0.109325 0.0568536 0.0384908 0.0268449 0.0342747 
0.0659039 0.038105 0.0382101 0.0491272 0.0317483 0.0357917 0.0889446 0.0435797 0.0802719 0.0474808 0.0184273 0.0737009 0.0457507 0.0719484 0.0214451 0.0925942 0.0540444 0.0436023 0.0284983 0.0308258 
0.0593977 0.0371618 0.0359715 0.0469973 0.0298688 0.0368294 0.0928835 0.0458719 0.0798334 0.0476359 0.0204041 0.0842385 0.0582184 0.0653762 0.0238586 0.07571 0.0510009 0.0504875 0.0307078 0.0275471 
0.0530148 0.0356605 0.0336273 0.0450621 0.0279537 0.0378322 0.0944259 0.0473828 0.0773558 0.0477606 0.0229125 0.0941136 0.0732518 0.0581235 0.0265752 0.0600552 0.047892 0.0589863 0.0333998 0.0246151 
0.0473274 0.0337062 0.0313275 0.0434235 0.0260904 0.0387028 0.0933439 0.0479274 0.0730969 0.0478409 0.025806 0.102325 0.0899767 0.050826 0.0294084 0.0467929 0.0449338 0.0685912 0.0363995 0.0221542 
0.0427035 0.0314989 0.029218 0.0421144 0.0243643 0.0393728 0.0899959 0.0475383 0.0676778 0.0478739 0.0288626 0.108263 0.107191 0.0440905 0.0321456 0.0365174 0.0423217 0.0785803 0.0394732 0.0201973 
0.0392392 0.0292593 0.027399 0.0411032 0.022836 0.0398117 0.0851515 0.0464327 0.0618464 0.0478653 0.031855 0.111869 0.123718 0.0383251 0.034611 0.029184 0.0401747 0.0882352 0.0423914 0.0186921 
0.0368121 0.0271624 0.0259115 0.0403239 0.0215332 0.0400222 0.0796784 0.0449114 0.0562431 0.0478249 0.0346115 0.113533 0.138676 0.0336874 0.0367035 0.0243107 0.0385217 0.0970095 0.0449791 0.0175439 
0.082376 0.0333577 0.0404794 0.0523129 0.0312823 0.0317731 0.0786095 0.0351028 0.0785196 0.0471911 0.0147798 0.0533708 0.0278955 0.0854779 0.0159935 0.139921 0.0583461 0.0338624 0.0245928 0.034756 
0.077461 0.0338043 0.0387256 0.0505572 0.0300213 0.0322226 0.0855341 0.0375194 0.0818768 0.0473021 0.0151816 0.0622067 0.0339541 0.0817453 0.0171229 0.124534 0.0562591 0.0368101 0.0252861 0.0318765 
0.0713934 0.0340469 0.0367514 0.0487097 0.0286775 0.032851 0.0920424 0.0399972 0.0841249 0.0474399 0.015927 0.0724808 0.0425786 0.0766247 0.0185499 0.107222 0.0539011 0.041291 0.0264114 0.0289792 
0.0645628 0.0339154 0.0345763 0.0468576 0.0272417 0.0336347 0.0972122 0.0422457 0.0846466 0.0476008 0.017098 0.0835977 0.0541711 0.0701998 0.0202795 0.0890695 0.0513011 0.047591 0.0280271 0.0261716 
0.0575609 0.0332929 0.0322804 0.0451126 0.025734 0.0345199 0.100145 0.0439466 0.0830578 0.047769 0.0187217 0.094573 0.0686889 0.0628349 0.0222606 0.0715032 0.0485666 0.0557265 0.0301202 0.0235852 
0.0510369 0.0321652 0.0299949 0.0435736 0.0242047 0.0354291 0.100313 0.0448592 0.0793987 0.047925 0.0207398 0.104282 0.0854953 0.0551307 0.0243807 0.0559356 0.0458717 0.065344 0.032586 0.0213347 
0.0455012 0.0306332 0.0278627 0.0422927 0.0227206 0.036279 0.0977933 0.0449148 0.074159 0.0480533 0.0230122 0.111842 0.103465 0.0477523 0.0264912 0.0433278 0.0434049 0.0757747 0.0352451 0.0194756 
0.0411936 0.0288724 0.0259937 0.041266 0.0213462 0.0369981 0.0932253 0.0442328 0.0680937 0.0481458 0.0253603 0.116898 0.121313 0.0412277 0.0284522 0.0339561 0.04131 0.0862334 0.0378903 0.0179922 
0.0380834 0.0270668 0.0244432 0.0404512 0.0201271 0.03754 0.0875207 0.0430549 0.0619568 0.0482005 0.027622 0.119646 0.137934 0.0358352 0.0301684 0.0275028 0.0396529 0.0960326 0.0403401 0.0168221 
0.0359674 0.0253606 0.0232165 0.0397968 0.0190863 0.0378865 0.0815536 0.0416508 0.05631 0.0482205 0.0296885 0.12064 0.152579 0.0316164 0.0316028 0.0233401 0.0384247 0.104699 0.0424698 0.0158915 
