20 hexa 10 10 gaussian
#SNAPSHOT FILE
#iterations: 30000 (40000 total)
0.0313458 0.0929798 0.059789 0.0854868 0.129925 0.0473721 0.0168203 0.0343407 0.0241527 0.0407915 0.0218772 0.0165734 0.0138667 0.0345532 0.0353304 0.0332679 0.0647344 0.0224102 0.031254 0.163131 
0.0303865 0.110311 0.062413 0.0758684 0.119915 0.0548559 0.0181471 0.0430531 0.0250564 0.0407191 0.0235412 0.0185928 0.0145492 0.0373296 0.0367577 0.0313349 0.0620297 0.0227593 0.0305974 0.141784 
0.0292251 0.128441 0.0661144 0.0634085 0.106269 0.0656866 0.019557 0.0568095 0.0258757 0.040614 0.0270237 0.0211272 0.0156956 0.0402632 0.0401172 0.0290632 0.0573335 0.0231653 0.0301844 0.114027 
0.0279774 0.138949 0.07001 0.0504758 0.0917545 0.0780515 0.0205029 0.0742007 0.0261829 0.0405241 0.0340279 0.0236359 0.0173032 0.0421035 0.0472273 0.0264018 0.0507023 0.0236012 0.0309531 0.0854156 
0.0268716 0.135191 0.072573 0.0397761 0.0795306 0.0880388 0.0206957 0.0907374 0.0257569 0.0403818 0.0470367 0.0256282 0.0191872 0.0420231 0.0595629 0.0236692 0.0432034 0.024231 0.0339906 0.0619149 
0.0260547 0.11732 0.072545 0.0325875 0.0710237 0.0914917 0.0203548 0.100626 0.0246537 0.0399994 0.0685436 0.0269835 0.0212186 0.0401859 0.0774402 0.0211908 0.0361875 0.0253194 0.0401375 0.0461367 
0.0255199 0.0917662 0.0697692 0.0286237 0.0657105 0.086554 0.0199417 0.0999419 0.023101 0.0392206 0.0986254 0.027807 0.0234268 0.0374403 0.0992493 0.0190503 0.030566 0.0269715 0.049489 0.0372259 
0.0252003 0.0669667 0.0653639 0.0269798 0.0623804 0.0753345 0.019753 0.0894972 0.0214369 0.0381033 0.132334 0.0281834 0.0258141 0.0347053 0.121183 0.0171983 0.0266864 0.028987 0.0608848 0.0330089 
0.0250628 0.0485555 0.0609574 0.0267358 0.060046 0.0627141 0.0197952 0.074657 0.0200112 0.0369178 0.161622 0.0282219 0.0282582 0.0325438 0.13906 0.0156429 0.0244137 0.0310627 0.0723177 0.0314062 
0.0251237 0.0373034 0.0575351 0.0271624 0.0581067 0.0526806 0.019957 0.0611219 0.0190104 0.0359403 0.18113 0.0281713 0.0307198 0.0310573 0.150928 0.01447 0.0233009 0.0331182 0.0822453 0.0309193 
0.0360415 0.093364 0.06312 0.0833691 0.116986 0.0483524 0.0199299 0.0368212 0.0273873 0.0428688 0.0217097 0.0178742 0.0144557 0.0424538 0.0329937 0.0379095 0.0719816 0.0252838 0.0304815 0.136619 
0.0344952 0.110935 0.0653827 0.0720433 0.105624 0.056666 0.0221052 0.0483354 0.0292027 0.0428967 0.0237233 0.0207015 0.0155938 0.0457996 0.0346772 0.0344987 0.0674353 0.0255973 0.0298569 0.114432 
0.0325468 0.125821 0.0681174 0.0588121 0.0920545 0.0676087 0.0241632 0.064901 0.030723 0.0428652 0.0279558 0.0240923 0.0173834 0.0481735 0.0389641 0.0305429 0.0602875 0.0259781 0.0298896 0.0891212 
0.0305156 0.130093 0.0703773 0.0465785 0.0793125 0.0785843 0.0253622 0.0834723 0.0312813 0.0427536 0.0363185 0.0274125 0.0197185 0.0482334 0.047611 0.0264675 0.0514468 0.0266478 0.0317553 0.0660581 
0.0288006 0.120096 0.0709012 0.0375769 0.0697275 0.0856484 0.025421 0.0982613 0.0305476 0.0424266 0.0512931 0.0301228 0.0224032 0.0457526 0.061725 0.0229003 0.0425763 0.0279755 0.0367247 0.04912 
0.0276081 0.099027 0.0689624 0.0322064 0.0636267 0.0856505 0.0246596 0.103541 0.0286185 0.0417016 0.0745464 0.03195 0.0253934 0.041675 0.0809964 0.0201274 0.035063 0.0302079 0.0456455 0.0387932 
0.0269252 0.0744445 0.0649832 0.0296606 0.0600156 0.0783968 0.0236356 0.0972179 0.0259565 0.0405252 0.104128 0.0327713 0.0286938 0.0373546 0.102884 0.0180474 0.0295835 0.0331785 0.0581201 0.0334781 
0.0266381 0.0536323 0.0603691 0.0288864 0.0577404 0.0672475 0.0227798 0.0828796 0.023276 0.0390982 0.133528 0.0326803 0.0321277 0.0338264 0.123037 0.0164587 0.0261751 0.036352 0.0720558 0.0312123 
0.0266306 0.0397552 0.0564477 0.0290175 0.0560032 0.0566777 0.0222622 0.0671858 0.0211771 0.0377573 0.155933 0.0321116 0.0354887 0.031432 0.137942 0.015264 0.0243943 0.0392919 0.0848085 0.0304205 
0.0268339 0.0318749 0.0536444 0.0295011 0.0543605 0.0491788 0.0220834 0.0548597 0.0198491 0.0367459 0.168861 0.0316491 0.0388798 0.0299627 0.146767 0.0144671 0.023635 0.0419862 0.0947539 0.0301098 
0.0445049 0.076252 0.06451 0.0889323 0.107895 0.0431014 0.0223805 0.0318077 0.0304883 0.0451021 0.0202502 0.0174289 0.0143022 0.0503252 0.0289914 0.0502507 0.0826631 0.0287831 0.030021 0.122012 
0.0427005 0.090289 0.0654056 0.0797201 0.0994512 0.0486913 0.0252923 0.0406023 0.0333446 0.0454741 0.021266 0.0203183 0.0153875 0.0541926 0.0296153 0.0450571 0.0786702 0.029006 0.0294761 0.106041 
0.0400531 0.105526 0.0664352 0.0675321 0.0882813 0.0569587 0.0287331 0.0547461 0.0364292 0.045743 0.0235405 0.0244196 0.0172828 0.0573245 0.0317578 0.03896 0.0715017 0.0292342 0.0291435 0.0863992 
0.0368237 0.115253 0.0673748 0.0548056 0.076534 0.066769 0.0316875 0.073011 0.0386424 0.0458502 0.0283592 0.0292823 0.0200772 0.0578465 0.0370531 0.0324195 0.0617403 0.0298126 0.0300416 0.0666174 
0.0336461 0.113554 0.0675026 0.0443351 0.0667108 0.0753094 0.0331469 0.090818 0.0390109 0.0456753 0.0376649 0.0340834 0.0236327 0.054851 0.0469953 0.0265011 0.0511231 0.0313008 0.0336053 0.050533 
0.0311155 0.099796 0.0659927 0.0374722 0.0600063 0.0793079 0.032789 0.101822 0.0371963 0.0450663 0.0534976 0.0379528 0.0278415 0.0491202 0.0622201 0.0219955 0.0415315 0.0341994 0.0412629 0.0398145 
0.0294895 0.0788982 0.0626416 0.0338533 0.056028 0.0769631 0.0310497 0.101417 0.0335953 0.0439248 0.0761145 0.040173 0.0326795 0.0424663 0.0816709 0.0189822 0.0341168 0.0385373 0.0535936 0.033805 
0.0287078 0.0580222 0.0582559 0.0323783 0.053726 0.0694111 0.0287758 0.0901992 0.0292419 0.0423449 0.101835 0.0404643 0.0378961 0.0366417 0.10201 0.0170941 0.0292025 0.0436377 0.0692103 0.0309453 
0.0285246 0.0423022 0.0541238 0.0320219 0.052174 0.0601641 0.0267809 0.0740371 0.0253574 0.0406464 0.124387 0.0393417 0.0430048 0.032546 0.119033 0.0159128 0.0264477 0.0485067 0.0849152 0.0297728 
0.0286704 0.0326946 0.0510073 0.0321303 0.0508052 0.0524198 0.0254804 0.0593692 0.0226431 0.0391799 0.139601 0.037852 0.0477961 0.030085 0.130386 0.0151809 0.0251545 0.0525795 0.0976959 0.0292711 
0.0538097 0.0697119 0.0651771 0.0841268 0.087457 0.0422906 0.0291282 0.0341619 0.0382061 0.0476115 0.0194009 0.0203037 0.0151762 0.0645055 0.0248845 0.0637271 0.0881999 0.0327824 0.028789 0.0905508 
0.0506913 0.0820608 0.0646739 0.0742515 0.0793437 0.0475822 0.0340004 0.0449212 0.0429598 0.0483549 0.0203383 0.0248174 0.0170105 0.0686025 0.0256515 0.0547418 0.0818085 0.0328688 0.0283839 0.076938 
0.046304 0.0933463 0.0638376 0.0625943 0.0699454 0.0547982 0.0392977 0.0605808 0.0473971 0.0489377 0.0226416 0.0311243 0.0200592 0.0701424 0.0283388 0.0445057 0.0721231 0.0332253 0.0286208 0.0621802 
0.0413193 0.0978546 0.0626662 0.0517677 0.0611592 0.0625502 0.0434044 0.0785255 0.0498105 0.0491623 0.0276074 0.0385314 0.0244305 0.0673133 0.0343888 0.0345404 0.0606063 0.0346454 0.0307731 0.0489436 
0.036751 0.0921722 0.0607945 0.043852 0.0545356 0.0684242 0.0448973 0.0932687 0.0490278 0.0488634 0.0369263 0.0456391 0.0301001 0.0602291 0.0449095 0.0264962 0.0493872 0.0380005 0.0364843 0.0392416 
0.0333627 0.0777666 0.0578356 0.039236 0.0503706 0.070193 0.043387 0.0989781 0.0450216 0.0479516 0.0517827 0.0507696 0.0370654 0.0508939 0.0600009 0.0210603 0.0401408 0.0437444 0.047112 0.0333271 
0.0313982 0.0598738 0.0539717 0.0370308 0.0480034 0.0672399 0.039666 0.0932302 0.0389332 0.0464495 0.0710477 0.0526684 0.0450559 0.041888 0.0779021 0.0179345 0.0336115 0.0513837 0.0624651 0.0302468 
0.0306357 0.0441318 0.0500457 0.0360904 0.0465677 0.0611953 0.0352947 0.079328 0.0326325 0.0445807 0.090587 0.0514184 0.0532311 0.035045 0.0950225 0.0163839 0.0296954 0.0594419 0.0798618 0.0288113 
0.0305986 0.0333731 0.0468794 0.0356484 0.0454356 0.05476 0.0316914 0.0639008 0.0276852 0.0427246 0.105956 0.0485395 0.0607304 0.0307772 0.108035 0.0157008 0.0277108 0.0663801 0.0953694 0.0281055 
0.0308476 0.0272238 0.0446761 0.0353951 0.0442837 0.0497485 0.0294388 0.0518282 0.0245822 0.0412008 0.115576 0.0458201 0.0674542 0.0284395 0.11584 0.0154441 0.0268653 0.0715421 0.106195 0.0276012 
0.0665954 0.0519047 0.0634943 0.0834082 0.0718504 0.0376958 0.0333757 0.0294242 0.0433001 0.0487025 0.0180758 0.0209489 0.0152365 0.0742781 0.0207199 0.09207 0.0924892 0.0356696 0.0278272 0.0729366 
0.0633905 0.0600641 0.0621404 0.0764958 0.0664889 0.0404674 0.0394519 0.0367213 0.0494249 0.0498037 0.018174 0.0255372 0.0168262 0.0791741 0.0208364 0.0801916 0.0876034 0.0357499 0.0274719 0.0639874 
0.0582433 0.0696558 0.0599133 0.0672936 0.0599147 0.0447543 0.0472016 0.0484294 0.056208 0.0509027 0.0188507 0.032843 0.0197585 0.0820871 0.0219191 0.0655694 0.0792118 0.0358819 0.0273422 0.0540196 
0.0516104 0.076804 0.0572071 0.0576612 0.0531331 0.0502215 0.0549054 0.0637172 0.0614589 0.0517076 0.0208729 0.0427846 0.0244939 0.0804571 0.025023 0.0500196 0.0682493 0.0369904 0.0283293 0.0443535 
0.0447158 0.0774409 0.0543008 0.0497509 0.0474319 0.05567 0.0600253 0.0789741 0.0629294 0.0519552 0.025378 0.0539218 0.0313179 0.073246 0.0312366 0.0362934 0.0566455 0.0403042 0.0318715 0.0365914 
0.0389047 0.0702829 0.0511632 0.0446354 0.0435023 0.059443 0.0606395 0.088826 0.0596546 0.0515309 0.0335599 0.063617 0.0404337 0.061981 0.0412376 0.0262769 0.046388 0.0468529 0.0395968 0.0314748 
0.0349633 0.0577607 0.047726 0.041913 0.0411528 0.060301 0.0565744 0.0891138 0.0524673 0.0504388 0.0457043 0.0690923 0.0517656 0.0497568 0.0546341 0.0202 0.0386752 0.0567601 0.0523648 0.0286359 
0.0329457 0.0443228 0.0442803 0.0404873 0.0397544 0.0582342 0.0495881 0.0800261 0.0436368 0.0487939 0.0600342 0.069092 0.0643373 0.0394662 0.0693217 0.017205 0.0337583 0.0686354 0.0688706 0.0272102 
0.0323339 0.0336405 0.0413635 0.0394851 0.0387418 0.0545347 0.0423961 0.0663917 0.0357279 0.0468825 0.073269 0.0649973 0.0764024 0.0324937 0.0821883 0.0161065 0.031128 0.0799924 0.0854982 0.0264264 
0.032418 0.0268478 0.0392697 0.0386001 0.0378079 0.0507863 0.0369564 0.0538446 0.0301782 0.0450703 0.0830967 0.0597283 0.0867575 0.0285289 0.091157 0.0159083 0.0299338 0.0888127 0.0984686 0.025831 
0.0760799 0.0428427 0.0584771 0.0734124 0.0528201 0.035878 0.0444379 0.0308974 0.0547526 0.0497775 0.0169199 0.0267343 0.0170737 0.0858774 0.0173289 0.114423 0.0867172 0.0367611 0.0265266 0.0522646 
0.0707561 0.0494103 0.0556909 0.0671914 0.0486502 0.0377807 0.0541359 0.0386584 0.0633266 0.0510816 0.016693 0.0343896 0.0195656 0.0898114 0.017758 0.0961023 0.0803955 0.0367934 0.0262063 0.0456032 
0.0630946 0.0561932 0.0520026 0.0599214 0.0440671 0.0406786 0.0654888 0.0498875 0.0715134 0.0523189 0.0169933 0.0460827 0.0240264 0.0899557 0.0192137 0.0745544 0.071321 0.0375094 0.0264089 0.0387683 
0.0542119 0.0600649 0.048025 0.0532244 0.0398036 0.044296 0.0754167 0.0628209 0.0761893 0.0531351 0.0185123 0.0609985 0.0311552 0.0841558 0.022427 0.0535354 0.0608448 0.0402724 0.0281284 0.0327827 
0.0458809 0.058625 0.0442657 0.0484132 0.0365351 0.0478874 0.0802984 0.0736315 0.075073 0.0533276 0.0221116 0.0761052 0.0415467 0.0727928 0.0280821 0.0367194 0.050866 0.0465751 0.0327489 0.0285146 
0.0395183 0.0519655 0.0408749 0.0456227 0.0343795 0.0505324 0.0781379 0.0781693 0.06815 0.0528801 0.0284575 0.0871142 0.0555979 0.0587241 0.0364871 0.0255789 0.0428826 0.0573522 0.0415394 0.0260354 
0.0356291 0.0424966 0.0378505 0.0440175 0.0329819 0.0515673 0.0698005 0.0745798 0.0575996 0.0518535 0.0372862 0.090694 0.0727783 0.0454779 0.0469769 0.0194959 0.0375125 0.0720628 0.0545611 0.0247781 
0.0338839 0.0333435 0.0353116 0.0426844 0.0319318 0.0509718 0.0586827 0.0649627 0.0466883 0.050388 0.0469677 0.0868211 0.0908966 0.0354955 0.0576224 0.0169464 0.0345415 0.0881486 0.0696391 0.0240721 
0.0334762 0.0265445 0.03342 0.0412783 0.0310186 0.0493745 0.0486188 0.0539605 0.0380436 0.0487477 0.0554769 0.0789401 0.10714 0.0293101 0.0662604 0.0163431 0.0332149 0.102186 0.083155 0.0234918 
0.0336062 0.0223992 0.0321705 0.0399418 0.0302042 0.0475469 0.0416322 0.0452522 0.0324932 0.047212 0.0619191 0.0711716 0.120073 0.0260121 0.0719528 0.0165179 0.0327166 0.111975 0.0923203 0.0228858 
0.0867942 0.0313007 0.0541733 0.0664681 0.041224 0.0333558 0.0485542 0.0273596 0.0583857 0.0487385 0.0163446 0.0283609 0.0178551 0.0875675 0.0148732 0.152412 0.0802394 0.035681 0.0257731 0.0445416 
0.0818455 0.0351039 0.0514808 0.0627868 0.0386292 0.0337323 0.0592679 0.0320618 0.0676939 0.0497902 0.0157372 0.0357572 0.0198031 0.09154 0.0152361 0.132788 0.0759361 0.0357236 0.0253182 0.0397694 
0.0739691 0.0401804 0.0476106 0.0581313 0.0358067 0.0346369 0.0733281 0.0394359 0.0780395 0.0510314 0.0151989 0.0480236 0.02354 0.0930635 0.0161281 0.10678 0.0693042 0.0361532 0.0250612 0.0345783 
0.0638912 0.0447362 0.0430882 0.0533674 0.0330014 0.0362394 0.087935 0.0489037 0.0860258 0.0521268 0.0151609 0.0653909 0.030073 0.0894559 0.0178687 0.0784288 0.0609774 0.0381752 0.02559 0.0295645 
0.0535142 0.0465437 0.038725 0.0495662 0.0306305 0.038486 0.0983074 0.058225 0.088102 0.0527966 0.0162047 0.0852639 0.0403989 0.0798109 0.0208274 0.0533778 0.0523859 0.043398 0.0278333 0.0256027 
0.0448341 0.0444805 0.0350787 0.0471897 0.0288751 0.0410525 0.100378 0.0642526 0.0829766 0.0529617 0.0189054 0.102528 0.0554509 0.0660509 0.0253742 0.0352729 0.045048 0.0533066 0.0328664 0.0231182 
0.0388643 0.0391988 0.032211 0.0457775 0.0275499 0.0434197 0.0932327 0.0646688 0.0722406 0.0526647 0.0235393 0.111889 0.0756224 0.0515879 0.0316076 0.0243765 0.0398505 0.0684694 0.0413854 0.0218447 
0.0355638 0.0325414 0.0299589 0.0444922 0.0263841 0.045032 0.0796702 0.0595505 0.0592804 0.0519627 0.029655 0.110909 0.0994054 0.0394189 0.03886 0.0190315 0.0369044 0.0874231 0.0527615 0.0211954 
0.0342393 0.0264693 0.0282334 0.0428929 0.0252975 0.0456011 0.0647523 0.0515771 0.0476172 0.0509587 0.0360553 0.10194 0.12299 0.0310031 0.0457185 0.0171728 0.0356975 0.106459 0.0646303 0.0206963 
0.0339899 0.0220908 0.0270246 0.0411544 0.0243843 0.0452959 0.0527108 0.0440932 0.0392422 0.0498233 0.0416398 0.0904025 0.142587 0.0261036 0.0509995 0.0170178 0.0354269 0.121664 0.074198 0.0201529 
0.0903732 0.0263725 0.0477915 0.0562318 0.0311423 0.031677 0.0625727 0.0281996 0.0695217 0.0479439 0.0154814 0.0369485 0.020447 0.088696 0.0136339 0.169387 0.068521 0.0333387 0.0247488 0.0369729 
0.0830183 0.0296716 0.0442619 0.0536323 0.029412 0.0313797 0.0778284 0.0327205 0.0807165 0.0487777 0.0146446 0.0486901 0.0233578 0.0905724 0.0145003 0.142277 0.0640224 0.0336102 0.0242257 0.0326814 
0.072709 0.0336197 0.0397892 0.0508031 0.0277274 0.0314822 0.0957669 0.0390488 0.0912221 0.0497408 0.0139156 0.0667049 0.0287887 0.088841 0.0158205 0.108827 0.058049 0.0350163 0.0240993 0.0280287 
0.0610872 0.0366812 0.0351478 0.0483242 0.0262392 0.0322835 0.111411 0.0460603 0.0967354 0.0505695 0.0137329 0.0895011 0.0379989 0.0817238 0.0176218 0.0757707 0.0513741 0.0389625 0.0249345 0.0238404 
0.0505481 0.0374191 0.0311917 0.0466709 0.0250314 0.033912 0.118995 0.051672 0.0945024 0.0511145 0.014551 0.112072 0.0522818 0.0699295 0.0200279 0.0495572 0.045228 0.0470216 0.0274208 0.0208537 
0.0426677 0.03544 0.0282494 0.0457122 0.0239509 0.036204 0.115549 0.0539409 0.0851276 0.0513691 0.0166957 0.127971 0.0728534 0.0561804 0.0232719 0.0324168 0.0405944 0.0604366 0.0322085 0.0191599 
0.0377141 0.031416 0.0261119 0.0448036 0.0227718 0.0386774 0.102334 0.0521553 0.0716569 0.0513683 0.0201962 0.132467 0.0996925 0.043385 0.0273905 0.0230022 0.0378576 0.0791972 0.0394798 0.0183227 
0.0351686 0.0266227 0.0244677 0.0434091 0.0214781 0.0406733 0.0841897 0.0473705 0.057889 0.0511327 0.0245677 0.12539 0.129676 0.0334814 0.0318696 0.0188808 0.0368285 0.100797 0.0482851 0.0178225 
0.0342129 0.0223487 0.023198 0.0415898 0.020297 0.0417537 0.0670274 0.0418465 0.0467956 0.0506952 0.0289678 0.111682 0.157268 0.0270294 0.035875 0.0177698 0.0368802 0.120751 0.0566624 0.017351 
0.0340474 0.019307 0.0223318 0.0398171 0.0194636 0.041973 0.0544883 0.0374786 0.0394289 0.050113 0.0328159 0.0978137 0.178219 0.0234167 0.0389541 0.0179322 0.0372798 0.135378 0.0629012 0.0168437 
0.0962323 0.0215776 0.0449647 0.0497991 0.0262216 0.030635 0.0646314 0.0261807 0.0699217 0.0463437 0.0154968 0.03798 0.0212402 0.0843136 0.0125503 0.199657 0.0610907 0.0306728 0.02446 0.0360328 
0.089846 0.0235292 0.0419516 0.0483646 0.025012 0.0297725 0.0795756 0.0288843 0.0806508 0.0465903 0.0146605 0.0484888 0.0234642 0.0855646 0.0134709 0.175171 0.0579687 0.0308164 0.0237822 0.0324373 
0.0801706 0.0265009 0.0378943 0.0469455 0.0239908 0.0290066 0.0988551 0.0329386 0.092336 0.0471275 0.0137023 0.0655298 0.0277219 0.0847813 0.0147806 0.140662 0.0538975 0.0317931 0.0233163 0.0280507 
0.0682399 0.029673 0.0333208 0.0456781 0.023164 0.0287444 0.118333 0.0378874 0.100751 0.0477997 0.0129743 0.0889904 0.0353597 0.0799405 0.0163043 0.102094 0.0490917 0.034689 0.0234331 0.0235319 
0.0564596 0.031788 0.0291509 0.0448233 0.0225013 0.0293662 0.131417 0.0424474 0.1019 0.0484509 0.012888 0.114836 0.0478358 0.0706893 0.0178883 0.0680344 0.0442965 0.0408697 0.0245451 0.0198126 
0.0469737 0.0319703 0.0260042 0.0444074 0.0218075 0.0309927 0.133186 0.0451515 0.0950134 0.0490004 0.0137448 0.136383 0.0667489 0.0587968 0.0196065 0.0437483 0.0403743 0.0516746 0.0270382 0.0173788 
0.0404776 0.0301357 0.0238245 0.0440225 0.0208223 0.0333768 0.12304 0.0451783 0.0824811 0.0494376 0.0156742 0.147469 0.0933526 0.0467176 0.0216773 0.0292058 0.037863 0.0679813 0.0312117 0.0160509 
0.0366197 0.0268376 0.0221994 0.0431225 0.0194862 0.0359187 0.10452 0.0427654 0.0679375 0.0497702 0.0185474 0.145294 0.126459 0.0363785 0.0241279 0.0218668 0.0368734 0.0889957 0.0369352 0.0153467 
0.0347121 0.0230502 0.0208459 0.0415629 0.0180616 0.0379065 0.0837698 0.0391543 0.0548063 0.0499816 0.0218784 0.132491 0.160821 0.0288186 0.0266395 0.0190482 0.0370807 0.111241 0.0432724 0.0148599 
0.0340142 0.019762 0.0197699 0.0397472 0.0169255 0.0389747 0.0664044 0.0358397 0.0451257 0.0500322 0.0250622 0.115854 0.189726 0.0240814 0.0288469 0.0185492 0.0378404 0.130144 0.0488912 0.0144104 
0.0946484 0.0202036 0.0404757 0.0438294 0.0222647 0.0289398 0.0797229 0.026878 0.0794764 0.0450587 0.0148135 0.0479186 0.0236976 0.0810562 0.0127478 0.200575 0.0528643 0.0284986 0.023599 0.0327338 
0.0861466 0.0222757 0.0369816 0.0431265 0.0215269 0.0278002 0.0984045 0.0294691 0.0909329 0.0450916 0.013876 0.0629537 0.0269722 0.0803055 0.0140444 0.169154 0.0500011 0.0291519 0.0229629 0.0288241 
0.0747868 0.0250413 0.0327384 0.0426753 0.0210642 0.0269193 0.119556 0.0329015 0.101109 0.0454175 0.012947 0.0850628 0.0330412 0.0769391 0.0155628 0.129324 0.0466464 0.0312769 0.0227218 0.0242703 
0.0625044 0.0276332 0.0285171 0.042485 0.020797 0.0267683 0.136995 0.0364536 0.105492 0.0459488 0.01241 0.111791 0.0434039 0.069957 0.0169849 0.0896676 0.0430842 0.0359724 0.0231623 0.0199742 
0.0517697 0.0290634 0.0251198 0.0425609 0.0204959 0.0276566 0.144372 0.0390432 0.101783 0.0465749 0.0125857 0.137092 0.0597179 0.0601602 0.018166 0.0583366 0.0398891 0.0443925 0.0244822 0.016739 
0.0438661 0.0288159 0.022758 0.0426712 0.0198501 0.0295469 0.139121 0.0398931 0.0912856 0.0472133 0.0136252 0.154219 0.0837933 0.0494176 0.0192463 0.037906 0.0375941 0.0576077 0.0268394 0.0147314 
0.0387196 0.0269324 0.0210829 0.0423539 0.0186981 0.0320312 0.123071 0.0389134 0.0772305 0.04784 0.0155205 0.158565 0.116259 0.0394264 0.0204335 0.0265013 0.0364997 0.075978 0.0303283 0.0136165 
0.0357448 0.0239327 0.0196789 0.0412946 0.0172148 0.0344228 0.101369 0.0367286 0.063064 0.0484484 0.0180335 0.149917 0.153894 0.0313305 0.021754 0.0211983 0.0365885 0.0977378 0.0346831 0.0129658 
0.0343039 0.0206996 0.0184305 0.039687 0.0158243 0.0361017 0.0804077 0.0343647 0.0514582 0.0489834 0.0206915 0.133396 0.189538 0.0256427 0.0230708 0.0194522 0.0374555 0.11884 0.0391557 0.0124979 
0.033775 0.018056 0.0174839 0.0380693 0.0148711 0.0369137 0.0645692 0.0326175 0.0435168 0.0493516 0.0230708 0.116337 0.216556 0.0221741 0.0243137 0.0193189 0.0384928 0.135417 0.0429779 0.0121209 
