20 hexa 10 10 gaussian
#SNAPSHOT FILE
#iterations: 22000 (40000 total)
0.0340126 0.105888 0.0626526 0.0761931 0.114399 0.0533165 0.0196008 0.044175 0.0271997 0.0413894 0.0241895 0.0196872 0.0137515 0.0390816 0.034837 0.0385847 0.0628395 0.0240589 0.03044 0.133704 
0.033345 0.110747 0.0650407 0.0698368 0.107871 0.0591203 0.020699 0.0525445 0.027755 0.0416801 0.0273538 0.0214535 0.0146525 0.0401739 0.0382382 0.0355147 0.0595262 0.0244182 0.0312829 0.118747 
0.0324776 0.113287 0.0674992 0.0623789 0.0999227 0.0657298 0.0218709 0.0627195 0.0281885 0.0419295 0.0328425 0.0235732 0.015954 0.0410213 0.043714 0.0321271 0.0552383 0.0250476 0.0330769 0.101402 
0.0314399 0.111473 0.0693986 0.0544638 0.0911562 0.0720455 0.0229123 0.0733858 0.0283041 0.0420443 0.0418978 0.0259072 0.0177948 0.041302 0.0521397 0.0285182 0.0500336 0.0260891 0.036421 0.0832734 
0.0303272 0.104153 0.0700196 0.0469236 0.0823541 0.0764971 0.0236181 0.0823445 0.0279199 0.0419066 0.0556054 0.0282355 0.0202827 0.0407892 0.0640368 0.0249251 0.0442692 0.0276558 0.041788 0.0663487 
0.0292813 0.0918836 0.0689202 0.040548 0.074285 0.077687 0.0238678 0.0872733 0.0269617 0.0414302 0.0740702 0.0302857 0.0234218 0.0394722 0.0790083 0.021671 0.0385651 0.0297462 0.0491917 0.05243 
0.0284396 0.0769441 0.0662546 0.035807 0.0674741 0.0752271 0.0236974 0.0869747 0.0255404 0.0406237 0.095768 0.0318316 0.0270528 0.0375964 0.0955087 0.0190319 0.0335762 0.0321997 0.0579976 0.0424545 
0.0278801 0.062249 0.0627218 0.0327187 0.0620797 0.0700234 0.0232856 0.0820976 0.0239203 0.0396015 0.117877 0.0328039 0.0308912 0.0355478 0.111373 0.0171157 0.0297146 0.0347593 0.0671199 0.0362206 
0.0276021 0.0499533 0.0591507 0.0309634 0.0579463 0.0636893 0.0228516 0.074623 0.0223873 0.0385305 0.137529 0.0333119 0.0346644 0.0336613 0.124791 0.0158518 0.0270388 0.0372008 0.075501 0.032753 
0.0275503 0.0408394 0.0561011 0.0301188 0.0547547 0.0576633 0.0225572 0.0666786 0.0211294 0.037565 0.152939 0.033567 0.0382407 0.0321084 0.134908 0.0150789 0.0253555 0.0394275 0.0824759 0.030942 
0.038426 0.1015 0.0633069 0.0736203 0.103854 0.0535113 0.0233797 0.0468079 0.0307941 0.0426749 0.0245432 0.0219356 0.0146727 0.0446472 0.03352 0.0445508 0.0657144 0.0262651 0.0302158 0.11606 
0.037276 0.105609 0.0651478 0.0668941 0.0970327 0.0593126 0.025178 0.0559466 0.0317719 0.042984 0.0282502 0.0245719 0.0159901 0.0454753 0.0374084 0.040039 0.0616376 0.0268435 0.0314368 0.101195 
0.0357948 0.106605 0.0667245 0.059354 0.0891815 0.065501 0.0269685 0.0663677 0.0324691 0.0432227 0.0345729 0.027692 0.0179412 0.0456798 0.0436236 0.0351308 0.0564684 0.0278498 0.0339125 0.0849397 
0.0340947 0.102814 0.0674379 0.0517588 0.0809657 0.0708347 0.0284087 0.0763369 0.0325715 0.043279 0.0446591 0.0310346 0.0207286 0.0449557 0.0529172 0.0301263 0.0504273 0.0294783 0.0382422 0.0689292 
0.0323762 0.0937866 0.0667681 0.0449455 0.0731313 0.0738528 0.0291796 0.083509 0.0318432 0.0430307 0.0592035 0.0341792 0.0244688 0.0432128 0.0654711 0.0254723 0.0440617 0.0318322 0.0447549 0.0549211 
0.03087 0.0808416 0.0646077 0.0395506 0.0662887 0.0736095 0.0291462 0.0859801 0.0302802 0.0424141 0.0776664 0.0366662 0.0290711 0.0406738 0.080432 0.0216065 0.0381092 0.0348189 0.0531848 0.044182 
0.0297473 0.0665798 0.0613924 0.0357941 0.0607358 0.0702887 0.0284542 0.0834066 0.0281648 0.0414771 0.0980154 0.0382176 0.0341987 0.0378049 0.0959866 0.0187632 0.0331958 0.0381467 0.0626207 0.0370103 
0.0290587 0.0535788 0.0578624 0.0334877 0.0564362 0.0650854 0.027448 0.077158 0.0259314 0.040365 0.117487 0.0388763 0.0394032 0.0350909 0.110124 0.0168991 0.0295939 0.0414574 0.0718651 0.0327923 
0.0287463 0.0433145 0.054657 0.0322396 0.0531396 0.0594615 0.0264791 0.0693799 0.0239511 0.0392563 0.13382 0.038942 0.044343 0.0328343 0.121486 0.0157885 0.0272157 0.0444941 0.0799305 0.0305213 
0.0287015 0.0360213 0.0520855 0.0316661 0.0505174 0.0544753 0.025774 0.0619013 0.0224136 0.0383032 0.14595 0.0387957 0.048913 0.0311159 0.129639 0.0151746 0.0257843 0.0471781 0.0862864 0.0293047 
0.045362 0.0897067 0.061671 0.0761669 0.0965961 0.0481348 0.0267808 0.0414829 0.0345527 0.0437614 0.022259 0.0225397 0.0147871 0.0507153 0.0290294 0.0582975 0.0717607 0.0283259 0.0292526 0.108817 
0.0439676 0.0943923 0.0627522 0.0705004 0.0910758 0.052776 0.0293227 0.0491931 0.0361677 0.0441131 0.024616 0.0256675 0.0161087 0.0515475 0.031672 0.052398 0.0680391 0.0288635 0.0300422 0.0967848 
0.0420162 0.0973133 0.0637031 0.0637469 0.084448 0.0581919 0.0320977 0.0586215 0.0376294 0.0444521 0.0287416 0.0296391 0.0181452 0.0516953 0.0359993 0.0457568 0.0631157 0.0298195 0.0317677 0.0830997 
0.0396134 0.0966607 0.0641061 0.0565306 0.0772127 0.0635637 0.0346529 0.0686034 0.038497 0.0446916 0.0356121 0.0342255 0.0212029 0.0507676 0.042778 0.0387403 0.0570804 0.0314712 0.0350356 0.0689545 
0.0370086 0.0912809 0.0635071 0.0496542 0.070018 0.0676665 0.0364326 0.0771394 0.0383307 0.0447016 0.0461341 0.0389059 0.0255503 0.0485696 0.0525322 0.0319554 0.0503491 0.0340554 0.0403696 0.0558389 
0.0345431 0.0814402 0.0616752 0.0438525 0.0634875 0.0693424 0.0369998 0.0820575 0.0369116 0.0443626 0.0605065 0.0429456 0.0312457 0.0452595 0.0650574 0.0260865 0.0436403 0.0376152 0.0478729 0.0450984 
0.0325302 0.0689501 0.0588064 0.0395313 0.0580224 0.0681585 0.0362936 0.0821518 0.0344245 0.0436406 0.0776591 0.0456998 0.037987 0.0413527 0.0791582 0.0216141 0.0377294 0.0418995 0.0569804 0.0374108 
0.0311345 0.056314 0.0554585 0.0366726 0.0537112 0.0646881 0.0346895 0.0779028 0.0314063 0.0426198 0.0954171 0.0469553 0.0451672 0.0375027 0.0930092 0.0186208 0.0331262 0.0464371 0.0665807 0.0325868 
0.0303365 0.0455106 0.0522447 0.0349681 0.0503944 0.0601201 0.0327749 0.0710804 0.0284644 0.0414679 0.111453 0.0470052 0.0521514 0.0342075 0.10496 0.0168427 0.0299242 0.0507539 0.0754792 0.0298607 
0.0299973 0.0373723 0.0495534 0.0340401 0.0477967 0.0555851 0.0310494 0.0636695 0.0260107 0.0403681 0.124236 0.0464191 0.0585539 0.0316707 0.114119 0.0158881 0.0279033 0.0545601 0.082828 0.0283801 
0.0525251 0.0806596 0.0602445 0.072414 0.0820691 0.0465853 0.0341947 0.0428564 0.0412875 0.0451836 0.021717 0.0268548 0.0163243 0.0589828 0.0265178 0.0701594 0.0734304 0.0307919 0.0288252 0.0883771 
0.0501743 0.0844605 0.0604452 0.0668115 0.0768215 0.0508021 0.0381102 0.0507679 0.043635 0.0455849 0.0241815 0.0316203 0.0183861 0.0591397 0.0293625 0.0615589 0.068988 0.0316756 0.0299289 0.0775458 
0.0470571 0.0860847 0.060261 0.0604351 0.0708607 0.055476 0.042109 0.0598611 0.0455137 0.0459688 0.0284541 0.03752 0.0216168 0.0580939 0.033966 0.0520587 0.0632968 0.0332803 0.0321985 0.0658881 
0.0434384 0.0840804 0.05938 0.053967 0.0646758 0.0597707 0.0454295 0.0686812 0.0462796 0.0462246 0.0353641 0.0440427 0.0264553 0.0555242 0.0409463 0.0424245 0.0566176 0.035983 0.0362131 0.0545021 
0.0397597 0.0778775 0.0575861 0.0481491 0.0588212 0.0626494 0.0472535 0.0752214 0.0454234 0.0462097 0.045474 0.0502344 0.0331849 0.0514725 0.050534 0.0336479 0.0495578 0.040021 0.0423401 0.0445825 
0.0365088 0.068292 0.0549389 0.0435163 0.0537386 0.0633617 0.0471086 0.0777944 0.0428877 0.0458186 0.0585248 0.0549931 0.0416709 0.0464397 0.0621905 0.0265951 0.0429322 0.0452937 0.0504136 0.0369811 
0.0340348 0.0572564 0.0518094 0.040223 0.0496211 0.0618867 0.0451781 0.0759921 0.0391808 0.0450494 0.0731903 0.0576111 0.0512569 0.0412218 0.0745934 0.0216441 0.0374435 0.0513108 0.0596232 0.0318736 
0.0324307 0.0468468 0.0487018 0.0380861 0.0464128 0.0589189 0.0422069 0.0708805 0.0351283 0.0440144 0.0875345 0.0581382 0.0609968 0.0365578 0.0861518 0.0186031 0.0334094 0.0573812 0.0687887 0.0288115 
0.0315659 0.0383877 0.0460081 0.0367778 0.0439116 0.0554114 0.0390665 0.0642632 0.0314564 0.0428924 0.0998724 0.0572521 0.0700809 0.0328571 0.0956718 0.0169518 0.0307412 0.0629089 0.0768334 0.0270894 
0.0312127 0.0322349 0.0438862 0.035996 0.0418724 0.0521163 0.0363836 0.05775 0.0285507 0.0418594 0.109332 0.0558276 0.0781117 0.0301765 0.10266 0.0161504 0.0291238 0.0675735 0.0830914 0.0260921 
0.0623524 0.0660474 0.0575477 0.0720931 0.0709243 0.0412143 0.0394086 0.0373358 0.0467694 0.0460413 0.0194384 0.0280789 0.0166538 0.0669888 0.0220949 0.0929577 0.0766796 0.0322376 0.0277962 0.0773406 
0.0597858 0.0697766 0.0570649 0.0678298 0.0670021 0.0440813 0.044457 0.0435007 0.0500066 0.0464509 0.0207262 0.0334338 0.018651 0.0672353 0.0238836 0.0825931 0.0729143 0.0330267 0.028406 0.0691748 
0.0560955 0.0725987 0.0562262 0.062648 0.0624135 0.0475965 0.0500388 0.0510927 0.0530233 0.0469104 0.0230885 0.0404732 0.0218891 0.0662165 0.0268163 0.0705438 0.0678854 0.034498 0.0298121 0.0601342 
0.0515104 0.0731311 0.0548599 0.0570426 0.0574614 0.0513099 0.0552874 0.059215 0.0550221 0.0473477 0.0271402 0.0488329 0.0269601 0.0634799 0.0314251 0.057673 0.0617101 0.0371406 0.0325394 0.050911 
0.0465252 0.0703548 0.0528411 0.0516627 0.0525657 0.0544991 0.0590357 0.0663038 0.0551903 0.0476315 0.033486 0.0574993 0.0344056 0.0589044 0.0381138 0.0452681 0.0548285 0.0414007 0.0370693 0.0424146 
0.0417928 0.0642083 0.0502083 0.047084 0.0481328 0.0564246 0.0602649 0.0706306 0.0531078 0.047619 0.0423399 0.0649717 0.0443898 0.0528894 0.0468279 0.0346748 0.0479789 0.0474269 0.0435571 0.0354702 
0.0378941 0.0557775 0.0472142 0.0435956 0.0444122 0.0567071 0.058683 0.0711779 0.0490686 0.0472279 0.0531575 0.0698935 0.0564046 0.0462916 0.0568454 0.0267618 0.0419524 0.054868 0.0515924 0.0304753 
0.0351212 0.0467842 0.0442383 0.0411532 0.0414427 0.0555278 0.0549362 0.0682147 0.0439887 0.0464849 0.0646711 0.0717566 0.0693228 0.0400768 0.0669508 0.0216115 0.0372685 0.0629276 0.0602401 0.0272825 
0.033429 0.038744 0.0416162 0.0395142 0.0391093 0.0534664 0.0502222 0.0630495 0.0389255 0.0455184 0.0754207 0.0710859 0.0818556 0.0349254 0.0759406 0.0186769 0.0340218 0.0706851 0.0683952 0.0253982 
0.0325594 0.032443 0.0395191 0.0384123 0.0372344 0.051152 0.0456617 0.0572364 0.0346171 0.0445015 0.0843609 0.0690053 0.0930672 0.0310747 0.0830625 0.0172021 0.0319778 0.0774406 0.0751822 0.0242899 
0.069823 0.0554432 0.0537271 0.0666017 0.0564383 0.0386404 0.050365 0.0374168 0.0560331 0.0469443 0.0182427 0.0348779 0.0189386 0.0748355 0.0196897 0.107258 0.0741125 0.0335846 0.0272384 0.0597897 
0.0658385 0.0584923 0.0523628 0.062735 0.0530979 0.0408816 0.0573768 0.0432868 0.0601251 0.0473942 0.0193322 0.0426454 0.0219937 0.0739839 0.0214994 0.0931632 0.0699411 0.034849 0.0279644 0.0530366 
0.0605393 0.0604786 0.0505211 0.0582808 0.0493889 0.0435721 0.0646033 0.0500894 0.063468 0.0479092 0.0213889 0.0524469 0.0269534 0.0713439 0.0243684 0.0772768 0.0646191 0.0372423 0.0295902 0.0459196 
0.0543985 0.0603127 0.0481692 0.0537194 0.04557 0.0463287 0.0706749 0.0567743 0.0650084 0.0483939 0.0248918 0.0634139 0.0345842 0.0666106 0.0286749 0.0610682 0.058408 0.0413743 0.0325849 0.0390397 
0.0481727 0.0573862 0.0453884 0.0495714 0.0419507 0.0486285 0.0740518 0.0618864 0.0639243 0.0487082 0.0302082 0.0738632 0.045409 0.0599997 0.0345975 0.0463443 0.051887 0.0476723 0.0372774 0.0330732 
0.0426688 0.0519696 0.0423968 0.0461893 0.0387744 0.0500221 0.0737649 0.0641828 0.0601264 0.0487231 0.0372954 0.0818363 0.0592732 0.0523092 0.0418857 0.0345983 0.0458154 0.0560707 0.0436067 0.0284913 
0.0384384 0.0451454 0.0394911 0.0436473 0.0361407 0.0503528 0.0700123 0.0633035 0.0544104 0.048383 0.0455361 0.0860431 0.0751389 0.0446425 0.0498157 0.0264234 0.0408324 0.0658741 0.0510042 0.0253649 
0.0356139 0.0382585 0.0369374 0.0418038 0.0340175 0.0497972 0.0640556 0.0599289 0.048058 0.0477354 0.053928 0.0864899 0.0913856 0.0379521 0.0574387 0.0214528 0.0372154 0.0759668 0.0585509 0.0234139 
0.033979 0.0323208 0.0348851 0.0404516 0.032304 0.0487134 0.057498 0.0553061 0.0422078 0.0469088 0.0615221 0.0842912 0.106459 0.0327307 0.0639634 0.0187964 0.0348619 0.085246 0.0653254 0.0222293 
0.0331703 0.0277691 0.0333518 0.0394243 0.0308816 0.0474492 0.0515847 0.0506112 0.0374842 0.0460557 0.0677655 0.0809547 0.119377 0.0290113 0.0689904 0.0175456 0.0334547 0.092963 0.0706888 0.0214672 
0.0791129 0.0432648 0.0506311 0.0635966 0.0466958 0.0347313 0.0551968 0.0328116 0.0610863 0.0470856 0.0165792 0.0358622 0.0192534 0.0809636 0.0167348 0.132762 0.0726488 0.0333172 0.0264282 0.0512379 
0.0751653 0.0459109 0.0489689 0.0609009 0.0443309 0.0358639 0.0632174 0.0370813 0.0660069 0.0474504 0.0169022 0.0438286 0.0219759 0.0803392 0.017888 0.117596 0.0693506 0.0343379 0.0266733 0.0462119 
0.0695409 0.0483946 0.0468203 0.0576351 0.0416886 0.0374614 0.0720814 0.0423813 0.0705645 0.0479343 0.0177233 0.0543941 0.0265119 0.0780112 0.0196638 0.0995389 0.0650296 0.0363521 0.0274695 0.0408036 
0.0626145 0.0498008 0.0442018 0.0540832 0.038884 0.0393976 0.0804194 0.0480974 0.0735855 0.0484875 0.0193665 0.0670021 0.0337645 0.0735065 0.0223248 0.0800576 0.0597935 0.0400445 0.0292073 0.0353612 
0.0551509 0.0493268 0.0412395 0.0506368 0.0361056 0.0414104 0.0863551 0.053165 0.073905 0.0490002 0.0221718 0.0800701 0.0445709 0.0668103 0.0260843 0.0612655 0.0540313 0.0460641 0.0322561 0.0303804 
0.0481158 0.0466755 0.0381634 0.0476327 0.0335386 0.0431731 0.088236 0.0564148 0.0709672 0.0493378 0.0263136 0.091289 0.0592339 0.0585441 0.0309446 0.0452759 0.0483779 0.0546846 0.0367711 0.0263107 
0.0423244 0.0422602 0.0352431 0.0452154 0.031295 0.0444222 0.0855353 0.0571445 0.0652344 0.0493938 0.0316144 0.0985949 0.0770894 0.0498135 0.0365828 0.0333707 0.0434897 0.0655057 0.0425217 0.0233488 
0.0381564 0.037006 0.0327005 0.0433338 0.0293985 0.0450574 0.0791893 0.0554827 0.0580045 0.0491381 0.0375302 0.101184 0.0965154 0.0417656 0.0424059 0.0256175 0.0397771 0.0774592 0.0488897 0.0213889 
0.0355263 0.0318884 0.0306572 0.0418486 0.0278195 0.0451445 0.0710437 0.0522453 0.0507453 0.0486289 0.0433697 0.0997776 0.115493 0.0351664 0.0477744 0.0211785 0.037287 0.089178 0.0550793 0.0201487 
0.034071 0.0275655 0.0291296 0.0406377 0.0265078 0.0448441 0.0629221 0.0484508 0.0444891 0.047982 0.0485881 0.0960228 0.132344 0.0302613 0.0522395 0.018932 0.0357886 0.0994811 0.0604002 0.0193423 
0.0832015 0.0360429 0.0461944 0.0578513 0.0370773 0.0325374 0.0672125 0.032606 0.070299 0.0472324 0.0154559 0.0441276 0.0219149 0.0848143 0.0156087 0.141239 0.0667735 0.0332175 0.0258519 0.0407419 
0.0776568 0.0384047 0.0439511 0.0555876 0.0352329 0.033221 0.0771145 0.0365408 0.0757581 0.0476063 0.015588 0.0547265 0.0258414 0.0828866 0.0167871 0.122228 0.0634023 0.0348137 0.0260947 0.0365579 
0.0704182 0.0404882 0.0412285 0.0530178 0.0332568 0.0342899 0.0872462 0.0411283 0.0801157 0.0481099 0.0161517 0.0680691 0.0323051 0.078886 0.0184751 0.100568 0.0592136 0.0378949 0.0269342 0.0322035 
0.0621591 0.0415429 0.0381646 0.0503767 0.0312298 0.0356869 0.0956551 0.0456666 0.0819948 0.0486756 0.0174072 0.0829125 0.0423414 0.0725664 0.0208247 0.0784297 0.0544202 0.0432235 0.0287049 0.028018 
0.0538984 0.0409983 0.035004 0.0479219 0.0292573 0.0372652 0.100188 0.049204 0.080397 0.0491918 0.0195762 0.0969417 0.0566738 0.0642957 0.0239136 0.0583886 0.0494863 0.0513578 0.0316505 0.0243904 
0.0466593 0.0387563 0.0320219 0.0458105 0.0274214 0.0388186 0.0995152 0.0509406 0.0753119 0.0495392 0.022701 0.107553 0.0751721 0.0550453 0.0276486 0.0424596 0.0449998 0.0622779 0.0357682 0.0215793 
0.0410906 0.0352552 0.0294321 0.0440515 0.0257634 0.0401429 0.0939024 0.0506344 0.0678175 0.049637 0.0265582 0.113065 0.0965614 0.0460318 0.0317345 0.0313642 0.0414331 0.0751911 0.0407278 0.0196063 
0.0373129 0.0312369 0.0273429 0.0425645 0.0242998 0.041099 0.0850512 0.0486867 0.0595361 0.0494754 0.0307246 0.113465 0.118708 0.0382459 0.0357572 0.024561 0.0389646 0.0887168 0.045951 0.0183017 
0.0350414 0.0274042 0.0257674 0.0412703 0.0230399 0.0416456 0.0751751 0.0458653 0.0518828 0.049115 0.0347617 0.110175 0.139372 0.0321787 0.0393409 0.0208643 0.0374767 0.10137 0.0508156 0.0174375 
0.0338295 0.0242023 0.0246578 0.0401354 0.0219824 0.0418313 0.0660739 0.0429229 0.0456425 0.0486506 0.0383846 0.105174 0.156921 0.0278455 0.0422741 0.0190788 0.0366843 0.112024 0.0548525 0.0168337 
0.0895554 0.0290203 0.0440405 0.0544258 0.0316279 0.0305438 0.0695646 0.0296237 0.073106 0.0469191 0.0146646 0.0438383 0.0218703 0.0875999 0.0142279 0.162116 0.063183 0.0318289 0.0253468 0.0368977 
0.0844144 0.0309732 0.0418697 0.0528568 0.0303119 0.0305814 0.0798464 0.0324638 0.0790794 0.0471468 0.014449 0.0538828 0.0251452 0.0860275 0.0151074 0.143415 0.0605847 0.0330387 0.0252625 0.033544 
0.0773134 0.0331445 0.0392067 0.0510788 0.0289363 0.0309337 0.0910795 0.0360143 0.0844583 0.0475263 0.0144393 0.0670897 0.0306373 0.0826339 0.0162854 0.12092 0.0573396 0.0354847 0.0255287 0.0299499 
0.0687599 0.0349494 0.0361664 0.0491853 0.0275063 0.0316655 0.101474 0.0398526 0.0878095 0.0480307 0.0148268 0.082684 0.0394475 0.0769865 0.0178357 0.0966076 0.0535217 0.0399351 0.0264211 0.0263346 
0.0597128 0.0357699 0.032985 0.0473267 0.0260542 0.0327825 0.108659 0.0432701 0.087803 0.0485845 0.0158165 0.0986538 0.052591 0.0691752 0.0198186 0.0732417 0.0494227 0.0471191 0.0281935 0.0230199 
0.0513071 0.0352109 0.0299473 0.045624 0.0246127 0.0342001 0.11063 0.0455143 0.0839163 0.0490834 0.0175344 0.112212 0.0704645 0.0599367 0.0222282 0.0534585 0.0455088 0.0573614 0.0309601 0.0202899 
0.0444326 0.0332989 0.0272824 0.0441073 0.0232063 0.0357409 0.106804 0.046145 0.0768165 0.0494278 0.0199356 0.120958 0.0923563 0.0504264 0.0249491 0.0387493 0.0422451 0.0702613 0.0345985 0.0182592 
0.0394565 0.0304581 0.0251075 0.0427347 0.0218652 0.0371822 0.0983549 0.0452407 0.0680561 0.0495603 0.0227937 0.123985 0.116397 0.0417669 0.0277627 0.0291117 0.0399023 0.0846624 0.0387469 0.0168553 
0.0362462 0.0272884 0.0234394 0.0414583 0.0206355 0.0383356 0.0875474 0.0433033 0.0593154 0.0494861 0.0257945 0.122133 0.140107 0.0346786 0.0304184 0.023507 0.0384797 0.0990017 0.0429183 0.0159064 
0.0343892 0.0243155 0.0222373 0.0402717 0.0195651 0.0391104 0.0766664 0.0409709 0.0517662 0.0492609 0.0286694 0.117325 0.161235 0.0293813 0.0327278 0.0205952 0.0377698 0.111831 0.0466655 0.0152462 
0.0897064 0.0258329 0.0404182 0.0501097 0.0267967 0.0290806 0.0808388 0.0297912 0.0809115 0.046722 0.0138975 0.0523931 0.0245431 0.0879157 0.0141222 0.161808 0.0573842 0.0313488 0.024755 0.0316245 
0.0830901 0.0277851 0.0379288 0.0488583 0.02581 0.0289288 0.0924588 0.0324874 0.0869264 0.0469477 0.013607 0.0648044 0.0290725 0.0850798 0.0150463 0.139796 0.0548866 0.0332285 0.0246906 0.0285667 
0.0746994 0.0298129 0.0350255 0.0475445 0.0248076 0.0290991 0.104141 0.0356342 0.0914886 0.0473235 0.0135353 0.0802056 0.0365066 0.0802075 0.0161849 0.114668 0.0519208 0.0368019 0.0250329 0.0253603 
0.0653386 0.0313779 0.0319097 0.0462183 0.0237701 0.0296942 0.113583 0.0387382 0.0930935 0.0478122 0.0138595 0.097087 0.0479989 0.0731372 0.0175543 0.0890713 0.0486314 0.0428521 0.0260122 0.0222603 
0.0561411 0.0319719 0.0288596 0.0449388 0.0226818 0.0307463 0.118361 0.0411591 0.0907647 0.0483388 0.01473 0.112833 0.0643511 0.0643206 0.0191559 0.0660191 0.0453432 0.0519458 0.0277871 0.0195516 
0.0481685 0.0313426 0.026125 0.0437243 0.0215328 0.0321681 0.117074 0.0423804 0.0846489 0.0488099 0.0161907 0.124634 0.0854551 0.0547444 0.0209515 0.0477463 0.042461 0.0640683 0.0303576 0.017417 
0.042039 0.0296088 0.0238488 0.0425461 0.020339 0.0337537 0.110099 0.0422581 0.0760117 0.0491443 0.0181388 0.130742 0.109968 0.0455562 0.0228475 0.0349714 0.0402985 0.0784286 0.0335288 0.0158713 
0.0378252 0.027182 0.0220642 0.0413716 0.0191552 0.0352482 0.0993748 0.041057 0.0666157 0.0493042 0.0203606 0.131175 0.135543 0.0376514 0.0247095 0.0270393 0.0389556 0.0936076 0.0369573 0.0148018 
0.0352133 0.0245641 0.0207391 0.040208 0.0180605 0.0364498 0.0874121 0.0392739 0.0579659 0.0493036 0.0226245 0.12746 0.159568 0.0314636 0.0264095 0.0226294 0.0383175 0.108012 0.0402649 0.0140599 
0.0337448 0.0221661 0.0198176 0.0391077 0.0171242 0.0372737 0.0763085 0.0374038 0.0509009 0.0491887 0.0247683 0.121745 0.179964 0.0269997 0.0278761 0.0204219 0.0381462 0.120359 0.0431527 0.0135316 
