20 hexa 10 10 gaussian
#SNAPSHOT FILE
#iterations: 32000 (200000 total)
0.0274045 0.0838303 0.0519192 0.0937513 0.125356 0.0339752 0.0157754 0.0245323 0.023692 0.0390278 0.0211071 0.0190761 0.0160164 0.029302 0.0364465 0.0270069 0.057853 0.0213138 0.03344 0.219178 
0.0267222 0.120172 0.0559277 0.0803159 0.112976 0.0375304 0.018997 0.0282765 0.0250616 0.0385663 0.0217682 0.0223284 0.0172479 0.037064 0.0370041 0.027167 0.0579155 0.0220184 0.0314607 0.181483 
0.0257271 0.164246 0.0606724 0.0625936 0.0957842 0.0461932 0.0230103 0.0374562 0.026764 0.0375417 0.0229819 0.0266644 0.0194578 0.046391 0.0373371 0.0270221 0.0563386 0.022686 0.0291088 0.132024 
0.024735 0.193897 0.065235 0.0450847 0.079024 0.0638799 0.0258093 0.0547199 0.0278406 0.036804 0.0264015 0.0302967 0.0222905 0.0525337 0.0382818 0.0265123 0.0519559 0.0231051 0.0273523 0.0842418 
0.0242511 0.188438 0.0682842 0.0326474 0.0690823 0.0900479 0.0255405 0.077654 0.0272571 0.0373585 0.0361336 0.0313443 0.0247184 0.0515398 0.0418101 0.0256918 0.0449501 0.0234085 0.0274891 0.0523534 
0.024424 0.151191 0.0687117 0.0259059 0.066682 0.11452 0.0228062 0.0973632 0.0249368 0.0388334 0.0592239 0.0300586 0.0260226 0.0449958 0.0507588 0.0244501 0.0371297 0.0238326 0.0305365 0.0376221 
0.0248666 0.103133 0.0662983 0.0229674 0.0674326 0.121453 0.0200562 0.103132 0.0217774 0.0396586 0.101488 0.0282679 0.0264042 0.0379179 0.0680583 0.0223684 0.0305715 0.0242154 0.0371667 0.0327662 
0.0249717 0.0642284 0.0623932 0.0224458 0.0669727 0.105087 0.0190558 0.0917203 0.0188859 0.0388246 0.15628 0.027228 0.02656 0.0337333 0.0933798 0.0193414 0.0262752 0.02436 0.0468341 0.0314231 
0.0245737 0.0417868 0.0590606 0.0234572 0.0644534 0.0786024 0.0194463 0.071872 0.0167768 0.0369103 0.204007 0.0267832 0.0268623 0.032271 0.120568 0.0161443 0.0239117 0.0244849 0.0571616 0.030867 
0.024031 0.0317304 0.0571783 0.0250065 0.0612845 0.0571879 0.0200145 0.0541275 0.0153393 0.035015 0.232448 0.026368 0.0272335 0.0318131 0.143457 0.0136649 0.0226001 0.0248204 0.0661201 0.0305643 
0.0337784 0.0876652 0.0593426 0.0918463 0.129904 0.0338413 0.0186138 0.0244215 0.0253543 0.0413183 0.0203838 0.0192377 0.0165372 0.0366159 0.0378867 0.0296569 0.069891 0.0242008 0.0330808 0.166424 
0.032117 0.122593 0.0636436 0.076444 0.112941 0.0386375 0.0223926 0.0324794 0.0290337 0.0405479 0.0213546 0.0227071 0.0181544 0.0467811 0.0375006 0.029481 0.0660738 0.0245926 0.0304264 0.132099 
0.0297688 0.157178 0.06805 0.0579096 0.0920143 0.0494884 0.0262599 0.0497263 0.0331304 0.0395098 0.0232151 0.0269465 0.0209141 0.0560943 0.0372697 0.028633 0.0594372 0.0246969 0.027617 0.0921417 
0.0275493 0.169502 0.0713324 0.0417168 0.0747367 0.0685568 0.0278864 0.0765867 0.0353926 0.0393302 0.0280654 0.030126 0.0242095 0.0584553 0.039026 0.0270728 0.0504939 0.0246229 0.0261884 0.0591511 
0.0262946 0.150318 0.0722067 0.0315602 0.066421 0.0913279 0.0263622 0.104633 0.034252 0.0404371 0.0404816 0.0310939 0.0268598 0.0524706 0.0454412 0.0251511 0.04113 0.0249795 0.0278887 0.0406907 
0.0260435 0.112259 0.0700402 0.0266394 0.0650483 0.106064 0.0233841 0.120021 0.0302456 0.0416818 0.0666931 0.0305837 0.0282826 0.0431388 0.0596692 0.0230282 0.0332877 0.026113 0.0342746 0.0335016 
0.0261973 0.0740995 0.0654319 0.0248718 0.0654187 0.102312 0.0212341 0.11341 0.0251404 0.0415973 0.108192 0.0298188 0.0288563 0.0360114 0.0838105 0.0204799 0.0279021 0.0277073 0.0461949 0.031315 
0.0261405 0.0476639 0.0604392 0.0250057 0.0643118 0.0830169 0.020662 0.0898645 0.0206949 0.0399254 0.153142 0.0291733 0.0292562 0.0328531 0.114135 0.0175834 0.024788 0.0292625 0.0615758 0.030505 
0.025812 0.0341504 0.0569617 0.0261175 0.0618071 0.0620777 0.0208593 0.0645287 0.0176964 0.0376438 0.185183 0.0284584 0.0297376 0.0320669 0.142116 0.0149861 0.0231289 0.0305523 0.0760807 0.030036 
0.025504 0.0286592 0.0552292 0.0273913 0.0590014 0.0479257 0.0209727 0.0464603 0.0159478 0.0356362 0.200231 0.0276347 0.030225 0.031771 0.163171 0.0131609 0.0221407 0.0316317 0.0875119 0.029797 
0.0468325 0.0618669 0.0633941 0.0996515 0.137885 0.0313718 0.0196544 0.0202368 0.0259612 0.0440615 0.0188435 0.0170129 0.0160968 0.0399931 0.0377961 0.034996 0.0880328 0.0279007 0.0344017 0.134013 
0.0444405 0.0837517 0.0666403 0.0880943 0.123663 0.0340073 0.0231166 0.0266601 0.0317577 0.0439476 0.0196607 0.0193454 0.0170385 0.0510795 0.0368351 0.0345111 0.0816284 0.0279619 0.0318312 0.114029 
0.040431 0.111622 0.069834 0.0717917 0.102988 0.0397461 0.0276568 0.0417315 0.0399626 0.0433225 0.0208044 0.0232465 0.0191774 0.063699 0.0355481 0.0330162 0.0716171 0.0276983 0.0284898 0.0876165 
0.035483 0.132024 0.0722748 0.0540739 0.0811493 0.0511445 0.0313482 0.0691566 0.0475884 0.0428128 0.0230519 0.0280525 0.0227153 0.0706353 0.0355393 0.0301511 0.0589848 0.0271408 0.0256075 0.0610689 
0.0313336 0.130264 0.0730345 0.0403573 0.0663925 0.0678637 0.0319096 0.103819 0.0501239 0.0432765 0.0286935 0.0320601 0.0267228 0.0662524 0.0394198 0.0265669 0.046545 0.027155 0.0254282 0.0427821 
0.0290096 0.107769 0.0713809 0.0326502 0.0610048 0.083578 0.0295175 0.130771 0.0461968 0.0444299 0.0419904 0.0343116 0.0298824 0.0539851 0.0500417 0.0233217 0.0366953 0.0288851 0.0303355 0.0342443 
0.0281911 0.0776813 0.0671361 0.029266 0.0607969 0.0891346 0.0263153 0.134985 0.0381396 0.0449909 0.0670962 0.0350311 0.0318111 0.0417512 0.0704041 0.0206842 0.0301185 0.0326123 0.0425989 0.0312548 
0.0280009 0.0519605 0.0613894 0.0282192 0.0610415 0.0805195 0.0240296 0.113573 0.0294442 0.0439666 0.101196 0.03455 0.0330384 0.0344086 0.100326 0.0183041 0.0263376 0.0373925 0.0621893 0.0301136 
0.0278015 0.0361868 0.0563978 0.0283882 0.0598507 0.0646098 0.0229276 0.0812611 0.022861 0.0415626 0.131693 0.0331623 0.034078 0.0318113 0.132104 0.0160836 0.0243992 0.0416056 0.0837918 0.0294236 
0.0275443 0.0289927 0.0534417 0.0290541 0.0576918 0.0511942 0.0223937 0.0549489 0.0190321 0.0388227 0.149274 0.0314555 0.0349988 0.0313137 0.157301 0.0143 0.0233792 0.0444266 0.101447 0.0289913 
0.0637517 0.0543112 0.0683949 0.0939599 0.120203 0.0314604 0.025303 0.021387 0.034586 0.0465398 0.0181257 0.0174202 0.0164347 0.0587609 0.0347532 0.0451828 0.0995746 0.0322336 0.0324597 0.0851603 
0.0579578 0.0707145 0.0695993 0.0820898 0.103483 0.0343652 0.0305153 0.0326157 0.0465925 0.0467359 0.018751 0.0206422 0.0177625 0.0742853 0.0327303 0.0424885 0.0867358 0.0315717 0.0292602 0.0711034 
0.0497651 0.0879354 0.0698853 0.0665943 0.0825504 0.0398452 0.0364226 0.0555473 0.0611458 0.0466331 0.0196681 0.0262745 0.0207644 0.0868726 0.0311395 0.0375229 0.0703104 0.0305262 0.0256857 0.0549107 
0.041343 0.0958186 0.069271 0.0515323 0.0644999 0.0492166 0.0401385 0.0902205 0.0712282 0.0467927 0.0217278 0.0334605 0.0254285 0.0868762 0.0324307 0.030954 0.0538857 0.0300014 0.0237314 0.0414425 
0.0351933 0.0888115 0.0676895 0.0410731 0.0550972 0.060908 0.0396842 0.125374 0.0707844 0.0476146 0.027053 0.0399815 0.0304555 0.0730942 0.0392356 0.024894 0.0410992 0.0318836 0.0262177 0.0338557 
0.0318454 0.0714651 0.0645981 0.0356498 0.0531071 0.0697368 0.0360566 0.143606 0.0606991 0.0485971 0.0389153 0.0441086 0.0346563 0.0544022 0.0541912 0.0206856 0.0329296 0.0377084 0.0362874 0.0307549 
0.0304014 0.0519012 0.0597173 0.0332762 0.0538986 0.0703118 0.0314969 0.133365 0.0462714 0.0486345 0.0589463 0.0450341 0.0380076 0.0396998 0.0792679 0.0181429 0.0285611 0.0472694 0.0563726 0.0294248 
0.0298002 0.0367427 0.0543597 0.0321943 0.0541503 0.0626481 0.0277091 0.101113 0.0332963 0.0468865 0.081988 0.0428895 0.0408923 0.0322189 0.110518 0.0165004 0.0266596 0.0576384 0.083314 0.0284791 
0.0294398 0.0284337 0.0504931 0.0316748 0.0531347 0.0530001 0.025263 0.0675985 0.024969 0.0437577 0.0990681 0.0392487 0.0432577 0.0299425 0.138322 0.0152474 0.0259085 0.0652325 0.108231 0.0277788 
0.0292177 0.025087 0.048536 0.0315111 0.0514125 0.0461682 0.0238095 0.0452312 0.0207716 0.040396 0.107336 0.0358421 0.0449995 0.0295831 0.157587 0.014279 0.025504 0.0694052 0.125975 0.02735 
0.087686 0.0353555 0.0676075 0.0924348 0.102062 0.0303132 0.0282557 0.0181099 0.0371292 0.0478895 0.017227 0.0171127 0.0165828 0.0668528 0.0314048 0.0661237 0.112291 0.0359425 0.0318275 0.0577939 
0.0800673 0.0429362 0.0669592 0.0851701 0.0906796 0.032043 0.034449 0.0253684 0.0509547 0.0485615 0.0173553 0.0198758 0.0173229 0.0832014 0.0292431 0.0615013 0.0985663 0.0349217 0.0292115 0.0516116 
0.0688258 0.0528951 0.0647946 0.0742736 0.0748376 0.0343551 0.0428026 0.0410553 0.0705856 0.0489743 0.017414 0.0258122 0.0194826 0.0999525 0.0267882 0.0533613 0.0805659 0.033466 0.025876 0.0438805 
0.0559293 0.0613413 0.0617488 0.0613488 0.0585088 0.0381387 0.0507354 0.0680879 0.0896171 0.0492529 0.0177465 0.0356212 0.0238269 0.106568 0.0259288 0.0421744 0.0616001 0.0323594 0.0230512 0.0364147 
0.0450186 0.063326 0.0589537 0.0501166 0.0475207 0.0441391 0.0543264 0.101942 0.0976553 0.0499078 0.0191984 0.0473812 0.029909 0.0960657 0.0290236 0.0310596 0.0461572 0.0337689 0.023139 0.0313917 
0.0379137 0.0576402 0.056524 0.0430068 0.0436238 0.0511771 0.0520807 0.129274 0.0903252 0.0511857 0.0234227 0.0574547 0.0364922 0.073881 0.0381415 0.0229186 0.0361626 0.0404858 0.0292935 0.0289964 
0.0339931 0.046897 0.0534485 0.0393915 0.043983 0.0560055 0.0455662 0.134768 0.0719657 0.0524871 0.0324263 0.0625121 0.0431211 0.0512365 0.0555005 0.0183175 0.031037 0.0542542 0.0452442 0.0278451 
0.0320253 0.035382 0.0493992 0.0372239 0.0450829 0.055875 0.0376801 0.113472 0.0510907 0.0524002 0.0458878 0.0607758 0.0499161 0.035883 0.0807562 0.0163568 0.029381 0.0729223 0.0716642 0.0268254 
0.0310828 0.027135 0.0457071 0.0353079 0.045198 0.0519612 0.0312404 0.0800454 0.0353382 0.050015 0.0590919 0.0541182 0.0561286 0.0289973 0.107 0.0157159 0.0294189 0.0896896 0.100961 0.0258459 
0.0306482 0.0230911 0.0434822 0.0337589 0.0443541 0.0478292 0.0272586 0.0531168 0.0266353 0.046166 0.0677705 0.0467839 0.0608115 0.0270974 0.126919 0.0154074 0.0297399 0.0999854 0.123971 0.0251765 
0.100915 0.0274689 0.0623076 0.0806553 0.0699215 0.0314712 0.0385699 0.0215165 0.0522794 0.0491432 0.0169741 0.0207625 0.018021 0.086156 0.0256405 0.0950164 0.100806 0.0363696 0.0283043 0.0377036 
0.0877402 0.032282 0.0587256 0.0744894 0.0603232 0.0324513 0.0495751 0.03067 0.0727761 0.0494334 0.0164114 0.0266916 0.0195325 0.103132 0.0233186 0.0827074 0.084606 0.0347842 0.025722 0.0346257 
0.0715869 0.0380315 0.0536915 0.0657311 0.0489342 0.0333782 0.0624582 0.0477216 0.0970578 0.0495815 0.0157759 0.0380943 0.0231213 0.114593 0.0215089 0.0649618 0.0664332 0.0332994 0.0230396 0.0310001 
0.0565085 0.0423624 0.048908 0.0563295 0.0394584 0.0351169 0.0722573 0.0723242 0.114506 0.0500162 0.015571 0.0547459 0.0291865 0.110923 0.0219462 0.0459631 0.0504107 0.033821 0.0217612 0.0278846 
0.0456627 0.0430682 0.0456586 0.0490409 0.0346805 0.0384665 0.0744032 0.0979288 0.115557 0.0513602 0.016506 0.0727337 0.0371923 0.0917784 0.026118 0.0308415 0.0392877 0.0395577 0.02418 0.025978 
0.0389852 0.0395474 0.0435163 0.0448055 0.0340121 0.0428781 0.0680931 0.113059 0.0997059 0.0536326 0.0196534 0.0860411 0.047008 0.0661755 0.0355982 0.0214249 0.0332541 0.0540674 0.0335963 0.0249461 
0.035073 0.0329019 0.0413297 0.0422004 0.0349896 0.0464428 0.0559571 0.107508 0.0743883 0.0556137 0.0259246 0.0887354 0.0592284 0.0440265 0.0516774 0.0169711 0.0314864 0.0783551 0.0531399 0.0240506 
0.0329337 0.0259634 0.0389404 0.0394567 0.0356266 0.0475992 0.043131 0.0840868 0.0505953 0.0553416 0.034175 0.0798191 0.0727206 0.030692 0.0716676 0.0158605 0.0324268 0.105916 0.080029 0.0230177 
0.0319601 0.0213488 0.0371073 0.0365544 0.0354031 0.046925 0.033971 0.0586588 0.0352747 0.0523713 0.0414298 0.0660877 0.0843475 0.0252401 0.08919 0.0161509 0.0340182 0.1268 0.10501 0.0221514 
0.0316572 0.0192355 0.0360751 0.0343618 0.0346095 0.045898 0.0288888 0.0415025 0.027619 0.048154 0.0462001 0.0543544 0.0927087 0.0237651 0.10102 0.0165632 0.0351282 0.13831 0.12237 0.0215804 
0.113273 0.0199843 0.0568322 0.0706098 0.0492552 0.0319449 0.0420563 0.0207303 0.0511492 0.0494896 0.017522 0.0227875 0.019494 0.0820996 0.0221044 0.144259 0.0919039 0.0353502 0.0270439 0.0321125 
0.100482 0.0222834 0.05311 0.0679932 0.0446559 0.0322108 0.0554509 0.0253267 0.0687272 0.048944 0.0166721 0.0283429 0.0206484 0.0957187 0.0205732 0.128448 0.0801879 0.0340737 0.0252554 0.0308985 
0.0838076 0.0259046 0.0474473 0.0634843 0.0384796 0.0319258 0.0734161 0.034527 0.092572 0.0483627 0.0154374 0.0399885 0.0235665 0.107934 0.0190274 0.103335 0.0661925 0.0327181 0.0232022 0.0286707 
0.0665883 0.030022 0.0412455 0.0573927 0.0322412 0.031517 0.0909103 0.049142 0.115005 0.048157 0.0143721 0.0596668 0.0290994 0.110115 0.0184775 0.0734729 0.0524895 0.0325925 0.0216631 0.0258307 
0.0530162 0.0329516 0.0364927 0.0515469 0.0280811 0.0320395 0.100333 0.066698 0.12479 0.0490785 0.0140652 0.0850093 0.0373654 0.0978816 0.0197847 0.0474524 0.0418167 0.0363679 0.0219207 0.0233088 
0.044225 0.0332905 0.0338454 0.04765 0.0266722 0.0342201 0.0975241 0.0812631 0.116797 0.0515186 0.0149957 0.10906 0.0488401 0.0759713 0.0236906 0.0299294 0.0351874 0.0478243 0.025895 0.0216002 
0.0388116 0.030556 0.0324989 0.0453841 0.0269101 0.037727 0.0834318 0.0853285 0.0945296 0.0547976 0.0177228 0.122058 0.0654426 0.0528878 0.031383 0.0203419 0.0326084 0.070623 0.0364772 0.0204804 
0.0354625 0.0256367 0.0314468 0.0429328 0.0272711 0.0411801 0.0636335 0.0752921 0.0675207 0.0569493 0.0223738 0.116434 0.0877586 0.035373 0.0430344 0.0166402 0.0335359 0.103084 0.0548952 0.0195453 
0.0336683 0.0208347 0.0303937 0.0395667 0.0270568 0.0432423 0.0463204 0.0578003 0.0461352 0.0562387 0.0276765 0.0966209 0.111069 0.0257682 0.0554747 0.0164496 0.036192 0.134526 0.0762494 0.0187161 
0.033019 0.0177992 0.0295045 0.036398 0.0263999 0.0439272 0.0356066 0.042895 0.0337964 0.0531448 0.0320384 0.0754194 0.129751 0.0219282 0.064959 0.0174135 0.0386207 0.155763 0.0935183 0.0181022 
0.103062 0.0182183 0.0490199 0.0578825 0.0324954 0.0326696 0.0589541 0.023556 0.061725 0.0482834 0.0177045 0.0301461 0.0220062 0.082258 0.0180795 0.185386 0.0696248 0.0317107 0.0247311 0.0324896 
0.0891077 0.0205543 0.0438124 0.0563365 0.0298222 0.0317617 0.0807173 0.0278563 0.0809285 0.0466337 0.0162952 0.0406455 0.0244465 0.0919039 0.0173692 0.155924 0.0611969 0.0309136 0.0232988 0.0304761 
0.0729488 0.0240222 0.0371842 0.0535732 0.026613 0.0304289 0.106052 0.0354549 0.102765 0.0454625 0.0147085 0.0605368 0.0293899 0.0967033 0.0170918 0.115283 0.0520152 0.0307907 0.022037 0.0269412 
0.0584748 0.0275224 0.0311812 0.0501169 0.0239147 0.0294991 0.12491 0.0455847 0.11751 0.0456037 0.0137286 0.0901105 0.0372882 0.0910078 0.0175658 0.0748127 0.0436285 0.033083 0.0215801 0.0228762 
0.0483665 0.0295135 0.0274575 0.0473989 0.0225765 0.0299218 0.128562 0.0553991 0.11743 0.0475758 0.0138696 0.123288 0.0487501 0.075735 0.0188836 0.0451226 0.0372794 0.0405628 0.0227233 0.0195838 
0.0421289 0.0290478 0.0259087 0.0459594 0.0223196 0.0320255 0.115829 0.0610683 0.102764 0.0509941 0.01533 0.148999 0.0664794 0.0568696 0.0215673 0.0276774 0.0336571 0.0569335 0.0269439 0.0174969 
0.0381985 0.0260357 0.0254152 0.0445862 0.0221611 0.0352795 0.0916657 0.0593791 0.0795712 0.0544629 0.0182336 0.154462 0.0941275 0.0400652 0.0265149 0.0193047 0.0332653 0.0846979 0.0362468 0.0163287 
0.035782 0.0216181 0.0249395 0.0419647 0.0214814 0.0383509 0.0656158 0.0509628 0.0566935 0.0560859 0.0221657 0.135559 0.129618 0.0285155 0.0333209 0.0168916 0.0356236 0.118978 0.0501856 0.0156468 
0.0346668 0.0177542 0.0241607 0.0386735 0.0204738 0.0401761 0.0465344 0.0410131 0.0406698 0.0551334 0.0259801 0.105248 0.16334 0.0223925 0.0396833 0.0175207 0.0388632 0.148327 0.0642159 0.0151739 
0.0344802 0.0154314 0.023282 0.0361207 0.0194925 0.0409044 0.0359306 0.0336324 0.0317712 0.0525988 0.0289178 0.0789658 0.188529 0.0197717 0.0439393 0.0188619 0.0414123 0.166786 0.07439 0.0147854 
0.0969617 0.0171174 0.0469592 0.0481458 0.0254429 0.0333089 0.0595737 0.0234196 0.0551668 0.0474997 0.0186976 0.0316255 0.0228861 0.0688327 0.0157393 0.24073 0.0580318 0.0286824 0.0243025 0.0368785 
0.0872068 0.0186135 0.0426726 0.0478367 0.0243605 0.0320139 0.0822682 0.0251428 0.0684103 0.0449513 0.01754 0.0401155 0.0249235 0.0747623 0.0157728 0.212631 0.0540115 0.0284346 0.023282 0.0350505 
0.0747591 0.0213491 0.0364145 0.0471885 0.0229234 0.0302442 0.112999 0.0287074 0.0858842 0.0428461 0.0158418 0.0575351 0.0292795 0.0792106 0.0161896 0.167043 0.0495053 0.0287034 0.0223491 0.0310271 
0.0617102 0.0248239 0.029614 0.0460268 0.0214925 0.0286324 0.142011 0.0341084 0.101411 0.0421322 0.0143829 0.0870907 0.0366157 0.0776149 0.0169827 0.113094 0.0445675 0.0304473 0.0218687 0.0253747 
0.0512494 0.0275616 0.0246389 0.0449339 0.0206372 0.0281119 0.155141 0.0399704 0.106754 0.0434726 0.0139717 0.125226 0.0472733 0.0684599 0.0177627 0.0678841 0.0396164 0.0352689 0.0220706 0.0199951 
0.0444556 0.0283113 0.0223655 0.0445677 0.0203849 0.0291303 0.147023 0.0442976 0.0995504 0.0465272 0.0148664 0.16127 0.063528 0.0551613 0.0184771 0.039378 0.0354977 0.0455646 0.023365 0.0162787 
0.0403032 0.0266722 0.0218547 0.0443978 0.0200689 0.0314701 0.122243 0.0453982 0.0833367 0.0501919 0.0170092 0.180946 0.0906591 0.0419784 0.0198379 0.024512 0.0333676 0.0645035 0.0269555 0.0142962 
0.0376906 0.0230227 0.0216647 0.0431276 0.0190509 0.0342958 0.0902179 0.0426293 0.0638813 0.0530557 0.0202197 0.17256 0.131882 0.0314388 0.0225488 0.0183842 0.0340127 0.0927831 0.0340307 0.0135036 
0.0362473 0.0187699 0.0209313 0.0405684 0.0174964 0.0364636 0.0621786 0.0374631 0.0471431 0.0540604 0.0237767 0.140374 0.179642 0.0244665 0.0260531 0.0174138 0.0367489 0.123584 0.0433733 0.0132443 
0.0358043 0.015516 0.01978 0.0380239 0.0160596 0.0375485 0.0443177 0.0324687 0.0360824 0.0533111 0.0267604 0.103794 0.220343 0.0206406 0.0289462 0.0186203 0.0397799 0.147413 0.0517266 0.0130664 
0.0812258 0.0182088 0.0432806 0.0410121 0.021768 0.0323625 0.0790584 0.0241355 0.0590079 0.0433804 0.0183931 0.0390087 0.02477 0.0618323 0.014149 0.261737 0.0473979 0.0259347 0.0231807 0.0401587 
0.0730043 0.0202138 0.0378951 0.04106 0.0210477 0.0303801 0.110689 0.0256961 0.0711723 0.0406965 0.0169788 0.0525865 0.0284443 0.0646272 0.0150622 0.219023 0.0460431 0.0265206 0.0224392 0.0364204 
0.062993 0.023314 0.0309072 0.0412035 0.0202741 0.0283725 0.147342 0.0285039 0.0845259 0.0392587 0.0153583 0.0783949 0.0350626 0.0645532 0.0164413 0.15874 0.0443833 0.028225 0.0220688 0.0300775 
0.0533404 0.02639 0.0246368 0.0415035 0.0197845 0.0272817 0.17228 0.031997 0.0925464 0.0399725 0.0144334 0.116739 0.0448078 0.0594777 0.0176404 0.098683 0.0416438 0.0318563 0.022153 0.0228333 
0.0461857 0.0279178 0.0211503 0.0422228 0.0196958 0.0276807 0.172854 0.0349877 0.0909489 0.0426362 0.0147799 0.158925 0.0588599 0.0507144 0.0180771 0.0561993 0.0379648 0.0385557 0.0225528 0.0170942 
0.0417013 0.0272333 0.0201854 0.0431078 0.0195418 0.0293789 0.151217 0.036525 0.0811489 0.0461399 0.0163867 0.190899 0.0820333 0.0412661 0.0180966 0.0326437 0.0346581 0.0504384 0.0236574 0.0137415 
0.0389928 0.0244315 0.0201363 0.0431517 0.0186191 0.0317445 0.117081 0.0361349 0.066898 0.0493386 0.019102 0.197876 0.12102 0.0330207 0.0186213 0.0215915 0.0332572 0.0700289 0.026591 0.0123636 
0.0374173 0.020296 0.0195906 0.041714 0.0167948 0.0338609 0.0820374 0.0340007 0.0521797 0.0514251 0.0225425 0.173819 0.175128 0.0266616 0.0201023 0.0178974 0.0343631 0.0961214 0.0319074 0.0121399 
0.0367642 0.0163658 0.0182673 0.0395874 0.0148068 0.0350858 0.0559323 0.0311138 0.0404272 0.0521491 0.025806 0.132594 0.230073 0.0223723 0.0219211 0.0181098 0.0369575 0.121297 0.0381311 0.0122395 
0.0368022 0.0137692 0.0167915 0.0380187 0.0133533 0.0356046 0.0409853 0.0285033 0.032759 0.0518604 0.0282237 0.0951363 0.271616 0.0198568 0.0232362 0.0195782 0.0394581 0.139043 0.0431713 0.0122363 
