20 hexa 10 10 gaussian
#SNAPSHOT FILE
#iterations: 16000 (200000 total)
0.0295634 0.0859911 0.0529687 0.0909249 0.129633 0.0358543 0.0164725 0.0239936 0.0240443 0.0407415 0.0201663 0.0177613 0.0163385 0.0296382 0.0386255 0.0262986 0.0609377 0.0219703 0.0334153 0.204663 
0.0286486 0.12022 0.0559469 0.0773499 0.11764 0.0405913 0.0194283 0.0289578 0.0256873 0.0400367 0.0210492 0.020546 0.0175104 0.0365687 0.0392619 0.0263736 0.0601279 0.0228063 0.0318619 0.169388 
0.0272815 0.159111 0.0595946 0.0603095 0.10142 0.0508177 0.0228086 0.0394209 0.0273265 0.03894 0.0229299 0.0241306 0.0193887 0.0443621 0.0401336 0.0263047 0.0575278 0.0236106 0.0299472 0.124635 
0.02607 0.183929 0.0634167 0.0438752 0.085415 0.0689135 0.0249907 0.0567557 0.0280428 0.0382851 0.0273052 0.0272146 0.0214716 0.049304 0.0420832 0.0259805 0.0523326 0.0241217 0.0285563 0.0819375 
0.0257089 0.178749 0.0666847 0.0321737 0.0745892 0.0924437 0.0247319 0.0778976 0.0271733 0.0387831 0.0379113 0.0285848 0.0230573 0.0485625 0.0465683 0.0252819 0.0449565 0.0243129 0.0289988 0.0528323 
0.0262113 0.146115 0.068509 0.0258247 0.0695572 0.111988 0.0226428 0.0950812 0.0248556 0.0400006 0.0609894 0.0284455 0.0239868 0.0432355 0.0560215 0.0239401 0.0370489 0.0244536 0.032473 0.0386189 
0.026854 0.102578 0.0680123 0.0231961 0.0672668 0.115623 0.0205308 0.0995489 0.0217764 0.0405963 0.100945 0.0278784 0.0246925 0.0369409 0.0734204 0.0216711 0.0304117 0.0247438 0.0397717 0.0335429 
0.026889 0.0657496 0.0652747 0.0228355 0.0648456 0.100356 0.0196079 0.0888508 0.0188165 0.0396382 0.15081 0.0274838 0.0256171 0.0326423 0.0984168 0.0186928 0.0259503 0.0251518 0.050262 0.0321094 
0.0262925 0.0435115 0.061696 0.0237691 0.0618461 0.0771304 0.0196231 0.070671 0.0166537 0.0375309 0.193688 0.0271038 0.0267452 0.0308516 0.125005 0.0158276 0.0233879 0.0255862 0.061468 0.0316133 
0.0255301 0.0329037 0.0585556 0.0251767 0.0591648 0.0576917 0.0198205 0.0541559 0.0154072 0.0353093 0.219851 0.0265765 0.0277938 0.0305038 0.147333 0.0136855 0.0219744 0.0260526 0.071215 0.0313003 
0.0365173 0.090721 0.0583191 0.0878756 0.126754 0.0355679 0.0193706 0.0249225 0.026648 0.0435429 0.0193548 0.0185873 0.0170192 0.0381876 0.0385742 0.0300405 0.072566 0.0251703 0.0328867 0.157376 
0.0342819 0.123531 0.0611037 0.0726887 0.111414 0.041858 0.0229689 0.0342678 0.0303338 0.0424979 0.0205378 0.0218223 0.0185078 0.0471438 0.0385747 0.0294929 0.0679395 0.0256182 0.0307606 0.124658 
0.0313685 0.153584 0.0644406 0.0554246 0.0930399 0.0541095 0.0263356 0.0517478 0.0338868 0.0413366 0.0229783 0.0256242 0.0207478 0.0546571 0.0392684 0.0282878 0.0607367 0.0258487 0.0285422 0.0880356 
0.028915 0.163308 0.0677333 0.0407091 0.0774585 0.0727272 0.0276315 0.0763978 0.0354613 0.0410475 0.0286343 0.0286116 0.0231431 0.0561923 0.0421188 0.0265081 0.0516127 0.0259364 0.0276424 0.0582123 
0.0277701 0.145994 0.0700246 0.0314297 0.0684478 0.092554 0.0263221 0.100689 0.0340763 0.0418937 0.0416889 0.0300338 0.0250609 0.0509267 0.0492364 0.0244093 0.042208 0.0263358 0.0297904 0.0411091 
0.0277102 0.111389 0.070119 0.0269157 0.0647094 0.103906 0.0237623 0.113552 0.0302283 0.0428819 0.0674244 0.0303595 0.0264486 0.0425266 0.0636594 0.0220479 0.0341381 0.0274953 0.0366362 0.0340896 
0.0278972 0.0753335 0.0673987 0.0253407 0.0627928 0.0993119 0.0217073 0.107549 0.0252931 0.042659 0.106089 0.0302225 0.0276788 0.0354139 0.0873673 0.0193943 0.0283262 0.0293679 0.0489642 0.031893 
0.0277586 0.0493895 0.0629329 0.02543 0.0606087 0.0820808 0.0208212 0.0869558 0.0209079 0.0408106 0.146667 0.0297026 0.0290082 0.0316486 0.116514 0.0167424 0.0247746 0.0313805 0.0647045 0.0311636 
0.0273436 0.0354635 0.0586476 0.0263383 0.058212 0.0632745 0.0206276 0.0643345 0.0180392 0.0381766 0.175742 0.0287956 0.0303343 0.0304981 0.143217 0.0145776 0.022817 0.0330214 0.0797936 0.0307474 
0.026895 0.0292006 0.0554529 0.0274687 0.0562588 0.0496198 0.0205636 0.0474935 0.0165582 0.0357849 0.190282 0.0277764 0.0314806 0.030438 0.163259 0.0130571 0.0217718 0.0342696 0.0919208 0.0304515 
0.0502438 0.0654074 0.0617993 0.0956579 0.127931 0.0318078 0.020353 0.0207882 0.0277732 0.0468362 0.0177551 0.0170773 0.0166662 0.0433329 0.0368927 0.0372548 0.0901929 0.02903 0.0334771 0.129725 
0.0470989 0.0879538 0.0631128 0.0837292 0.115302 0.0355413 0.0240652 0.0283783 0.0336236 0.0463596 0.0184072 0.0196786 0.0176096 0.0536725 0.0361461 0.0360996 0.0831552 0.0290479 0.0314245 0.109596 
0.0421872 0.114137 0.064965 0.0682076 0.0976711 0.0428901 0.0285338 0.04406 0.0410875 0.0453584 0.019702 0.0236914 0.0195452 0.0641696 0.0356025 0.0336395 0.0729045 0.0287696 0.0287997 0.0840797 
0.0366512 0.131677 0.0672346 0.0522449 0.0794287 0.0553731 0.0318787 0.0695954 0.0473303 0.0445735 0.0224478 0.0283121 0.0223997 0.0690472 0.0367013 0.0299416 0.0605683 0.0284208 0.0267394 0.0594344 
0.0323277 0.129181 0.0693376 0.0400774 0.0663649 0.0714097 0.0323029 0.0996718 0.0490168 0.0447542 0.028861 0.0321847 0.0254944 0.0645648 0.0414485 0.0258906 0.0485113 0.028777 0.0272405 0.0425827 
0.0300229 0.108 0.0700497 0.0331222 0.0600752 0.0850565 0.030025 0.122306 0.0452979 0.0456452 0.0428026 0.0346482 0.028203 0.0534832 0.0524326 0.0223333 0.0386088 0.0308132 0.0325718 0.0345031 
0.0292196 0.0790291 0.0680415 0.0299921 0.0578981 0.0889856 0.0267969 0.125654 0.0379118 0.0460704 0.0674161 0.0357312 0.0304893 0.0418489 0.0725716 0.0194555 0.0315215 0.0349093 0.0448578 0.0315998 
0.0290395 0.0535825 0.0633924 0.0289508 0.0566997 0.0807 0.0242149 0.107468 0.0297735 0.0449298 0.0991468 0.0353992 0.0326168 0.0340375 0.101224 0.0171099 0.027092 0.0401975 0.0639018 0.0305234 
0.0289447 0.0374935 0.0580788 0.0289389 0.0551716 0.0662561 0.0227636 0.079642 0.0235141 0.0422673 0.126969 0.03384 0.0346375 0.0306801 0.13108 0.0152459 0.0246409 0.0449405 0.0850297 0.0298672 
0.0287905 0.0296215 0.0539113 0.0293776 0.0535493 0.0534858 0.0220511 0.0559812 0.0199106 0.0391809 0.143482 0.0318098 0.0363998 0.0298783 0.154705 0.0138699 0.0233642 0.0482087 0.10302 0.0294038 
0.0662518 0.0586107 0.0646927 0.0900125 0.108244 0.0316493 0.0262615 0.0229493 0.0367696 0.049176 0.0166633 0.018284 0.0170142 0.0631693 0.0326582 0.0490324 0.0998936 0.0333036 0.0313695 0.0839948 
0.059358 0.0758155 0.0644034 0.0782925 0.0940704 0.0357236 0.0318196 0.0350329 0.0480089 0.0488965 0.0171682 0.0221327 0.0184011 0.0766116 0.0311885 0.0449652 0.0870808 0.0324882 0.0288426 0.0697014 
0.0503561 0.0922001 0.064463 0.0641372 0.0769366 0.0426924 0.0376699 0.0572013 0.0605179 0.0483321 0.0182702 0.0280471 0.0211143 0.0859518 0.0306537 0.038466 0.071394 0.0315089 0.0262097 0.0538785 
0.0416292 0.0987337 0.0650828 0.0509175 0.0620664 0.0529657 0.0411498 0.088062 0.0685569 0.0481247 0.0208715 0.0350027 0.0249912 0.0843462 0.0329399 0.0308939 0.0559516 0.0314226 0.0252109 0.041081 
0.03539 0.0911115 0.0657026 0.041716 0.0533888 0.0643365 0.0406267 0.117924 0.0677886 0.0486497 0.0270396 0.0412507 0.0292558 0.0716048 0.0402176 0.0243229 0.0436008 0.0338909 0.0283159 0.0338672 
0.0319862 0.0734623 0.0647804 0.0367717 0.0502461 0.0721047 0.0368968 0.133015 0.0588582 0.0494358 0.0396202 0.0454037 0.0333852 0.0544938 0.055129 0.0197672 0.0351582 0.0402438 0.0383525 0.0308896 
0.0305942 0.0535407 0.0611759 0.0344784 0.0496301 0.0720258 0.0320184 0.124295 0.0458806 0.0493343 0.059375 0.0464703 0.0374193 0.0402134 0.0792755 0.0170415 0.0301304 0.0502112 0.0572854 0.0296047 
0.0302716 0.0380079 0.0558505 0.0333333 0.0492152 0.0646923 0.0278796 0.0970714 0.0338977 0.0474164 0.0811083 0.0442851 0.0413218 0.0321111 0.108559 0.0155136 0.0275531 0.0609439 0.0823365 0.0286318 
0.0303104 0.0291526 0.0510365 0.0326605 0.0483685 0.0554246 0.0252468 0.0677996 0.0259824 0.0440941 0.0971877 0.0403247 0.044708 0.0290949 0.134456 0.0145896 0.0263476 0.0690944 0.106293 0.0278295 
0.0303137 0.0251115 0.0478058 0.0322878 0.0473777 0.0482545 0.0237829 0.0470183 0.0219086 0.0406447 0.105337 0.0364549 0.047396 0.0284088 0.152334 0.0139211 0.0257679 0.0739623 0.124589 0.0273253 
0.0888282 0.0384038 0.0644307 0.0893351 0.0906254 0.029896 0.029236 0.0194368 0.0393497 0.0502307 0.0156106 0.0180014 0.0170729 0.0723095 0.0285297 0.0722069 0.110979 0.0367774 0.0303637 0.0583793 
0.0802534 0.0473703 0.0622693 0.0818745 0.0809852 0.0322102 0.0359127 0.0273977 0.0525626 0.0505552 0.01551 0.021559 0.0180305 0.0872159 0.0266961 0.0662585 0.0975522 0.0355983 0.0282614 0.0519282 
0.0683255 0.0579573 0.0598522 0.0717864 0.0679518 0.0355714 0.0444839 0.0432122 0.0701257 0.0505468 0.0156406 0.0282345 0.0202591 0.100405 0.0251562 0.0561855 0.0805262 0.0340952 0.0257428 0.0439429 
0.0552826 0.0659473 0.0579494 0.0604734 0.0546782 0.040609 0.0522847 0.0684034 0.0861 0.0504712 0.0163027 0.0381646 0.0241744 0.103736 0.0253726 0.0434155 0.0629302 0.0333639 0.0239236 0.0364171 
0.0443908 0.0668641 0.0571034 0.0507615 0.0453004 0.0474232 0.055787 0.0981399 0.0923779 0.0508047 0.0183476 0.0495588 0.0294763 0.0929246 0.0290926 0.0314178 0.048429 0.0355118 0.0248637 0.0314253 
0.0372221 0.0600311 0.0565305 0.0444445 0.0411459 0.0544389 0.0535671 0.121171 0.0857339 0.0517285 0.0233737 0.0594117 0.0356125 0.0726437 0.0382609 0.0227718 0.0386227 0.0429412 0.0312758 0.0290734 
0.0333584 0.0484258 0.0545726 0.0410405 0.0404304 0.0586928 0.0469272 0.125427 0.0695313 0.0526513 0.0330083 0.0646264 0.0425584 0.0517027 0.0550043 0.0178266 0.033128 0.0569562 0.0461912 0.0279409 
0.0317901 0.0365023 0.0506698 0.038951 0.0407275 0.058133 0.0387733 0.107461 0.0507772 0.0522487 0.0464393 0.0631958 0.050243 0.0366997 0.0786913 0.0156986 0.0308228 0.0753465 0.0699823 0.0268467 
0.0314968 0.0279407 0.0462597 0.0371323 0.0407007 0.054086 0.0320721 0.0788181 0.0361121 0.0497437 0.0592545 0.0565612 0.0575882 0.0291877 0.103135 0.0151134 0.0302524 0.0921306 0.0967384 0.0256765 
0.031595 0.0234039 0.0429357 0.0355237 0.0402374 0.0496466 0.0279073 0.0544224 0.0276327 0.0460075 0.0677299 0.0487449 0.0634693 0.0265854 0.121807 0.0149966 0.0302205 0.103208 0.119126 0.0248026 
0.0991323 0.0304759 0.0587228 0.0780708 0.0628739 0.0311706 0.0402356 0.0229346 0.053938 0.0503876 0.0148828 0.0221492 0.0187525 0.0911443 0.0227673 0.100983 0.0987524 0.0366632 0.027147 0.0388177 
0.0856799 0.0359732 0.0547766 0.0723533 0.0547857 0.0326665 0.0514153 0.0323614 0.0728894 0.0505278 0.0144037 0.0289896 0.0205791 0.105444 0.0210641 0.0870157 0.0835013 0.035018 0.0251296 0.0354261 
0.0698399 0.0417189 0.0506108 0.0648379 0.0453357 0.0344591 0.0641298 0.0489474 0.0941667 0.0505968 0.0141002 0.0409235 0.0241097 0.113104 0.0202321 0.0676493 0.0667038 0.0338353 0.0232512 0.031448 
0.0551805 0.0453002 0.0474507 0.0569005 0.0373329 0.037182 0.0737778 0.071617 0.108683 0.0509112 0.0143173 0.0574021 0.0296261 0.107378 0.0214296 0.0475855 0.0518473 0.0351362 0.0228362 0.0281065 
0.0444175 0.0448948 0.0457614 0.0505844 0.0328566 0.0411715 0.0761172 0.0940434 0.108875 0.0518587 0.0157682 0.0749215 0.037049 0.0889836 0.0258339 0.0317895 0.0412972 0.0417981 0.0258472 0.0261311 
0.0377618 0.040475 0.0445461 0.0466735 0.0315904 0.0455744 0.0701531 0.106562 0.0945758 0.0534123 0.0195317 0.0880635 0.0468015 0.0654209 0.0349916 0.0219058 0.0353209 0.0566205 0.0349177 0.0251022 
0.034249 0.0335479 0.0424907 0.0441896 0.0318237 0.0486258 0.0582827 0.101529 0.0720681 0.0546072 0.0262823 0.0912951 0.05953 0.0447848 0.0500127 0.017098 0.0331706 0.0799471 0.0523257 0.0241403 
0.0328949 0.0266863 0.03955 0.0417773 0.0320953 0.049231 0.0454348 0.0815584 0.0504674 0.0539312 0.0347119 0.083325 0.0739392 0.0316538 0.0685266 0.0157113 0.0334735 0.106169 0.0759611 0.0229022 
0.0326909 0.0219529 0.036814 0.0391846 0.0319466 0.0481299 0.0358806 0.0590179 0.0358665 0.0511164 0.042026 0.069835 0.0868462 0.0255992 0.0850511 0.0158799 0.0345413 0.126989 0.0988929 0.0217411 
0.0327761 0.0194746 0.034949 0.0368906 0.031533 0.0466989 0.0303084 0.0427538 0.0282015 0.0474473 0.046763 0.0574185 0.096566 0.0234864 0.0962577 0.0163117 0.0353692 0.139518 0.116298 0.020982 
0.109989 0.0220577 0.0547653 0.0689378 0.0458467 0.0314457 0.0441098 0.0215071 0.0529052 0.0494802 0.0151763 0.0237203 0.0202489 0.0871385 0.0195571 0.148561 0.089901 0.035305 0.0259415 0.0334079 
0.0971322 0.0246819 0.050632 0.0665144 0.0417902 0.0319285 0.0573812 0.0262043 0.0695985 0.0491177 0.0143474 0.030102 0.0218806 0.0995419 0.0182514 0.131796 0.0787614 0.0339495 0.0244505 0.0319392 
0.0810382 0.0281452 0.0453949 0.0628522 0.0363669 0.0321027 0.0747394 0.0353326 0.091294 0.0488819 0.0135346 0.0425187 0.0250423 0.108792 0.017361 0.105895 0.0656875 0.0328017 0.0229106 0.0293095 
0.064685 0.0315659 0.0402788 0.057972 0.0308831 0.032381 0.0916041 0.0493443 0.110812 0.0490116 0.0129528 0.0623001 0.0303337 0.108149 0.0175043 0.075718 0.0529457 0.0333847 0.0220323 0.0261417 
0.0515523 0.0335506 0.036684 0.0531037 0.0270449 0.0336236 0.101125 0.0654828 0.118619 0.0498257 0.0130053 0.0869772 0.0381116 0.095094 0.0191869 0.0494017 0.0429403 0.0382388 0.0229618 0.0234711 
0.042814 0.0331807 0.0347932 0.0495801 0.0253969 0.0362349 0.0991552 0.0781522 0.110684 0.0514677 0.014279 0.11006 0.0493329 0.0742097 0.0230787 0.0314525 0.0366762 0.0504499 0.0272444 0.0217578 
0.0376353 0.0303679 0.0336091 0.0473389 0.0251153 0.0396249 0.086221 0.0812355 0.0904264 0.0534948 0.0174438 0.122799 0.0659833 0.0527233 0.0302954 0.0214564 0.0341083 0.0725146 0.0369623 0.0206445 
0.0349823 0.0259374 0.0321789 0.0451675 0.0250635 0.0425195 0.0673266 0.072375 0.0660234 0.0546128 0.0225438 0.118624 0.0884326 0.0361761 0.041005 0.017301 0.0345985 0.102604 0.0529261 0.0196026 
0.0340529 0.0215611 0.030461 0.0423918 0.0247187 0.0440075 0.0499368 0.0569892 0.0460866 0.0536693 0.0282393 0.100761 0.112299 0.0265303 0.0526397 0.0166293 0.0366371 0.132196 0.0716506 0.0185435 
0.0339818 0.0185051 0.0289384 0.0395165 0.024191 0.0443109 0.0383526 0.043253 0.0339851 0.0510837 0.0328559 0.0800473 0.132071 0.0221826 0.0618443 0.0172727 0.0386214 0.153443 0.0878441 0.0176999 
0.0998523 0.0198846 0.0482317 0.0573449 0.0320396 0.0320638 0.0611695 0.0236754 0.063447 0.0474368 0.0150651 0.0312832 0.0233278 0.0867785 0.016171 0.184855 0.0687491 0.0314649 0.0238876 0.0332724 
0.0861272 0.0219085 0.043121 0.0563052 0.0294902 0.0313916 0.0818006 0.0278984 0.0816087 0.0464911 0.0140284 0.0426169 0.0262288 0.0949092 0.0157085 0.155495 0.0605562 0.030714 0.0227102 0.0308916 
0.0707429 0.0245656 0.0369905 0.0543667 0.0264083 0.0304312 0.105547 0.0353114 0.101423 0.0461415 0.0130576 0.0629205 0.0312184 0.0972827 0.0158353 0.116069 0.0517225 0.0310766 0.0218496 0.0270404 
0.0569751 0.0270483 0.0316076 0.0517076 0.0237481 0.0300046 0.123776 0.0449523 0.114143 0.0466752 0.0125045 0.0918937 0.0388301 0.0898703 0.0166178 0.0768159 0.0437105 0.0343683 0.0219259 0.0228251 
0.0471124 0.0283393 0.0282954 0.0493503 0.0222234 0.0309451 0.128504 0.0538805 0.113174 0.0481257 0.0128191 0.12347 0.0500902 0.0743078 0.0180646 0.0474189 0.0377599 0.0429902 0.0236184 0.0195105 
0.040979 0.0278811 0.0268315 0.0478319 0.0216024 0.0333442 0.11789 0.058614 0.0990964 0.0501873 0.0144686 0.147475 0.0677603 0.0560978 0.0206833 0.0297137 0.0344751 0.0596435 0.0279542 0.0174718 
0.0374407 0.0256071 0.0261136 0.0464615 0.021109 0.036468 0.0958537 0.0567403 0.0775533 0.0521147 0.0177749 0.15313 0.0949045 0.0400866 0.0252902 0.0208951 0.0340817 0.0857529 0.0362906 0.0163318 
0.0357344 0.0221408 0.0252537 0.0443359 0.0202747 0.0391207 0.0707473 0.0491267 0.056165 0.0528338 0.0222883 0.137063 0.129428 0.0288662 0.0316208 0.0178372 0.0360162 0.117215 0.0483289 0.0156051 
0.035283 0.018765 0.0241138 0.0416265 0.0192773 0.0405633 0.050925 0.0401429 0.0406604 0.0519461 0.0266827 0.109481 0.162773 0.0225704 0.0378045 0.0177906 0.0387418 0.144938 0.0608651 0.0150518 
0.0354002 0.0163708 0.0229773 0.039103 0.0184378 0.0410656 0.0388806 0.0333752 0.0317568 0.0501734 0.0299157 0.0838854 0.188309 0.019644 0.0422075 0.018681 0.0409325 0.163423 0.0708436 0.0146199 
0.0952096 0.0183263 0.0474514 0.0483786 0.026204 0.0325336 0.0622613 0.0230309 0.057537 0.0460174 0.0160491 0.0323229 0.0241876 0.0730916 0.0144608 0.235871 0.0578519 0.0285726 0.0235268 0.0371171 
0.0851127 0.0195552 0.0432419 0.0484194 0.0251649 0.0313705 0.0837783 0.0245923 0.0706491 0.0442945 0.0150115 0.0415674 0.0268075 0.0787183 0.0144623 0.207878 0.0536352 0.0282177 0.0225774 0.0349475 
0.0727953 0.021508 0.037102 0.0482851 0.0236675 0.0297515 0.112167 0.0280314 0.0872821 0.043281 0.0139025 0.0597056 0.03143 0.0817692 0.0149609 0.164372 0.0488766 0.0286615 0.0218276 0.0306242 
0.0602781 0.0238703 0.0304829 0.0476433 0.0221046 0.028356 0.139194 0.0332226 0.101442 0.0433997 0.0130105 0.0890811 0.0386714 0.0784742 0.0158262 0.113548 0.0437696 0.0310754 0.0216688 0.0248815 
0.050233 0.025729 0.0255439 0.046813 0.0209949 0.0281824 0.152811 0.0386441 0.105744 0.0446594 0.0128029 0.125608 0.0492596 0.0682233 0.0166601 0.0702489 0.038933 0.0370171 0.0223671 0.0195248 
0.0436042 0.0263503 0.0231003 0.0463171 0.0203771 0.0296291 0.147475 0.0423114 0.0982571 0.0465705 0.0136992 0.159007 0.0656621 0.0545649 0.0174397 0.0420859 0.0352287 0.0483248 0.0241412 0.0158541 
0.0396057 0.0254575 0.0223157 0.0459189 0.019734 0.0322762 0.126009 0.0428522 0.0824543 0.0485521 0.0160187 0.176842 0.0924835 0.0414368 0.0188108 0.0269061 0.0335152 0.0671273 0.0277432 0.0139409 
0.0373616 0.023063 0.0218926 0.0448234 0.0185845 0.03514 0.0961622 0.0400333 0.0636851 0.0500155 0.0197392 0.169884 0.131968 0.031021 0.0214066 0.0201756 0.034229 0.093534 0.0340457 0.0132366 
0.0364575 0.0198192 0.0210638 0.0428286 0.0170687 0.0371585 0.0681326 0.03536 0.0473235 0.0504877 0.0240025 0.141691 0.177289 0.02404 0.02483 0.0183756 0.036677 0.122018 0.0422815 0.0130965 
0.0364423 0.0168615 0.0198895 0.0406136 0.0157229 0.038045 0.0486646 0.0311026 0.0362628 0.0500874 0.0275702 0.108065 0.21657 0.0200989 0.0278831 0.0188127 0.0393626 0.144808 0.0500884 0.0130494 
0.080417 0.0189081 0.0444644 0.0418228 0.0228457 0.0317074 0.0813517 0.0233531 0.0619811 0.0425744 0.0160146 0.0401117 0.0265111 0.0654352 0.0133317 0.253976 0.0472317 0.0258891 0.0225017 0.0395704 
0.0717389 0.0203323 0.0391275 0.0422463 0.0221375 0.0297654 0.110731 0.0247544 0.0742089 0.0409258 0.0149597 0.0545415 0.0305856 0.0677477 0.0141622 0.212937 0.0453955 0.0263966 0.0217971 0.0355109 
0.0618078 0.0224072 0.0321283 0.0427226 0.0212824 0.0277435 0.144293 0.0274099 0.0871019 0.0404887 0.0139143 0.0807427 0.0372471 0.0665855 0.0154086 0.156595 0.0431389 0.0283504 0.0215494 0.0290848 
0.052549 0.0244634 0.025729 0.043172 0.0205754 0.0267164 0.16815 0.0306073 0.0944569 0.0415151 0.0133149 0.118047 0.0469832 0.0603513 0.0164752 0.100207 0.0400506 0.0327352 0.021949 0.0219535 
0.0456879 0.025617 0.021882 0.0437479 0.0201193 0.027389 0.171126 0.0330761 0.0923796 0.0434282 0.0136462 0.157539 0.0613618 0.0507063 0.0169047 0.0591474 0.0365562 0.0405309 0.022847 0.0163065 
0.041312 0.0254919 0.0204643 0.0443134 0.0195816 0.0295276 0.153599 0.0339849 0.0823213 0.0454073 0.015232 0.186324 0.08481 0.0406919 0.0170278 0.0355581 0.0338114 0.053201 0.0243397 0.0130016 
0.0386795 0.0239765 0.0200985 0.044254 0.0184649 0.0323086 0.12284 0.0331652 0.0679347 0.047032 0.0182308 0.192297 0.122673 0.0321287 0.0176436 0.0240094 0.0329392 0.0724131 0.0272111 0.011701 
0.0373491 0.0211918 0.0195268 0.0431587 0.0167015 0.0346738 0.0889437 0.0310846 0.0530647 0.0481517 0.0222504 0.171233 0.173547 0.0256342 0.0191655 0.0195503 0.0342285 0.096892 0.0319995 0.0116529 
0.0370792 0.0179617 0.0183778 0.0414603 0.0148667 0.0359349 0.0616715 0.0287889 0.0410926 0.048761 0.0261499 0.134547 0.225035 0.0213088 0.0211045 0.0188593 0.0367007 0.120561 0.0377155 0.0120262 
0.0373941 0.0153062 0.0170292 0.0398796 0.0135171 0.0363264 0.0446596 0.0271042 0.0332561 0.0490481 0.0289459 0.0997802 0.264848 0.0188436 0.0226806 0.0196031 0.0389988 0.137818 0.0426974 0.0122634 
