20 hexa 10 10 gaussian
#SNAPSHOT FILE
#iterations: 9000 (40000 total)
0.0381432 0.0943582 0.0645196 0.0650369 0.0960531 0.0583306 0.0267454 0.0519915 0.032493 0.0420054 0.0321387 0.0255035 0.0173225 0.0453822 0.0390683 0.0494884 0.0587346 0.0253847 0.0350536 0.102247 
0.037714 0.0900454 0.0641155 0.0621927 0.0922108 0.0602919 0.0279105 0.0554688 0.0328853 0.042215 0.0373967 0.0271661 0.0195233 0.0449688 0.0436294 0.0464963 0.0563126 0.0268776 0.0377402 0.0948395 
0.0370774 0.0848231 0.0633668 0.0589153 0.0876174 0.0620023 0.0291672 0.0590612 0.0331568 0.0423236 0.0443658 0.0291635 0.0223769 0.0442416 0.0495367 0.0430482 0.0534098 0.0288032 0.0411329 0.0864103 
0.0362335 0.0786812 0.0622167 0.055301 0.0823454 0.0632305 0.0304172 0.0624778 0.0332212 0.0423132 0.0531687 0.0314858 0.0259267 0.0431561 0.0568094 0.0392429 0.0500911 0.0311736 0.0452232 0.0772854 
0.03522 0.071784 0.0606622 0.0515252 0.0765871 0.0637651 0.0315444 0.0653747 0.0330098 0.0421763 0.0636501 0.0340639 0.0301223 0.0417216 0.0652451 0.0352648 0.0464988 0.0339379 0.0498866 0.0679604 
0.034109 0.0644851 0.0587733 0.0478207 0.0706432 0.0634832 0.0324452 0.0674404 0.0324954 0.0419226 0.0753202 0.0367688 0.0348021 0.0400115 0.0744007 0.0313564 0.0428429 0.0369756 0.0548801 0.0590238 
0.0329906 0.057255 0.0566852 0.0444226 0.0648618 0.0624023 0.0330608 0.0684892 0.031707 0.0415787 0.087421 0.0394423 0.0397185 0.0381517 0.0836709 0.0277588 0.0393551 0.0401203 0.0598887 0.0510197 
0.0319484 0.0505508 0.0545632 0.0415062 0.0595503 0.0606811 0.0333963 0.0685126 0.0307232 0.0411814 0.0991112 0.0419439 0.0446056 0.0362877 0.0924446 0.0246459 0.0362284 0.0432012 0.0646076 0.0443108 
0.0310399 0.0446974 0.0525547 0.0391508 0.0549034 0.058562 0.0335163 0.06766 0.0296487 0.0407657 0.109676 0.0441916 0.0492522 0.0345465 0.100253 0.0220882 0.0335724 0.0460887 0.0688185 0.039015 
0.0302889 0.0398363 0.0507553 0.037345 0.0509809 0.0562953 0.0335189 0.0661695 0.0285859 0.040357 0.118658 0.046174 0.0535449 0.0330101 0.10684 0.0200603 0.0314081 0.0487158 0.07242 0.0350362 
0.0415868 0.0866847 0.0626349 0.0632583 0.0883764 0.0570673 0.0310712 0.0520656 0.0362352 0.0427109 0.0327978 0.0283069 0.019607 0.0489796 0.0385045 0.0551348 0.0590817 0.0275222 0.0354831 0.0928914 
0.0408443 0.0823137 0.0619001 0.0602905 0.0843769 0.0587968 0.0326295 0.0555161 0.0367161 0.0428975 0.0383416 0.0305703 0.0225255 0.0481654 0.0433049 0.051227 0.0564169 0.0294295 0.0383455 0.0853919 
0.0398257 0.077102 0.0607944 0.0569687 0.0797236 0.0601999 0.0342188 0.0589677 0.0369849 0.0429805 0.0455386 0.0332327 0.0262565 0.0469288 0.049383 0.0467934 0.0532816 0.0318429 0.0418789 0.0770977 
0.0385622 0.0711048 0.0592953 0.0534208 0.0745381 0.0610687 0.0356984 0.062109 0.0369415 0.0429478 0.0543905 0.0362382 0.0308063 0.0452573 0.0566637 0.0420158 0.0497759 0.0347485 0.0460246 0.0683933 
0.0371323 0.0645526 0.0574449 0.049842 0.069051 0.061242 0.0369237 0.064609 0.0365235 0.0427989 0.0646058 0.0394555 0.0360531 0.043213 0.0648481 0.0371694 0.0460785 0.038054 0.0506095 0.0597935 
0.0356485 0.0578286 0.0553541 0.0464574 0.0635679 0.060665 0.0377891 0.0662096 0.0357318 0.0425493 0.0755985 0.0426994 0.0417481 0.0409305 0.0734392 0.0325667 0.0424191 0.041595 0.0553651 0.0518373 
0.0342277 0.0513706 0.0531787 0.0434621 0.0583965 0.059417 0.0382629 0.0668039 0.0346363 0.0422279 0.0866075 0.0457818 0.047572 0.0385861 0.0818556 0.0284748 0.0390216 0.0451724 0.0599921 0.044953 
0.0329611 0.0455486 0.051075 0.0409729 0.0537685 0.0576845 0.0383958 0.0664544 0.0333559 0.0418671 0.0968907 0.0485687 0.0532237 0.0363505 0.0895829 0.025048 0.0360466 0.048606 0.0642393 0.0393599 
0.031897 0.040582 0.0491591 0.0390143 0.0497961 0.0556973 0.038298 0.06535 0.0320228 0.0414947 0.105893 0.0510102 0.0584952 0.0343489 0.0962809 0.0223105 0.0335633 0.0517752 0.067956 0.0350558 
0.0310425 0.0365259 0.0474866 0.03754 0.0464762 0.0536627 0.0381011 0.0637322 0.0307521 0.0411286 0.113319 0.053136 0.0632969 0.0326446 0.101803 0.0201875 0.0315603 0.05463 0.0710972 0.031878 
0.0462015 0.0820465 0.060871 0.0638196 0.0833121 0.053629 0.0346407 0.0486195 0.040003 0.0432431 0.0288416 0.0294196 0.0197239 0.0536426 0.033837 0.0655953 0.0615919 0.0282172 0.0334092 0.0893358 
0.0453731 0.0784745 0.0601277 0.0611519 0.0798801 0.0552701 0.036526 0.0518227 0.0407193 0.0434999 0.0330889 0.0319438 0.0226593 0.0527632 0.037608 0.0612425 0.059208 0.0300784 0.0357592 0.0828037 
0.0441943 0.0741915 0.0590511 0.0581471 0.075861 0.0567196 0.0384961 0.055167 0.0412343 0.0436677 0.0387409 0.0349488 0.0265035 0.0514026 0.0425069 0.0561723 0.0563256 0.0324904 0.0387201 0.0754596 
0.0426816 0.0691706 0.0576043 0.054889 0.0713167 0.0577943 0.0403928 0.0583933 0.0414185 0.0437334 0.0459076 0.0383999 0.0313287 0.0495203 0.0485543 0.0505476 0.0530027 0.0354821 0.0422854 0.067577 
0.0409117 0.0635262 0.0558041 0.0515278 0.0664055 0.0583237 0.0420332 0.0611854 0.0411693 0.0436906 0.054472 0.0421749 0.0370766 0.0471561 0.0555871 0.0446581 0.0493756 0.0390022 0.0463509 0.0595694 
0.0390136 0.0575293 0.0537337 0.0482604 0.0613712 0.058204 0.0432571 0.0632459 0.0404466 0.0435444 0.0640399 0.0460709 0.0435287 0.0444401 0.0632406 0.0388786 0.045651 0.042908 0.0507111 0.0519251 
0.037139 0.0515539 0.0515315 0.0452828 0.056494 0.0574412 0.0439777 0.0643838 0.0392957 0.0433138 0.073991 0.049852 0.0503381 0.0415707 0.0710129 0.0335789 0.0420639 0.0469889 0.0550983 0.0450921 
0.0354219 0.0459733 0.0493538 0.0427366 0.0520187 0.0561531 0.0442111 0.0645679 0.0378363 0.0430255 0.0836263 0.0533198 0.0571207 0.038764 0.0783926 0.0290255 0.0388152 0.0510196 0.0592528 0.0393658 
0.0339482 0.0410608 0.0473321 0.0406799 0.0480976 0.0545268 0.0440643 0.0639151 0.0362272 0.0427066 0.0923422 0.0563663 0.0635566 0.0361984 0.0849824 0.0253276 0.0360261 0.0548183 0.0629863 0.0348372 
0.0327469 0.0369441 0.045544 0.0390935 0.0447743 0.0527589 0.0436945 0.0626339 0.0346222 0.0423768 0.0997444 0.0589866 0.0694543 0.0339819 0.0905595 0.0224479 0.0337282 0.0582783 0.0662103 0.0314197 
0.0505694 0.073456 0.0580915 0.0614935 0.0743243 0.051577 0.0407026 0.0481167 0.0450298 0.0441199 0.028634 0.0331928 0.0227499 0.0579065 0.0325225 0.0729967 0.0616195 0.0306928 0.0334079 0.0787967 
0.04926 0.070051 0.0570303 0.0587988 0.0709143 0.05296 0.0430689 0.0512403 0.0458174 0.0443622 0.032888 0.0365085 0.0266213 0.056459 0.0363305 0.0673345 0.0590431 0.0330545 0.0358153 0.0724426 
0.0475223 0.0660143 0.0556319 0.0558574 0.0670295 0.0541093 0.0454214 0.0544048 0.0462784 0.0445158 0.0384374 0.0403811 0.0316079 0.0544118 0.0411628 0.0608807 0.0559874 0.0360625 0.0387816 0.0655022 
0.0454202 0.0613655 0.0538919 0.0527754 0.0627631 0.0548688 0.0475482 0.0573343 0.04627 0.0445724 0.0452954 0.0447113 0.0377311 0.0517725 0.0469646 0.0539158 0.0525423 0.0397159 0.042261 0.0582807 
0.0430887 0.0562604 0.0518655 0.0497109 0.0582905 0.0551135 0.0492342 0.0597264 0.0457032 0.0445304 0.0532474 0.049295 0.044836 0.0486517 0.0535047 0.0468545 0.048876 0.0439131 0.0461151 0.051183 
0.0407091 0.0509791 0.0496672 0.046843 0.0538432 0.054795 0.0503248 0.0613341 0.0445807 0.0443987 0.0618448 0.0538581 0.0525876 0.0452545 0.0603931 0.0401628 0.0452109 0.0484546 0.0501271 0.0446319 
0.0384628 0.045855 0.0474449 0.0443226 0.0496533 0.0539628 0.0507781 0.0620383 0.0430048 0.0441962 0.0704937 0.0581323 0.0605426 0.0418347 0.0671685 0.0342381 0.0417703 0.0530861 0.0540538 0.0389612 
0.0364848 0.0411807 0.0453383 0.0422335 0.045895 0.0527479 0.0506744 0.0618726 0.0411478 0.0439457 0.0786035 0.0619328 0.0682689 0.0386287 0.0734172 0.0293116 0.0387216 0.0575659 0.0576895 0.0343398 
0.034841 0.0371405 0.0434443 0.0405834 0.0426511 0.0513166 0.0501819 0.0609904 0.0392012 0.0436672 0.0857207 0.0651964 0.0754485 0.0358022 0.0788587 0.0254226 0.036145 0.0617188 0.0609084 0.0307615 
0.033533 0.033795 0.0418035 0.0393251 0.039918 0.0498224 0.0494984 0.0596042 0.0373301 0.0433744 0.0915919 0.0679686 0.0819168 0.0334321 0.0833646 0.0224627 0.0340402 0.0654555 0.0636699 0.0280939 
0.0562442 0.0675441 0.0558717 0.0613636 0.0680469 0.0478952 0.0449468 0.0445372 0.0494551 0.0447363 0.0249646 0.0342359 0.0227732 0.0633805 0.0281036 0.0861526 0.0635089 0.0312144 0.0313209 0.0737048 
0.0548453 0.0649291 0.0548154 0.0589485 0.0651898 0.0491276 0.0476929 0.0473631 0.0505191 0.0450425 0.0280276 0.037796 0.0265778 0.0618888 0.0309629 0.0799983 0.0612691 0.0334774 0.0332217 0.0683075 
0.0529282 0.0618214 0.0534617 0.0563178 0.0619362 0.0502377 0.0505031 0.0503483 0.0512845 0.0452709 0.0321303 0.0420208 0.0315887 0.059737 0.0346828 0.0728077 0.0585422 0.0364259 0.0356123 0.0623428 
0.0505338 0.058176 0.0517899 0.0535401 0.0583284 0.0510978 0.0531506 0.0532704 0.051575 0.0454145 0.0373662 0.0468465 0.0379135 0.0568951 0.0392817 0.064828 0.0553752 0.040112 0.0384895 0.0560159 
0.0477891 0.0540485 0.0498291 0.0507331 0.0544771 0.0515867 0.0553763 0.0558507 0.051251 0.0454689 0.0436634 0.0520885 0.0454876 0.053439 0.0446418 0.056481 0.0518889 0.0444896 0.0417749 0.0496351 
0.0448925 0.0496137 0.0476666 0.0480472 0.050555 0.0516257 0.0569541 0.0578179 0.0502593 0.0454355 0.0507439 0.0574549 0.0540313 0.0495614 0.0504934 0.0483043 0.0482737 0.0493953 0.0453112 0.0435634 
0.0420687 0.0451323 0.045434 0.0456273 0.0467606 0.0512102 0.0577645 0.0589858 0.0486627 0.0453247 0.0581563 0.0626149 0.0630857 0.0455374 0.0564609 0.0408256 0.0447524 0.0545707 0.048892 0.0381336 
0.0395103 0.0408785 0.0432715 0.0435715 0.0432687 0.0504126 0.057833 0.0593038 0.0466269 0.045153 0.0653799 0.0672948 0.072127 0.0416564 0.0621556 0.0344267 0.0415235 0.0597272 0.0523151 0.0335645 
0.0373342 0.0370664 0.0412904 0.0419106 0.0401886 0.049356 0.0573139 0.0588559 0.0443704 0.0449377 0.0719521 0.0713486 0.0807015 0.0381503 0.06727 0.0292668 0.0387139 0.0646184 0.0554321 0.0299227 
0.0355738 0.0338106 0.0395515 0.0406163 0.0375523 0.0481732 0.0564311 0.0578156 0.0421048 0.0446926 0.0775589 0.0747695 0.0885125 0.0351536 0.0716245 0.0252969 0.0363664 0.0690839 0.0581704 0.0271417 
0.0606957 0.0591875 0.0525214 0.0586779 0.0590919 0.0454316 0.0521008 0.0437001 0.0550977 0.0456817 0.0241371 0.0387293 0.0263623 0.0674204 0.0264579 0.0936618 0.0628895 0.0337186 0.0309789 0.0634581 
0.0586603 0.0569066 0.0512089 0.0563268 0.0564069 0.0464204 0.0553304 0.0464264 0.0561672 0.0459717 0.0270296 0.0431998 0.0312566 0.0652309 0.0292269 0.0858957 0.060524 0.0365359 0.0328495 0.0584256 
0.0560415 0.0542002 0.0496106 0.0538453 0.0534224 0.0472706 0.0584876 0.0492238 0.0567889 0.0461867 0.0308376 0.0484085 0.0375857 0.0622761 0.0327409 0.0770556 0.0577019 0.0401487 0.0351544 0.0530131 
0.0529436 0.05105 0.0477329 0.0513148 0.050196 0.0478803 0.0612863 0.0518554 0.0567782 0.0463232 0.0355851 0.0542104 0.0453891 0.058588 0.0369641 0.0675355 0.0544969 0.0445732 0.0378619 0.0474354 
0.0495649 0.0475335 0.0456357 0.0488526 0.0468416 0.0481647 0.0634381 0.0540552 0.0560206 0.046379 0.0411374 0.0603231 0.0544806 0.0543264 0.041735 0.0579048 0.051055 0.0497025 0.0408714 0.0419781 
0.0461608 0.0438222 0.0434282 0.0465867 0.043513 0.048085 0.0647371 0.0555963 0.0545208 0.0463575 0.047193 0.0663754 0.0644385 0.0497648 0.0467777 0.0487983 0.0475771 0.0553035 0.0440242 0.0369402 
0.0429804 0.0401404 0.0412432 0.0446183 0.0403666 0.0476643 0.0651278 0.0563567 0.0524128 0.0462678 0.053339 0.0720071 0.0746905 0.0452305 0.051762 0.0407564 0.0442719 0.0610656 0.04714 0.0325589 
0.0402033 0.0367003 0.0392007 0.0429943 0.037522 0.0469786 0.0647195 0.0563457 0.049922 0.0461229 0.059153 0.0769702 0.0846618 0.0410205 0.0563868 0.0340962 0.0413026 0.0666797 0.050065 0.0289552 
0.0379112 0.0336509 0.0373789 0.0417043 0.0350387 0.0461293 0.0637384 0.0556832 0.0472989 0.0459344 0.0642984 0.0811777 0.093907 0.0373385 0.0604423 0.0288753 0.038756 0.0719082 0.0527031 0.0261255 
0.0360969 0.0310601 0.0358072 0.0407 0.0329182 0.0452131 0.0624522 0.0545503 0.04476 0.0457115 0.0685761 0.084683 0.102168 0.0342744 0.0638271 0.0249497 0.0366432 0.0766126 0.0550205 0.0239763 
0.066527 0.0532343 0.0502743 0.0581061 0.0530427 0.0420466 0.0560556 0.0403812 0.0593338 0.0462517 0.0211314 0.039275 0.025988 0.0727697 0.0228063 0.107689 0.0638665 0.0337641 0.0291042 0.0583527 
0.06444 0.0516489 0.0490002 0.0559913 0.0508438 0.0428687 0.0596325 0.0428065 0.0606794 0.0465922 0.0230734 0.0438653 0.0306406 0.0706073 0.0248125 0.0995567 0.0618646 0.0363926 0.0305293 0.0541546 
0.0616818 0.0497645 0.0474768 0.0537737 0.0484122 0.0436313 0.0632434 0.0453983 0.0616326 0.0468639 0.0257102 0.0493097 0.0367833 0.0676343 0.0274163 0.0900861 0.0594192 0.0398364 0.0323247 0.0496016 
0.0583225 0.0475169 0.0456939 0.0515072 0.045767 0.0442578 0.0665966 0.0479682 0.0619762 0.0470656 0.0291179 0.0555181 0.0445576 0.0638354 0.0306314 0.0796121 0.0565627 0.0441722 0.0344906 0.0448304 
0.0545411 0.0449068 0.0436849 0.0492781 0.0429718 0.044674 0.069361 0.0502766 0.0615384 0.0471958 0.0332648 0.0622456 0.0538949 0.0593218 0.0343799 0.0686894 0.0533936 0.0493614 0.0369732 0.0400474 
0.0506046 0.0420184 0.0415342 0.0471916 0.0401325 0.0448277 0.0712487 0.0520837 0.0602548 0.0472534 0.037981 0.0691127 0.0644603 0.0543414 0.0384803 0.0580162 0.0500752 0.0552233 0.0396621 0.035498 
0.0468072 0.0390063 0.0393605 0.0453437 0.0373754 0.0447085 0.072108 0.0532159 0.0582042 0.0472418 0.042975 0.0756926 0.075691 0.0492349 0.0426774 0.0482749 0.0468056 0.0614565 0.0424109 0.0314096 
0.0433948 0.0360528 0.0372851 0.0437905 0.0348154 0.044351 0.0719714 0.0536134 0.0555928 0.0471678 0.0478987 0.0816312 0.0869304 0.0443526 0.0467047 0.0399598 0.0437677 0.0677116 0.0450749 0.0279337 
0.0405116 0.0333164 0.0354006 0.0425361 0.0325277 0.0438215 0.0710352 0.0533344 0.0526922 0.0470401 0.0524318 0.0867353 0.0975907 0.0399706 0.0503469 0.0332801 0.0410856 0.0736776 0.0475467 0.0251194 
0.0381915 0.0309004 0.033754 0.0415441 0.0305395 0.0431946 0.069586 0.0525213 0.0497663 0.0468663 0.0563461 0.0909873 0.107264 0.0362456 0.0534743 0.0281761 0.0388089 0.0791381 0.0497719 0.0229244 
0.0700055 0.046414 0.0469494 0.0554396 0.0455982 0.0397288 0.063224 0.0395997 0.0646446 0.0471112 0.0201199 0.0440339 0.0298045 0.0756134 0.0213699 0.113165 0.06258 0.0360292 0.0286511 0.0499181 
0.0671966 0.0452058 0.045499 0.0534425 0.0436315 0.0403615 0.0671991 0.0419398 0.0658998 0.0474277 0.0218561 0.0495569 0.0356021 0.0727094 0.0232573 0.103336 0.0605091 0.0392313 0.0300167 0.0461218 
0.0636839 0.043735 0.0438145 0.0514069 0.0414928 0.0409327 0.0710418 0.0443666 0.066604 0.0476797 0.024185 0.05599 0.04311 0.068921 0.0256413 0.0922012 0.05803 0.0433607 0.0317071 0.042096 
0.0596115 0.0419511 0.041908 0.0493937 0.0392079 0.041386 0.0744022 0.0466781 0.0665397 0.0478678 0.0271373 0.0631482 0.0523824 0.0643034 0.0284987 0.0802573 0.0551968 0.0484495 0.0337027 0.0379779 
0.0552349 0.0398651 0.0398383 0.0474855 0.0368396 0.0416719 0.0769297 0.0486439 0.0655733 0.0479903 0.0306436 0.070679 0.0632068 0.0590572 0.0317249 0.0682116 0.0521287 0.0543872 0.0359356 0.0339536 
0.0508741 0.037558 0.0377052 0.0457676 0.0344794 0.0417632 0.0783738 0.050062 0.0637119 0.0480464 0.034524 0.0781223 0.0750888 0.0535093 0.0351403 0.0568469 0.0489965 0.0609132 0.0382965 0.0302207 
0.0468343 0.0351619 0.0356251 0.0442996 0.0322259 0.0416649 0.078668 0.0508162 0.0611158 0.0480382 0.0385203 0.0850317 0.087347 0.0480413 0.0385287 0.0468287 0.045984 0.0676684 0.0406607 0.0269393 
0.0433307 0.0328213 0.0336994 0.0430976 0.0301585 0.0414112 0.0779441 0.0509028 0.0580524 0.0479702 0.0423579 0.0910958 0.0992825 0.0429948 0.0416909 0.0385487 0.0432406 0.0742856 0.0429207 0.0241945 
0.0404546 0.0306557 0.0319915 0.0421365 0.0283224 0.0410516 0.0764773 0.0504167 0.0548198 0.0478474 0.0458082 0.0961963 0.110335 0.0386004 0.0444861 0.032081 0.0408519 0.0804698 0.0450086 0.0219898 
0.0381883 0.0287394 0.0305233 0.0413681 0.0267278 0.0406353 0.0745961 0.0495129 0.0516762 0.0476748 0.0487271 0.100387 0.120155 0.0349569 0.0468441 0.0272496 0.0388372 0.0860356 0.0468979 0.020268 
0.0751577 0.0414929 0.0451401 0.0547928 0.0409157 0.0370705 0.0660246 0.036856 0.0679776 0.0475145 0.0179853 0.0437765 0.0288301 0.0800703 0.018769 0.126169 0.0627557 0.035501 0.0271844 0.0460167 
0.0723784 0.040808 0.043758 0.0529732 0.0393221 0.03756 0.0702568 0.0389258 0.0694853 0.0478678 0.019068 0.0492329 0.0341708 0.0773057 0.0201227 0.116261 0.0610314 0.0384171 0.0282022 0.0428531 
0.0688207 0.0399639 0.042169 0.0511271 0.0376018 0.0380364 0.0744909 0.0411585 0.0705249 0.048159 0.020581 0.0557093 0.041225 0.0736341 0.0218622 0.104789 0.0589238 0.0422542 0.0294956 0.0394738 
0.0645827 0.038882 0.0403693 0.0492974 0.0357545 0.0384615 0.0783831 0.0433926 0.0708509 0.0483909 0.0225854 0.0630928 0.0501577 0.0690546 0.023995 0.0921615 0.0564515 0.0471075 0.0310678 0.0359618 
0.0598879 0.0375209 0.0383947 0.0475471 0.0338089 0.0387965 0.0815454 0.0454218 0.07027 0.0485636 0.0250773 0.0710878 0.0608942 0.0637071 0.0264708 0.079041 0.0536898 0.0529438 0.032884 0.0324477 
0.0550584 0.0358961 0.0363237 0.0459488 0.0318233 0.0390114 0.0836433 0.0470372 0.0687117 0.048675 0.0279666 0.0792414 0.0730553 0.0578793 0.0291744 0.0662535 0.0507727 0.0595678 0.0348698 0.0290905 
0.0504415 0.0340813 0.0342627 0.0445623 0.0298735 0.0390943 0.0845008 0.0480835 0.0662685 0.0487234 0.0310827 0.0870445 0.0859981 0.0519563 0.0319442 0.0546031 0.0478685 0.0666442 0.0369256 0.0260413 
0.046322 0.0321876 0.0323162 0.0434132 0.0280337 0.0390551 0.0841569 0.0485011 0.0631767 0.0487095 0.0342115 0.0940723 0.0989636 0.0463278 0.0346109 0.0446714 0.0451375 0.0737759 0.0389522 0.0234049 
0.0428616 0.0303313 0.0305612 0.0424877 0.0263585 0.0389201 0.0828406 0.0483334 0.0597468 0.0486358 0.0371478 0.100086 0.111259 0.0412968 0.0370374 0.0367063 0.0426935 0.0806008 0.0408751 0.0212202 
0.0400908 0.0286059 0.0290352 0.0417443 0.0248749 0.0387214 0.080888 0.0477013 0.0562804 0.0485054 0.0397369 0.105052 0.122386 0.0370325 0.0391405 0.0306391 0.0405872 0.0868563 0.042655 0.019467 
0.0770961 0.0367692 0.0422982 0.0524664 0.0356146 0.0352495 0.0724272 0.0363747 0.0723785 0.0481809 0.0171127 0.0484625 0.0326216 0.0813104 0.0178259 0.12843 0.0610964 0.0374842 0.0268242 0.0399771 
0.0735888 0.0363991 0.0407978 0.0507709 0.0342247 0.0356172 0.0769385 0.0383858 0.0737071 0.0485039 0.0180419 0.0548225 0.0390971 0.0778376 0.0190904 0.116938 0.0593298 0.0409788 0.0277984 0.0371326 
0.0693074 0.0358764 0.0391015 0.0490883 0.0327342 0.0359772 0.0812641 0.0404864 0.0744071 0.0487699 0.0193368 0.062233 0.0474795 0.0734168 0.0206666 0.103985 0.0572111 0.0454993 0.0290183 0.0341417 
0.0644286 0.0351282 0.0372262 0.0474664 0.0311476 0.0363038 0.0850071 0.0425017 0.0742419 0.0489812 0.0210306 0.0704758 0.0578273 0.0681228 0.0225378 0.0901466 0.0547774 0.0510867 0.0304735 0.0310888 
0.0592518 0.0341195 0.03523 0.045966 0.0294947 0.036572 0.0877728 0.0442323 0.0730689 0.0491359 0.0230961 0.0791416 0.0699037 0.0621849 0.0246374 0.0762321 0.0521232 0.0576244 0.0321189 0.0280938 
0.0541434 0.0328677 0.0332051 0.0446444 0.0278277 0.0367642 0.0892826 0.0455017 0.0709005 0.049231 0.0254364 0.0876996 0.08316 0.0559638 0.026853 0.0631308 0.04939 0.0648298 0.0338808 0.025288 
0.0494466 0.0314397 0.0312545 0.0435354 0.0262087 0.0368752 0.0894644 0.0462056 0.0679167 0.0492638 0.0279009 0.0956342 0.0968379 0.0498726 0.0290509 0.0515953 0.0467346 0.0723083 0.0356732 0.0227818 
0.0453983 0.0299314 0.0294648 0.0426369 0.0246938 0.0369126 0.0884688 0.0463369 0.0644147 0.0492345 0.0303212 0.102581 0.110154 0.0442755 0.0311083 0.0420691 0.0442886 0.0796508 0.0374214 0.0206385 
0.0420927 0.0284401 0.0278884 0.0419161 0.0233213 0.0368924 0.0866077 0.0459761 0.0607235 0.0491443 0.0325499 0.108392 0.122466 0.0394157 0.0329389 0.0346362 0.0421311 0.0865218 0.0390768 0.0188689 
0.0395011 0.027044 0.0265413 0.0413275 0.0221091 0.0368314 0.0842547 0.0452584 0.0571293 0.048996 0.0344876 0.113117 0.133363 0.0353941 0.0345012 0.0290978 0.0402844 0.0927011 0.0406182 0.0174434 
