20 hexa 10 10 gaussian
#SNAPSHOT FILE
#iterations: 29000 (40000 total)
0.0315699 0.0944789 0.0601732 0.0845043 0.127981 0.0482558 0.0170796 0.0354952 0.0244828 0.0409101 0.0220445 0.0168484 0.0138278 0.0351616 0.035053 0.0338939 0.0651614 0.0226445 0.0310084 0.159428 
0.0306418 0.11036 0.0628026 0.0751942 0.118207 0.0557518 0.0183705 0.0444842 0.0253233 0.0409253 0.0238145 0.0188422 0.0145301 0.0377625 0.0366325 0.031808 0.0622937 0.0230256 0.0304511 0.138781 
0.0295134 0.126402 0.0663918 0.0633138 0.105205 0.0661769 0.019723 0.0581208 0.0260756 0.0408955 0.027483 0.0212995 0.0156677 0.0404329 0.0402441 0.029379 0.0574972 0.0234779 0.0302443 0.112458 
0.0282805 0.135334 0.0700832 0.050959 0.0914121 0.0777053 0.0206786 0.0748461 0.0263667 0.0408183 0.0347398 0.0237565 0.0172511 0.0420907 0.0475888 0.0265984 0.0509085 0.0239915 0.0312872 0.0853044 
0.0271439 0.131459 0.072451 0.0405474 0.0795804 0.0867723 0.0209856 0.0903993 0.0259816 0.0406167 0.0479181 0.0257833 0.0191547 0.0420075 0.0600235 0.0237612 0.0435133 0.0247222 0.0346004 0.0625788 
0.0262541 0.114779 0.0723226 0.0333515 0.0710654 0.0897405 0.0207861 0.0994899 0.0249369 0.040153 0.0691242 0.0272236 0.0212935 0.0402716 0.0777613 0.0211685 0.0365518 0.0259052 0.0409487 0.0468732 
0.0256449 0.0908743 0.069564 0.0292423 0.0655565 0.0851108 0.0204368 0.0987161 0.0234288 0.0393409 0.0980397 0.0281149 0.0236821 0.0375993 0.0991109 0.0189351 0.0309088 0.0276268 0.0503433 0.037723 
0.0252949 0.067335 0.0652352 0.0274101 0.0620509 0.0748233 0.0202093 0.0889855 0.0217805 0.0382666 0.129996 0.0285332 0.0262791 0.0348507 0.120393 0.0170652 0.0269491 0.0296985 0.061622 0.0332231 
0.0251835 0.0494177 0.0608621 0.0269741 0.0596461 0.0631185 0.0201639 0.0750948 0.020331 0.0371637 0.15792 0.0286152 0.0289241 0.0326168 0.137733 0.0155751 0.0245645 0.0318306 0.0728858 0.031382 
0.0252981 0.0381022 0.057406 0.0272497 0.0577351 0.0535293 0.0202443 0.0621321 0.0192725 0.0362483 0.177083 0.028606 0.0315371 0.0310603 0.149337 0.0145035 0.0233469 0.0339181 0.0826551 0.0307366 
0.0362467 0.0942572 0.0631889 0.0822673 0.115097 0.0492115 0.0202532 0.0381591 0.0277837 0.0429477 0.021914 0.0182322 0.0144359 0.0428816 0.0328146 0.0387414 0.0718613 0.0254804 0.0302435 0.133985 
0.034743 0.110114 0.0654284 0.0714503 0.104201 0.0574027 0.0223543 0.0496829 0.0294714 0.0430587 0.0240485 0.0210195 0.0155759 0.0458832 0.0347247 0.0351436 0.0672726 0.0258629 0.029791 0.112772 
0.0328504 0.123148 0.0680554 0.0589085 0.0913774 0.0678111 0.024353 0.0656627 0.0308695 0.0430799 0.0284884 0.0243449 0.0173339 0.0479507 0.0392807 0.0310301 0.0602563 0.0263407 0.0300988 0.0887597 
0.030844 0.126572 0.0701554 0.0471897 0.0792472 0.0779715 0.0256198 0.0831071 0.031378 0.0429541 0.0371008 0.0276561 0.0196578 0.0479434 0.0481096 0.0268188 0.0516569 0.0271295 0.032275 0.0666134 
0.0290842 0.117144 0.0705564 0.0383472 0.0698695 0.0843401 0.025864 0.0967085 0.0306685 0.0425605 0.0521377 0.0304304 0.0224285 0.0456238 0.062208 0.023091 0.0429732 0.0285708 0.0374927 0.0499008 
0.0277927 0.0975109 0.0686054 0.0328949 0.0636567 0.0841949 0.0252758 0.101408 0.0288058 0.0417772 0.074837 0.0323356 0.0256214 0.0417535 0.0811446 0.0201459 0.0355187 0.0308827 0.0464633 0.0393748 
0.0270132 0.0743712 0.064723 0.0301846 0.0598361 0.0774911 0.0243082 0.0955516 0.0262282 0.0406085 0.103083 0.0332193 0.0291978 0.0375369 0.102354 0.0179504 0.0299941 0.0338978 0.0586809 0.0337705 
0.0266836 0.054385 0.0602139 0.0292316 0.0574059 0.0672166 0.0233921 0.0824054 0.02361 0.0392577 0.130996 0.033198 0.0329269 0.0339821 0.121753 0.0163508 0.0264764 0.0371103 0.072146 0.0312584 
0.0266959 0.0406511 0.0563161 0.0292042 0.0556173 0.0572806 0.0227615 0.0677822 0.0215132 0.0380098 0.15264 0.0327037 0.0365471 0.0314994 0.136158 0.0152306 0.0245673 0.0400896 0.0844422 0.0302914 
0.0269434 0.0325723 0.0534783 0.0295805 0.0540088 0.0499755 0.0224705 0.0559353 0.0201339 0.0370515 0.165729 0.032278 0.040088 0.0299594 0.14483 0.0145284 0.0237054 0.0427789 0.0940676 0.029888 
0.0445327 0.0776406 0.0641611 0.0874838 0.106289 0.0437937 0.0228078 0.032976 0.0309944 0.045048 0.020415 0.017877 0.0143075 0.0505848 0.0288485 0.0514078 0.0818366 0.0287647 0.0297495 0.120484 
0.0427548 0.0906395 0.0650914 0.0786148 0.0980668 0.0494463 0.0256757 0.0418826 0.0336826 0.0454568 0.0215002 0.0207905 0.0154101 0.0540111 0.0296571 0.0460589 0.0778717 0.029079 0.0293235 0.104988 
0.0401899 0.104299 0.0661543 0.0670796 0.0874534 0.0575077 0.0290065 0.05562 0.036526 0.0457678 0.023913 0.024855 0.0172794 0.0566673 0.032062 0.0398125 0.0709564 0.0294447 0.0292281 0.0861781 
0.0370671 0.112765 0.0670675 0.0550271 0.0763348 0.0668002 0.0319234 0.0728106 0.0385456 0.0458911 0.0289557 0.0296734 0.0200316 0.0569825 0.0375894 0.0331471 0.0616206 0.0301859 0.0304353 0.0671473 
0.0339399 0.110901 0.0671215 0.044931 0.0668789 0.0747056 0.0335192 0.089192 0.0388491 0.0456928 0.0384882 0.0344787 0.0236192 0.0541716 0.0476206 0.0270587 0.0513984 0.0318233 0.0342801 0.0513303 
0.0313594 0.0980214 0.0655742 0.0381106 0.0601987 0.0782838 0.0333989 0.0991087 0.0370918 0.045041 0.0542729 0.0383877 0.028002 0.0488358 0.0626783 0.0223183 0.0420226 0.0348115 0.0420321 0.0404506 
0.0296137 0.0784022 0.062291 0.0343714 0.0560504 0.07601 0.031844 0.0986519 0.0336402 0.0438854 0.0762339 0.0406588 0.0331386 0.0425221 0.0815916 0.019077 0.0346491 0.0391505 0.054066 0.034152 
0.0287145 0.0585232 0.0580411 0.0327453 0.0535534 0.0689897 0.0296154 0.0885222 0.0294729 0.0423573 0.100829 0.041041 0.0387172 0.0368406 0.101124 0.0170506 0.029662 0.0441918 0.0689546 0.0310538 
0.0284752 0.0431834 0.0539987 0.0322571 0.0518747 0.0603431 0.0275372 0.0738221 0.0257172 0.0407603 0.122496 0.0400493 0.044189 0.0327123 0.117438 0.0158478 0.0267784 0.0490094 0.0837887 0.0297216 
0.0286317 0.0334879 0.0508831 0.0322695 0.0504702 0.0529249 0.0260903 0.0601366 0.0230245 0.0393903 0.137548 0.0386609 0.0492559 0.0301576 0.128444 0.0151718 0.025356 0.0530549 0.0959149 0.0291278 
0.0535228 0.0708518 0.0645416 0.0827276 0.0865652 0.0429128 0.0296749 0.0353021 0.0385984 0.0474604 0.019579 0.0209106 0.0152674 0.0639498 0.0249634 0.064823 0.086684 0.0325436 0.0286213 0.0905014 
0.0504709 0.0822421 0.0641669 0.0733224 0.0787359 0.0482164 0.0344437 0.0458758 0.0430069 0.0481777 0.0206017 0.0254581 0.0171013 0.0673813 0.0259556 0.0557921 0.0806163 0.0327984 0.0283885 0.077248 
0.0462516 0.0923631 0.0634718 0.0623218 0.0697749 0.0552347 0.0395889 0.0607262 0.0470669 0.0487455 0.023066 0.0317229 0.0201036 0.0684751 0.0288846 0.0455517 0.0715011 0.0333771 0.0288895 0.0628833 
0.0414514 0.0962081 0.0623634 0.0520183 0.061345 0.0625973 0.0436728 0.077302 0.0492495 0.0489631 0.0282691 0.0390514 0.0244493 0.0657256 0.0350973 0.0355198 0.060588 0.0350085 0.0313231 0.0497967 
0.0369697 0.0907287 0.0604868 0.0442989 0.0548313 0.0680485 0.0453404 0.090653 0.0484595 0.0486565 0.0377894 0.0460843 0.0302147 0.0591832 0.0456087 0.0272612 0.0497854 0.038487 0.0371877 0.0399252 
0.0335325 0.0771372 0.0575487 0.0396318 0.0505679 0.0695779 0.044092 0.0957217 0.0446435 0.0477401 0.0525573 0.0511722 0.0374282 0.0505059 0.0603982 0.0215227 0.0407132 0.0441927 0.0476071 0.0337095 
0.0314332 0.0601336 0.0537818 0.0373003 0.0480239 0.0667135 0.0405752 0.0905776 0.0388743 0.0462688 0.0712991 0.0531317 0.0457672 0.0419652 0.0776553 0.0181241 0.0341792 0.0516142 0.0621968 0.0303855 
0.0305392 0.0449089 0.0499646 0.0362615 0.0464344 0.0609912 0.0362623 0.0781559 0.0328874 0.0444882 0.0901915 0.0520816 0.0543326 0.0352879 0.0940209 0.0164048 0.0301557 0.0593826 0.078438 0.0288117 
0.030441 0.0342025 0.0468359 0.0357689 0.045216 0.0548479 0.0325638 0.0641144 0.0281118 0.0427505 0.105276 0.0494332 0.0621964 0.0309765 0.106524 0.0156675 0.0280301 0.0661101 0.0928937 0.0280414 
0.0307 0.0278574 0.0446061 0.0354917 0.0440458 0.0499586 0.0301314 0.0527439 0.0250197 0.0413245 0.115052 0.0468314 0.0691356 0.0285403 0.114203 0.0154289 0.0270624 0.0711916 0.103166 0.0275109 
0.0659362 0.0533489 0.0627712 0.0821421 0.0716567 0.0381231 0.0340757 0.0303697 0.0437527 0.0485387 0.0182038 0.0216305 0.0153874 0.0734687 0.0208294 0.0925984 0.0906257 0.0351556 0.0277171 0.0736702 
0.0627303 0.0611569 0.0615443 0.075457 0.0663781 0.0409868 0.0401101 0.0376683 0.0494817 0.0495438 0.0183597 0.0263454 0.0170171 0.0775808 0.0211152 0.0808412 0.0860097 0.0353867 0.0274703 0.0648172 
0.0577482 0.0700236 0.059546 0.0667131 0.0599888 0.045285 0.0476382 0.0489309 0.0557107 0.0505574 0.0191426 0.0336635 0.0199397 0.0797813 0.0224019 0.0664762 0.0781934 0.0357733 0.0275318 0.0549546 
0.0514022 0.076444 0.0570462 0.0575732 0.0534094 0.0506324 0.0550948 0.0632037 0.0604892 0.0513159 0.0213472 0.0434625 0.0246352 0.0779535 0.0256899 0.0511656 0.0679245 0.0371618 0.0287586 0.0452901 
0.044767 0.0768031 0.054234 0.0499468 0.0477975 0.0558432 0.0601557 0.0771404 0.0617869 0.0515597 0.0260949 0.0543428 0.0314767 0.0712273 0.0320046 0.0374422 0.0568828 0.0406698 0.0324914 0.0373334 
0.0390624 0.069913 0.0511102 0.0448523 0.0438103 0.0593401 0.0609526 0.0859972 0.0586781 0.0511481 0.0344638 0.0637741 0.0407372 0.0608457 0.0419374 0.0271767 0.0469262 0.0472012 0.0401683 0.0319058 
0.0350634 0.0579406 0.0476989 0.0420222 0.041327 0.0600054 0.0572071 0.0862644 0.0519119 0.050077 0.0465662 0.0691508 0.0523095 0.049458 0.0549878 0.0207566 0.0392836 0.0567762 0.0523947 0.0287991 
0.032901 0.0449683 0.0443143 0.0405098 0.0397992 0.0579136 0.0505198 0.0782318 0.0435954 0.0484891 0.0606337 0.0693657 0.0651535 0.0396663 0.0690942 0.0174592 0.0342882 0.0680541 0.0678141 0.0272288 
0.0321629 0.0344374 0.0414369 0.0394994 0.0387017 0.0543042 0.0434513 0.0660309 0.036078 0.046682 0.0736618 0.0657033 0.0775127 0.032826 0.081424 0.0161591 0.0315105 0.0788131 0.0832034 0.0264016 
0.0322014 0.0275234 0.0393258 0.0386509 0.0377297 0.0506462 0.0379209 0.0544786 0.0306836 0.044989 0.0835223 0.0607969 0.0881304 0.0287896 0.0901411 0.0158691 0.0301695 0.0872983 0.0953276 0.0258062 
0.0750905 0.0442374 0.0580031 0.0727344 0.0531974 0.0361918 0.0452827 0.0317349 0.0549473 0.0495858 0.0170335 0.0276046 0.0173096 0.0844159 0.0175609 0.113778 0.0852599 0.0362627 0.0265781 0.0531921 
0.0698534 0.0505349 0.0554182 0.0667117 0.0490405 0.0381811 0.0547501 0.0393595 0.0628715 0.0507672 0.0168796 0.0353618 0.0198506 0.0875054 0.0181217 0.0959858 0.0793687 0.0365203 0.0263826 0.0465359 
0.0624926 0.0568287 0.0519857 0.0597416 0.0444861 0.0411306 0.0656436 0.0500304 0.0703354 0.0519099 0.0173032 0.046908 0.0243145 0.0871298 0.0197151 0.0751676 0.0709041 0.0375453 0.0267577 0.0396701 
0.0539968 0.0602862 0.0481969 0.0532824 0.0402211 0.0447231 0.0751548 0.0620269 0.0745688 0.0526909 0.0190102 0.0613852 0.0314398 0.0815172 0.0230535 0.0546634 0.061002 0.0405857 0.0286547 0.0335407 
0.0459423 0.0587394 0.0444991 0.0485197 0.0368828 0.0481876 0.0799344 0.0718915 0.0734836 0.052892 0.0228346 0.0759057 0.0418928 0.0709798 0.0287858 0.0379044 0.0513823 0.046976 0.0333525 0.0290139 
0.0396554 0.0522521 0.041094 0.0456297 0.0346203 0.0506192 0.0780441 0.0760104 0.0670004 0.0524581 0.0293457 0.086479 0.0560523 0.0579366 0.0371314 0.026497 0.0435155 0.0574678 0.0419243 0.026267 
0.0356833 0.0430469 0.0380569 0.0439191 0.0331383 0.0514332 0.0702229 0.0728715 0.057108 0.0514497 0.0381883 0.0901102 0.0732817 0.0454911 0.0473477 0.0200587 0.038086 0.0714196 0.0542507 0.0248359 
0.0338016 0.0340483 0.0355187 0.0425776 0.0320514 0.0506984 0.059602 0.0643302 0.0468169 0.0500359 0.0477994 0.086839 0.0913908 0.0358955 0.0576067 0.0171927 0.0349572 0.0864806 0.0682864 0.0240707 
0.0333022 0.0272079 0.0336091 0.0412479 0.0311316 0.0490592 0.0497542 0.0543368 0.0385365 0.0484836 0.0563092 0.0797228 0.107683 0.029752 0.0659721 0.0163668 0.033451 0.0996956 0.080879 0.0234996 
0.0334154 0.0228975 0.0323127 0.0399949 0.0303121 0.0472521 0.0426758 0.0461187 0.0330686 0.0470455 0.0628274 0.0724403 0.120722 0.0263431 0.0716031 0.0164304 0.0328108 0.109197 0.0896209 0.0229132 
0.0857432 0.0325637 0.0539379 0.0664153 0.0418709 0.0334683 0.0494987 0.028024 0.058849 0.0486825 0.0163846 0.0291633 0.0180627 0.0867327 0.0150733 0.149894 0.0793503 0.0352688 0.025888 0.04513 
0.0807553 0.0363891 0.0513725 0.0627574 0.0392391 0.0339284 0.0600194 0.032777 0.0675481 0.0496421 0.0158325 0.0367508 0.0201068 0.0899598 0.015496 0.130787 0.0752877 0.0354624 0.025522 0.0403669 
0.0730874 0.0412657 0.0477115 0.0581773 0.0363459 0.0349449 0.0734839 0.0399568 0.0770165 0.0507937 0.0153802 0.0489339 0.0239135 0.0908025 0.0164402 0.105918 0.0690695 0.0361633 0.0253802 0.0352158 
0.0634211 0.0455042 0.0434045 0.0535074 0.0334496 0.0366536 0.0873028 0.0489286 0.0842609 0.0518355 0.0154678 0.0657679 0.0304824 0.0870226 0.0182437 0.0788016 0.0612027 0.0385031 0.0260371 0.0302031 
0.0534374 0.0470759 0.0391595 0.0497193 0.0309612 0.0389419 0.0971461 0.057614 0.0861286 0.052496 0.0166746 0.0847502 0.0408543 0.0778858 0.0212957 0.0544487 0.052947 0.0439464 0.0283863 0.0261315 
0.0449535 0.0449445 0.0355099 0.0472385 0.0290884 0.0414297 0.0992405 0.0631904 0.0813601 0.0526645 0.0195434 0.101142 0.055955 0.0650255 0.025936 0.0363919 0.0457375 0.0537748 0.0334187 0.0234554 
0.038985 0.0397121 0.0325829 0.0456854 0.0277026 0.0435938 0.0926597 0.0636433 0.0713196 0.0523579 0.024283 0.110157 0.0760105 0.0514265 0.0321699 0.0252109 0.0404921 0.0683249 0.0416781 0.0220049 
0.0355889 0.0331295 0.0302818 0.0443403 0.026557 0.0449614 0.0799504 0.0590948 0.0591234 0.0516473 0.0304101 0.109704 0.0993903 0.0398114 0.039285 0.0195128 0.0373842 0.0861053 0.052464 0.0212586 
0.0341692 0.0270647 0.0285257 0.0427989 0.025533 0.0453544 0.0657385 0.0518685 0.0480298 0.0506604 0.0367988 0.101887 0.122498 0.0315826 0.0459728 0.0173379 0.0359662 0.103844 0.0636282 0.0207406 
0.0338774 0.0225947 0.0272806 0.0411669 0.0246631 0.0449847 0.0539511 0.0448636 0.0398988 0.0495703 0.0424182 0.0914195 0.141865 0.0266231 0.0511762 0.0169623 0.0355067 0.118245 0.0727216 0.0202127 
0.0893989 0.0274562 0.0478235 0.0567146 0.0318101 0.0317038 0.063383 0.0288045 0.0698545 0.047975 0.0154958 0.0378385 0.0206997 0.0881794 0.0138483 0.165371 0.068364 0.0332216 0.0249756 0.0370833 
0.0820911 0.0307614 0.0444302 0.0540632 0.0300021 0.0315146 0.0780273 0.0333429 0.0801938 0.0487781 0.0147261 0.0496063 0.0237318 0.089457 0.014696 0.139361 0.0640944 0.0336871 0.0245399 0.0328952 
0.0720941 0.0345552 0.0401423 0.0511875 0.02819 0.0317668 0.0949181 0.0394984 0.0897413 0.049715 0.0140877 0.0671308 0.0292597 0.0873442 0.0159858 0.107688 0.0584181 0.0353831 0.0244977 0.0283965 
0.0608898 0.0374079 0.03565 0.0486525 0.0265402 0.0327063 0.109585 0.0461931 0.0947507 0.0505302 0.0140093 0.0888766 0.0385506 0.0803641 0.0178044 0.0761666 0.0520011 0.0396248 0.0254031 0.0242937 
0.0506209 0.0379961 0.0317288 0.0468825 0.0251751 0.0343893 0.116815 0.0515173 0.092705 0.0510665 0.0149333 0.110208 0.0529042 0.0691407 0.0203066 0.0506082 0.0459737 0.0478263 0.0279382 0.0212639 
0.0427989 0.0359432 0.028724 0.0457557 0.0240119 0.0365994 0.113787 0.0537049 0.0839765 0.0512993 0.0171615 0.125263 0.0733641 0.0560625 0.0236758 0.03342 0.0413103 0.0609851 0.0327055 0.0194507 
0.0377926 0.0319022 0.0265046 0.0447146 0.0228708 0.0388677 0.101578 0.0521337 0.0712933 0.0512597 0.0206867 0.12988 0.0996024 0.0437833 0.0278587 0.0236972 0.0384349 0.0788466 0.039791 0.0185014 
0.0351799 0.0271185 0.0248113 0.0433034 0.0217021 0.040635 0.0845964 0.0477588 0.0582091 0.0509828 0.0250316 0.124018 0.128542 0.0341333 0.0323234 0.0192295 0.0371967 0.099042 0.0482469 0.0179392 
0.0341855 0.022824 0.0235174 0.0415619 0.0206391 0.0415716 0.0682069 0.0425682 0.047512 0.0505192 0.0294187 0.111946 0.155218 0.0276874 0.0363075 0.0178177 0.0370258 0.117733 0.0562916 0.0174505 
0.0340098 0.0197055 0.0226196 0.0398761 0.0198456 0.0417563 0.0558397 0.0382794 0.0402283 0.0499362 0.0332936 0.0992471 0.175842 0.0239424 0.0393964 0.0177885 0.0372552 0.131828 0.0623693 0.0169419 
0.095592 0.0223313 0.0450519 0.0505924 0.0268152 0.030568 0.0654019 0.026626 0.0706908 0.0464919 0.0154466 0.0386867 0.0214148 0.0847017 0.0127563 0.194412 0.0612707 0.0307182 0.0246792 0.0357541 
0.0891208 0.0243889 0.0421211 0.0491034 0.0255726 0.0297855 0.0798482 0.029433 0.0807647 0.0467754 0.0146618 0.0493323 0.0237803 0.085587 0.0136335 0.1705 0.0582759 0.030986 0.0240801 0.0322512 
0.0795794 0.0273439 0.0382007 0.0475795 0.0244478 0.0291598 0.0980389 0.0334944 0.0914614 0.0473424 0.013778 0.0660512 0.0281836 0.0844278 0.0148503 0.137737 0.0543744 0.032184 0.0236802 0.0280861 
0.0679829 0.0303914 0.0337799 0.0462036 0.0234556 0.0290625 0.116219 0.0383409 0.0991101 0.0480232 0.0131291 0.0885175 0.0359502 0.0794817 0.0162987 0.101315 0.0497374 0.0353674 0.0238323 0.0238027 
0.0564919 0.0323657 0.0296876 0.0452226 0.0226036 0.0298076 0.128527 0.042775 0.100195 0.0486585 0.0131069 0.112953 0.0485466 0.0704698 0.0179002 0.0686791 0.0450379 0.0418106 0.0249586 0.0202031 
0.0470942 0.032443 0.0265079 0.0446353 0.0217766 0.0314558 0.130423 0.0454297 0.0938419 0.0491751 0.0140058 0.13326 0.0674599 0.0589605 0.0197328 0.0447846 0.0411087 0.0526838 0.0274692 0.0177536 
0.0405604 0.0305432 0.0242397 0.0440675 0.0207911 0.0337319 0.121201 0.0455309 0.0820499 0.0495686 0.0159437 0.143909 0.0935696 0.0472133 0.021944 0.030069 0.0385061 0.0685785 0.0316395 0.0163439 
0.0366558 0.0272323 0.0225464 0.0430597 0.019589 0.0360762 0.104051 0.0432982 0.0681975 0.0498454 0.0187807 0.142561 0.125414 0.0370724 0.0244924 0.0224065 0.0373551 0.0885278 0.0372821 0.0155572 
0.0347277 0.0234649 0.021171 0.0415078 0.0183402 0.0378835 0.084551 0.0398575 0.0555496 0.0499915 0.0220612 0.131581 0.158187 0.0295456 0.0270582 0.0192563 0.0373528 0.109414 0.0434844 0.0150158 
0.0340243 0.0201705 0.0200886 0.0397595 0.0173113 0.0388667 0.0678106 0.0365717 0.0460545 0.0499841 0.0252324 0.116745 0.18605 0.0247029 0.0293075 0.0184919 0.0379141 0.127371 0.0490062 0.0145374 
0.0942467 0.020772 0.0406011 0.0446717 0.0227334 0.0288977 0.080036 0.0272836 0.0800909 0.0453357 0.0147566 0.0486089 0.0239257 0.0818167 0.0129111 0.19516 0.053254 0.0287286 0.0238546 0.0323162 
0.0857289 0.0229068 0.0371993 0.0438866 0.0219445 0.0278645 0.0978168 0.0299529 0.0907376 0.0454454 0.0138773 0.0635338 0.0273643 0.080826 0.0141076 0.164907 0.050494 0.0295344 0.0232798 0.0285936 
0.0745535 0.0256343 0.0330904 0.0433222 0.0213564 0.0271324 0.117617 0.0333966 0.100036 0.0458155 0.013018 0.0848991 0.0335981 0.0772856 0.015499 0.127234 0.0472418 0.0318891 0.0230645 0.0243183 
0.0625208 0.0281284 0.0289772 0.043011 0.0209084 0.0271196 0.133941 0.0369218 0.104071 0.0463393 0.0125348 0.110299 0.0441198 0.0703285 0.0168548 0.0895799 0.0437473 0.0368551 0.0234902 0.0202521 
0.0518929 0.0294659 0.0255924 0.0429351 0.0204396 0.0280809 0.141068 0.0395091 0.100697 0.0469213 0.0127354 0.134183 0.0605416 0.0606817 0.0180791 0.0592128 0.0405603 0.0455037 0.0247915 0.0171092 
0.0439538 0.0291489 0.0231614 0.0428552 0.01973 0.0299431 0.136476 0.0404058 0.0908539 0.0475099 0.0137731 0.150415 0.0843812 0.0500767 0.0192788 0.0388669 0.0382208 0.0587064 0.0271606 0.0150813 
0.0387551 0.0272354 0.0214073 0.0423691 0.0186622 0.0322956 0.12172 0.0395091 0.077444 0.0480881 0.0156346 0.154963 0.115807 0.0401648 0.020594 0.0272094 0.0370327 0.0765394 0.030671 0.0138995 
0.0357659 0.0242627 0.0199698 0.0412385 0.0173578 0.0345143 0.101492 0.0373953 0.0637757 0.0486335 0.0180868 0.147801 0.151627 0.032074 0.0220123 0.0215875 0.0369699 0.0972367 0.0350217 0.0131792 
0.0343267 0.0210747 0.018728 0.0396555 0.0161231 0.036075 0.0815849 0.0350172 0.0524308 0.04909 0.0206962 0.133346 0.185551 0.026299 0.0233998 0.0195422 0.0376544 0.11727 0.0394794 0.0126578 
0.0337909 0.0184315 0.0177833 0.0380921 0.0152237 0.0368583 0.0660779 0.0331517 0.0444946 0.0493872 0.0230729 0.117843 0.211817 0.0226765 0.0246893 0.0192006 0.0385386 0.13333 0.0432964 0.0122462 
