20 hexa 10 10 gaussian
#SNAPSHOT FILE
#iterations: 27000 (40000 total)
0.0321213 0.0974139 0.0610902 0.0821033 0.123904 0.0501107 0.0176358 0.0380279 0.0252032 0.0411259 0.0222833 0.0173718 0.01373 0.0365234 0.0344455 0.0353657 0.0649184 0.0231193 0.0308688 0.152639 
0.0312677 0.11025 0.0637769 0.0734866 0.114922 0.0573965 0.0188542 0.0471806 0.0259297 0.0412802 0.0243754 0.0193141 0.0145036 0.0387363 0.0364211 0.032948 0.0618468 0.0234873 0.0306502 0.133373 
0.0302275 0.122241 0.0671526 0.0628639 0.103444 0.066771 0.0201261 0.0601122 0.0265503 0.0413934 0.0285453 0.0216727 0.0156724 0.0408335 0.0405699 0.0301895 0.0571219 0.0239795 0.0309308 0.109602 
0.0290518 0.12806 0.070408 0.0518108 0.0912159 0.0765188 0.0211026 0.0751849 0.0267723 0.0413998 0.0364198 0.0241003 0.0172569 0.0420453 0.0483709 0.0271509 0.050889 0.0246581 0.032551 0.0850327 
0.0278768 0.123615 0.0723265 0.0421668 0.0802233 0.0837715 0.0215537 0.0886927 0.0263947 0.0411864 0.0500207 0.0262418 0.0192194 0.0418542 0.0609553 0.0240965 0.0439123 0.0256745 0.0364485 0.0637694 
0.0268495 0.10882 0.0719398 0.0351052 0.0716916 0.0857901 0.0215061 0.0962632 0.0253944 0.0406438 0.0707421 0.0278731 0.021544 0.040283 0.0783052 0.0213027 0.0372304 0.0271697 0.0432467 0.0482996 
0.0260721 0.0879127 0.0691935 0.0307678 0.0657467 0.0816413 0.0211904 0.0953321 0.0239414 0.0397561 0.0975911 0.0289196 0.024216 0.0378461 0.098593 0.0189281 0.0316964 0.029123 0.0527514 0.0387808 
0.0255966 0.0669557 0.0650475 0.028591 0.0618296 0.0729941 0.0208648 0.0869249 0.0223423 0.0386527 0.126349 0.0294305 0.0271163 0.0352459 0.118461 0.0170266 0.0277146 0.0313165 0.0637358 0.0338056 
0.0254286 0.0503736 0.0608184 0.0278095 0.0592097 0.063076 0.0206744 0.0749364 0.0209029 0.0375463 0.15153 0.0295771 0.0300419 0.0330233 0.134691 0.0156005 0.0252161 0.0335006 0.0744821 0.0315621 
0.025538 0.0393215 0.0573628 0.0277958 0.0572482 0.054599 0.0206463 0.0633966 0.0197959 0.0366064 0.169593 0.0296123 0.032895 0.031382 0.145836 0.0146243 0.0238412 0.035587 0.0836909 0.0306288 
0.0368254 0.0959701 0.0634607 0.07949 0.111447 0.0509349 0.0209568 0.0408515 0.0286593 0.0429853 0.0222296 0.0189753 0.0144171 0.0439174 0.0324029 0.0407009 0.0703214 0.0258209 0.0302332 0.129401 
0.0354205 0.108421 0.0657185 0.0698379 0.101726 0.0586239 0.0229514 0.0519523 0.0300881 0.0431992 0.0247649 0.0217214 0.0156013 0.0462173 0.0348217 0.0367215 0.0658448 0.0262624 0.0302097 0.109896 
0.0336516 0.117881 0.0681596 0.058846 0.0904985 0.0677414 0.0248703 0.0664028 0.0312044 0.0433256 0.0297824 0.0249855 0.0173431 0.0476057 0.0399292 0.032282 0.0593909 0.0269115 0.0310866 0.0881019 
0.0317053 0.119462 0.0699402 0.0483704 0.0795948 0.0761714 0.0262031 0.0815026 0.0315283 0.0432628 0.0390101 0.0283272 0.0196692 0.0473216 0.0491167 0.0277841 0.0515728 0.0279951 0.0338755 0.0675878 
0.0298629 0.110731 0.0700746 0.0400463 0.0705894 0.081134 0.026633 0.0928734 0.0307698 0.0428767 0.0542415 0.0312406 0.022588 0.0451891 0.0631454 0.0237439 0.0435362 0.0297708 0.0395819 0.0513718 
0.0283686 0.0935672 0.0680675 0.0345251 0.0640859 0.0806504 0.0262061 0.0965647 0.0289821 0.0420817 0.0759664 0.0333058 0.0261076 0.0417294 0.0813313 0.0204899 0.0364385 0.0323242 0.0486391 0.0405684 
0.0273571 0.0732029 0.0643491 0.0314903 0.0597903 0.0749039 0.0252763 0.0915676 0.0265755 0.040932 0.10182 0.0343232 0.0301041 0.0378686 0.101129 0.0180806 0.0310159 0.0354189 0.0603194 0.0344753 
0.0268448 0.0550813 0.0600512 0.0301708 0.0570194 0.0662753 0.024285 0.0806208 0.0241399 0.039632 0.126957 0.0344301 0.034255 0.0344599 0.11903 0.0164062 0.0274225 0.0386086 0.0727796 0.0315308 
0.0267538 0.0420002 0.0562333 0.0298265 0.0550931 0.057726 0.0235351 0.0681841 0.0221365 0.0384186 0.146897 0.0340515 0.0382506 0.0319232 0.132497 0.0153119 0.0253411 0.0415518 0.0840252 0.0302437 
0.0269684 0.03383 0.053339 0.0299672 0.0534831 0.0511027 0.0231345 0.0576134 0.0207343 0.0374386 0.159848 0.033678 0.0420696 0.0302362 0.140954 0.0146611 0.0242826 0.0441937 0.0928306 0.0296362 
0.0448397 0.0805471 0.0635043 0.083772 0.103095 0.045285 0.0237378 0.035465 0.0321177 0.0448107 0.0205297 0.0188705 0.0143352 0.0513362 0.0284307 0.0540652 0.0789204 0.0287325 0.0295972 0.118009 
0.0431371 0.0913417 0.0646032 0.075788 0.0955699 0.0508699 0.0265302 0.0442431 0.0344582 0.0451915 0.0219116 0.0218609 0.015496 0.0539443 0.0296676 0.0484019 0.0750243 0.0291292 0.0294913 0.10334 
0.0407387 0.101898 0.0657949 0.0657826 0.0862178 0.0582634 0.029694 0.0568086 0.0367842 0.0455158 0.02481 0.0259107 0.0173459 0.0556497 0.0326345 0.0418626 0.0687926 0.0297029 0.0298887 0.0859049 
0.0378152 0.107833 0.0666954 0.0553086 0.0763765 0.0662972 0.0325156 0.0717146 0.0383312 0.045692 0.0304824 0.0306897 0.0200378 0.0554181 0.0386565 0.0349483 0.0605793 0.0307788 0.0316883 0.0681419 
0.0347745 0.105374 0.0666377 0.0461858 0.0675967 0.0727976 0.0342079 0.085401 0.038391 0.0455687 0.0405656 0.0355102 0.023677 0.0527535 0.04889 0.0285307 0.0514668 0.0327873 0.0360492 0.0528346 
0.0320859 0.0938966 0.0650289 0.0395834 0.060865 0.0754798 0.0343146 0.0934205 0.0366737 0.0450006 0.0562947 0.0394848 0.0283435 0.0480625 0.0636023 0.0233498 0.042841 0.0360218 0.0439273 0.0417236 
0.0300867 0.0766468 0.061848 0.0356037 0.0562801 0.07331 0.0329761 0.0929454 0.0335145 0.0439501 0.0770495 0.0418579 0.0339518 0.0424732 0.0814293 0.0196757 0.035811 0.0403512 0.0553238 0.0349155 
0.0288939 0.0588394 0.0578076 0.033607 0.0533476 0.0673173 0.0308615 0.0847788 0.0297695 0.0425587 0.0995592 0.0424196 0.0400625 0.0372608 0.0994031 0.0173454 0.0308628 0.0451683 0.0687777 0.0313597 
0.0284116 0.0445362 0.0539045 0.0327932 0.0514195 0.0599449 0.0287707 0.0728104 0.0263602 0.041094 0.119432 0.0416666 0.0460436 0.0332412 0.114393 0.0159954 0.0278363 0.0497408 0.0819047 0.0297011 
0.0284246 0.0349612 0.0507778 0.0325763 0.0499505 0.0534095 0.0272143 0.0612037 0.0238071 0.0397949 0.133844 0.0404611 0.0515319 0.0305522 0.124784 0.0152781 0.0262019 0.0536545 0.0926767 0.0288967 
0.0533366 0.0732386 0.0632916 0.0790825 0.0848341 0.0441797 0.0308186 0.0375347 0.0395172 0.0469668 0.0197324 0.0222962 0.0154417 0.0632533 0.0250063 0.0673203 0.0826282 0.0320641 0.0286276 0.0908289 
0.0504345 0.0826125 0.0632456 0.0709053 0.077775 0.0493245 0.0353876 0.0474262 0.0432042 0.0475165 0.021141 0.0269556 0.0172842 0.0654736 0.0264973 0.0582067 0.0771778 0.0325525 0.0287565 0.0781226 
0.0465244 0.0903825 0.0628806 0.0614944 0.0698011 0.0557029 0.0402341 0.0604698 0.046438 0.0479953 0.0241675 0.0331798 0.0202055 0.0656335 0.0299661 0.0479758 0.0693134 0.0335242 0.0297634 0.064348 
0.0420467 0.0927871 0.0619609 0.0524767 0.0620888 0.0620483 0.0441586 0.0743984 0.0480489 0.0482418 0.0300187 0.0403611 0.0244985 0.0628026 0.0365722 0.03785 0.059857 0.0355964 0.0327095 0.0514778 
0.0377027 0.0874939 0.0601454 0.04531 0.0557129 0.0664934 0.0459419 0.0852749 0.0471609 0.0480623 0.0400037 0.0472252 0.0304195 0.0570525 0.0471141 0.0292178 0.0502168 0.039363 0.0387982 0.0412913 
0.0341503 0.0753691 0.0572698 0.040565 0.0511235 0.0674967 0.0450215 0.0893142 0.0437219 0.0473296 0.0545936 0.0522199 0.0380345 0.0495546 0.0613201 0.0229132 0.0418029 0.0449905 0.0487107 0.0344986 
0.0317549 0.0601559 0.0536395 0.0378893 0.0481208 0.0648487 0.0418949 0.0853056 0.0386464 0.0460798 0.072304 0.0543053 0.0468917 0.0420156 0.0773431 0.0189654 0.0354888 0.0519142 0.0617772 0.0306599 
0.030509 0.046151 0.0499521 0.0365268 0.0461916 0.0598795 0.0378641 0.0755653 0.0333652 0.0445355 0.0898591 0.0536417 0.0559845 0.0358341 0.0923016 0.0168447 0.0313996 0.0590116 0.075836 0.0287472 
0.0301234 0.0358063 0.046841 0.0358377 0.0448289 0.0545192 0.0342237 0.0641965 0.0290203 0.0429929 0.10414 0.0514393 0.0643427 0.0315393 0.103863 0.0158735 0.0290774 0.0652533 0.0883007 0.0277819 
0.0302278 0.0292654 0.0445309 0.0354754 0.0436574 0.0501255 0.0316437 0.0544129 0.0260185 0.0416684 0.113892 0.049093 0.0716498 0.0288885 0.111291 0.0155196 0.0278858 0.0701858 0.0974184 0.027151 
0.0650639 0.0564498 0.0611921 0.0785014 0.0711015 0.0390163 0.0354932 0.0322503 0.0448183 0.0481316 0.0181382 0.0231719 0.0156125 0.0723256 0.0209473 0.0939057 0.086328 0.0342405 0.0276795 0.0756326 
0.0619287 0.0633609 0.0602856 0.0725757 0.0661815 0.0419993 0.0413665 0.0393135 0.0497236 0.0488193 0.0185785 0.0281625 0.0173033 0.0751124 0.0216129 0.0823863 0.0820831 0.0346742 0.0276555 0.0668769 
0.0572736 0.0706581 0.0587902 0.065093 0.060358 0.0461663 0.0484219 0.049477 0.0547949 0.0495472 0.0198252 0.0355284 0.0201958 0.0759992 0.0233761 0.0685287 0.0753364 0.0354775 0.0280875 0.0570651 
0.0514436 0.0755399 0.0567586 0.0572252 0.0543006 0.0510375 0.0553274 0.0617034 0.0585494 0.0501686 0.0226316 0.0450534 0.0248087 0.0736328 0.027124 0.0537378 0.0665392 0.0373829 0.0297674 0.0472679 
0.0452605 0.0752329 0.0542226 0.0503551 0.0488712 0.0555242 0.0601188 0.0732221 0.0594284 0.0504632 0.0280067 0.0554158 0.0316775 0.0675307 0.033728 0.0401211 0.0568631 0.0412775 0.0338229 0.0388582 
0.0397257 0.0687907 0.0512016 0.0453629 0.0446696 0.0583149 0.0611133 0.0803922 0.0566542 0.050235 0.0367778 0.0643242 0.0411809 0.0585937 0.0435683 0.0294517 0.0478024 0.0477719 0.0412991 0.0327703 
0.0355846 0.0579353 0.0478392 0.0422489 0.0417739 0.0585949 0.0579658 0.0807288 0.0508051 0.0494119 0.0487537 0.0695209 0.0531055 0.0487543 0.055952 0.0223762 0.0405477 0.0566731 0.0523672 0.0290615 
0.0330747 0.0460357 0.0445011 0.0404202 0.0398765 0.0565784 0.0520142 0.0746315 0.0436016 0.0481057 0.0621988 0.0701514 0.0662698 0.0400163 0.0689547 0.018445 0.0355721 0.066777 0.065675 0.0271006 
0.0319439 0.0360267 0.0416218 0.0392503 0.038578 0.0533481 0.0454565 0.0651095 0.0369366 0.0465783 0.0745967 0.0673157 0.0789417 0.0335385 0.0802697 0.0166653 0.0326217 0.0763948 0.0787272 0.0260793 
0.0316894 0.0290706 0.0394367 0.038396 0.0375633 0.0501006 0.0400194 0.0556047 0.031902 0.0451023 0.0842128 0.0631483 0.0898958 0.0293808 0.0884812 0.016073 0.0310563 0.084264 0.089196 0.0254074 
0.0736287 0.0470811 0.0568558 0.0702846 0.0537975 0.0368313 0.046838 0.0331604 0.0554367 0.0491766 0.0169763 0.0294956 0.0175901 0.0822517 0.0179943 0.112779 0.0820465 0.0354041 0.0266983 0.0556738 
0.0686378 0.0526565 0.0547174 0.0650274 0.0498664 0.0389644 0.055755 0.0403206 0.0620237 0.0499665 0.0171719 0.0374444 0.0201917 0.0838938 0.0188824 0.0959902 0.0768407 0.0360297 0.0267401 0.0488799 
0.0618587 0.0578474 0.0518413 0.059014 0.045566 0.0418781 0.0656992 0.0497846 0.0680103 0.0508056 0.0180893 0.0486949 0.024643 0.0825041 0.0208538 0.0765805 0.0695197 0.0375931 0.0274605 0.0417559 
0.0540676 0.0603905 0.0484955 0.0532727 0.0414103 0.0451794 0.0743279 0.0599944 0.0713202 0.0514852 0.0203756 0.0623188 0.0317651 0.0770061 0.0245519 0.0571757 0.0608502 0.0411332 0.0297062 0.035174 
0.0465062 0.058583 0.0449965 0.0487108 0.0379246 0.048143 0.0788183 0.0681852 0.0703002 0.0517777 0.0247604 0.07572 0.0423375 0.0677233 0.0305026 0.0406844 0.0521473 0.0476629 0.0345023 0.0300141 
0.0403309 0.0524802 0.0415968 0.0456011 0.0353335 0.0500226 0.0774372 0.071653 0.0647843 0.0515374 0.0316204 0.0854815 0.0566537 0.0564283 0.0387317 0.0288443 0.0447248 0.05758 0.0425269 0.0266318 
0.0361383 0.0439413 0.0384974 0.0435754 0.0335212 0.0504417 0.0707346 0.0694181 0.0563261 0.0507621 0.0404346 0.0892038 0.0738452 0.0454718 0.0483927 0.0217038 0.0393483 0.0701112 0.0533874 0.0247449 
0.0338603 0.0354534 0.0358907 0.0420846 0.0322327 0.0495938 0.0613063 0.0629164 0.0473547 0.0496028 0.0497485 0.0870232 0.0917393 0.0366605 0.0578874 0.018165 0.0360428 0.0833413 0.0653486 0.0237481 
0.0329711 0.0287339 0.0339019 0.0408121 0.0312557 0.0480774 0.0521577 0.0549493 0.0398366 0.0482942 0.0579949 0.0813557 0.107921 0.0306173 0.0656916 0.0168253 0.0342862 0.095125 0.0760902 0.0231028 
0.0328333 0.0242252 0.0325164 0.0397146 0.0304552 0.0465039 0.0451282 0.0478868 0.0345245 0.0470409 0.0644094 0.0751113 0.121069 0.0269554 0.071143 0.0165626 0.0334149 0.104109 0.0838779 0.0225186 
0.0839563 0.0351586 0.0532449 0.0650244 0.0429459 0.0336728 0.0512562 0.0290381 0.05978 0.0487512 0.0161254 0.0308701 0.0182142 0.0857354 0.0154652 0.145273 0.0776762 0.0346588 0.0260144 0.0471382 
0.0790707 0.0388467 0.050964 0.0616952 0.0403635 0.0343527 0.0612713 0.0337157 0.0672059 0.0493762 0.0158032 0.0387873 0.0203865 0.0877552 0.016053 0.127213 0.0739438 0.035128 0.0257952 0.0422734 
0.0719051 0.0431722 0.0477601 0.057647 0.037523 0.0355658 0.0735331 0.0403913 0.0749247 0.0501824 0.0157207 0.0507681 0.0242897 0.0873947 0.0172028 0.104464 0.0683995 0.0363046 0.025888 0.0369632 
0.0630486 0.0466753 0.0439201 0.0534703 0.0346277 0.0373279 0.0858315 0.0483712 0.0806991 0.0510141 0.0162665 0.0665747 0.0309238 0.0831696 0.0192603 0.0797133 0.0613866 0.0391889 0.0268359 0.0316947 
0.0538113 0.0477223 0.0399474 0.049865 0.0320085 0.0394458 0.094633 0.0558875 0.0821427 0.0516529 0.0179628 0.0838927 0.0414023 0.0747154 0.0225915 0.0568585 0.053854 0.0449805 0.0294216 0.0272048 
0.0456925 0.0454805 0.0363061 0.047205 0.0298853 0.0415477 0.0967607 0.0607033 0.0781435 0.0519223 0.021272 0.0986774 0.0565883 0.0632932 0.0274281 0.0390762 0.0470166 0.0545853 0.034406 0.0240104 
0.039678 0.0404755 0.033232 0.0453276 0.0282443 0.0432178 0.0913336 0.0613316 0.0696401 0.0517501 0.0262675 0.107039 0.0763676 0.0511872 0.0336109 0.0274053 0.0417945 0.0679655 0.0420255 0.0221063 
0.03597 0.0342369 0.030775 0.0437947 0.0269482 0.0441647 0.0804069 0.0579521 0.0591119 0.0511791 0.0323831 0.107466 0.0989083 0.0405764 0.0403992 0.020988 0.0384782 0.083676 0.0515018 0.0210834 
0.0341502 0.0283897 0.028917 0.0423147 0.025897 0.0443587 0.0677562 0.0522735 0.0492219 0.0503417 0.0386016 0.101676 0.121018 0.0326784 0.0467025 0.0181444 0.0367559 0.0992134 0.0611286 0.0204608 
0.0335242 0.023894 0.0276115 0.0408954 0.0250606 0.0440277 0.0566907 0.046386 0.0415708 0.0493963 0.0440656 0.0932485 0.139822 0.0275588 0.0516954 0.0172701 0.03601 0.112231 0.0691132 0.0199282 
0.0876307 0.029547 0.0477725 0.0565549 0.0329915 0.0317639 0.0648236 0.0294679 0.0702989 0.0482569 0.0152503 0.0396156 0.0208216 0.087963 0.0142969 0.157904 0.0683899 0.0332634 0.0252352 0.0381517 
0.0806422 0.0327241 0.0446781 0.0540976 0.0311477 0.0318333 0.0782537 0.033912 0.0789255 0.0488133 0.0147309 0.0513489 0.0240262 0.0882389 0.0151881 0.134007 0.0644271 0.0341006 0.024957 0.0339478 
0.071386 0.0361054 0.0407753 0.0514487 0.0292603 0.0323162 0.0931976 0.039688 0.0866224 0.0495463 0.0144318 0.0679016 0.0297138 0.0853888 0.0165539 0.105616 0.0591892 0.03629 0.025119 0.0294499 
0.0610511 0.0384737 0.0365747 0.0490028 0.0274681 0.0333386 0.106039 0.0457957 0.0906223 0.0502834 0.0147231 0.0876948 0.0391692 0.0784789 0.0185353 0.0770642 0.0532003 0.0409896 0.0262443 0.0252514 
0.0513467 0.0387457 0.0326917 0.0470699 0.0258974 0.0348827 0.112559 0.0506277 0.088921 0.0508478 0.0160051 0.106751 0.0536631 0.0680835 0.0212786 0.0529851 0.047403 0.0493373 0.0289402 0.0219628 
0.0436354 0.0366211 0.0295005 0.0456143 0.0245401 0.0367401 0.110311 0.0527571 0.0815855 0.0511334 0.0185231 0.120246 0.0738864 0.0560857 0.0248543 0.0358854 0.042713 0.0619157 0.0336375 0.0198141 
0.0384221 0.0327086 0.027042 0.0443138 0.0233053 0.0385465 0.100066 0.0517295 0.0706852 0.0511204 0.022176 0.124982 0.0990009 0.0446673 0.0290827 0.0255924 0.0396128 0.078134 0.040219 0.0185928 
0.035465 0.0281333 0.0251987 0.0428918 0.0221613 0.0399265 0.0853884 0.048301 0.0591318 0.0508522 0.0264594 0.121125 0.126054 0.0354108 0.033448 0.0204099 0.0380379 0.0959335 0.0477824 0.0178897 
0.034125 0.0239621 0.0238648 0.0413562 0.0211741 0.0406975 0.0706328 0.0439468 0.0492796 0.0504054 0.0307013 0.11193 0.151019 0.0288971 0.0373311 0.0183669 0.0375171 0.112492 0.0549336 0.0173679 
0.0336963 0.0207947 0.0229757 0.0399207 0.0204222 0.0409479 0.0587942 0.0399999 0.0421301 0.0498535 0.0344577 0.101569 0.170901 0.0248364 0.0403901 0.0178956 0.0374667 0.12558 0.0604934 0.0168752 
0.0940598 0.023811 0.0452384 0.0511989 0.0278776 0.0304021 0.0668852 0.0269805 0.0718897 0.0471085 0.0150984 0.0400945 0.0213817 0.086205 0.0131765 0.18427 0.0622361 0.0311171 0.0249545 0.0360147 
0.0877158 0.0259782 0.0424855 0.0497341 0.0265954 0.0298439 0.0803424 0.0298463 0.0805973 0.0473082 0.0144578 0.050884 0.0239401 0.0865313 0.0140099 0.161637 0.0593906 0.0316736 0.0244725 0.0325567 
0.0787119 0.0288141 0.038843 0.0482483 0.025376 0.0294921 0.0965352 0.0338638 0.0893962 0.0477693 0.0138113 0.0668867 0.0285677 0.0846944 0.0151593 0.132148 0.0556499 0.0332705 0.0242085 0.0285544 
0.0679473 0.0315498 0.0346989 0.0468605 0.0242344 0.0296061 0.112344 0.0385347 0.0955518 0.0483946 0.0134363 0.0874597 0.0365634 0.079443 0.0166054 0.0997362 0.0511785 0.0368999 0.024505 0.024451 
0.0571441 0.0331954 0.0306961 0.045721 0.0231943 0.0303939 0.123137 0.0427859 0.096412 0.0490338 0.0136767 0.109286 0.0493836 0.0706824 0.0183385 0.0699883 0.0465621 0.0436928 0.0257862 0.020891 
0.0479906 0.0330651 0.0273503 0.0448213 0.0222004 0.0318719 0.125155 0.0454325 0.0910957 0.0495634 0.0148048 0.1273 0.0682644 0.0597062 0.0204019 0.0471353 0.0425673 0.0545354 0.0284314 0.0183088 
0.0413373 0.0311254 0.0247933 0.0439323 0.0211456 0.0337963 0.117624 0.045811 0.0809718 0.0499261 0.0168936 0.137082 0.0934418 0.0484365 0.0228276 0.0322334 0.0397621 0.0695699 0.0325871 0.0167026 
0.0371559 0.0279369 0.0228819 0.0427936 0.0199983 0.0357283 0.103074 0.044099 0.0687698 0.0501184 0.0197408 0.137027 0.123066 0.0385364 0.0254952 0.0239367 0.0383053 0.0876304 0.0379377 0.0157683 
0.0349215 0.0243582 0.0214493 0.041365 0.0188685 0.0372422 0.0860028 0.0411785 0.0572573 0.0501574 0.0229103 0.129096 0.153067 0.0309512 0.0281118 0.0200983 0.037943 0.106204 0.0436552 0.0151631 
0.0339507 0.0211672 0.0204207 0.0398637 0.0179243 0.0381583 0.0706168 0.0381263 0.0481714 0.0500602 0.0259533 0.117547 0.17897 0.0258189 0.0303992 0.0187704 0.038173 0.122483 0.0487501 0.0146759 
0.0930979 0.0218734 0.0409621 0.0457067 0.0235911 0.0288234 0.0807199 0.0274967 0.080878 0.046094 0.0144593 0.0498844 0.0239656 0.0841863 0.0132607 0.184454 0.0546851 0.0295495 0.0242413 0.0320715 
0.0848854 0.0240778 0.0377474 0.0448812 0.022731 0.0280281 0.0968248 0.0302389 0.0899425 0.0462175 0.0137277 0.0644372 0.0276489 0.0827946 0.0143303 0.15653 0.0519847 0.0306732 0.0237647 0.0285345 
0.0743679 0.0266827 0.0338804 0.0442452 0.0220102 0.027537 0.114156 0.0337129 0.0975662 0.046601 0.0130681 0.0842805 0.0341542 0.0788707 0.0155997 0.122915 0.0487504 0.0334053 0.02363 0.0245674 
0.0630409 0.0289317 0.0299142 0.0437825 0.0213879 0.0276618 0.128348 0.0372509 0.10083 0.0471487 0.0127835 0.107143 0.0449555 0.0718123 0.0169454 0.0891726 0.0452345 0.038757 0.024135 0.0207644 
0.0527734 0.0300378 0.026443 0.0434331 0.0207582 0.0285871 0.134823 0.0399234 0.097978 0.0477398 0.013155 0.128366 0.0615349 0.0622708 0.0183064 0.0609767 0.0419601 0.0476745 0.0255547 0.0177041 
0.0448005 0.0295904 0.0237387 0.0430146 0.0199712 0.0302317 0.131328 0.0410324 0.0895033 0.0482874 0.0143222 0.142914 0.084872 0.051761 0.0197208 0.0410815 0.0394633 0.0606999 0.0280623 0.0156048 
0.0393788 0.0276986 0.0217137 0.042287 0.0189478 0.032241 0.118965 0.0404534 0.0776594 0.0487564 0.016227 0.147709 0.114413 0.0418389 0.021236 0.0290155 0.0380496 0.0774814 0.0316185 0.0143099 
0.0361315 0.0248931 0.0201639 0.0411466 0.0177745 0.0341284 0.101532 0.0386488 0.06526 0.0491378 0.0186075 0.142993 0.14708 0.0336069 0.0228028 0.0227403 0.0376902 0.0963074 0.0358444 0.0135119 
0.034449 0.0218983 0.0189758 0.0397468 0.0166618 0.0355221 0.0837278 0.0364009 0.0545733 0.0494177 0.0210875 0.132135 0.177945 0.0275519 0.0242985 0.0200654 0.0380496 0.114454 0.0400818 0.0129591 
0.0337118 0.0193331 0.0181437 0.0383905 0.0157971 0.036344 0.0690573 0.0344095 0.0466656 0.0495709 0.023368 0.119712 0.202645 0.0235762 0.0256504 0.0192602 0.0386628 0.129462 0.0437073 0.0125348 
