20 hexa 10 10 gaussian
#SNAPSHOT FILE
#iterations: 14000 (40000 total)
0.0358066 0.104628 0.0640881 0.0684675 0.104093 0.0559417 0.0248151 0.0491145 0.0298888 0.0425762 0.027589 0.0240307 0.0153103 0.043054 0.03793 0.0437802 0.0594688 0.0245211 0.0326742 0.112222 
0.0355287 0.101088 0.0650488 0.0646467 0.0995286 0.0594096 0.0259278 0.0544167 0.0303206 0.042918 0.0321361 0.0256794 0.0171529 0.0428046 0.0425344 0.0407596 0.0565924 0.0255039 0.0351935 0.10281 
0.035151 0.0959283 0.0657662 0.0602645 0.0938905 0.0629429 0.0270514 0.060071 0.0306287 0.0431125 0.0387431 0.0276493 0.019629 0.0422346 0.0487931 0.0373661 0.0531923 0.0269358 0.0386831 0.0919667 
0.0346462 0.0890485 0.0659741 0.0554843 0.0873073 0.066081 0.0280606 0.0655025 0.0306882 0.0431036 0.0478138 0.0299085 0.0228225 0.0412767 0.056913 0.0336817 0.0493194 0.028899 0.0432337 0.0802359 
0.0340112 0.0806739 0.065457 0.050592 0.0800823 0.0682999 0.0288146 0.0699906 0.0303922 0.0428576 0.0594127 0.032342 0.026722 0.0399286 0.0667877 0.0298954 0.045142 0.0314024 0.0487577 0.0684385 
0.0332757 0.0713986 0.064148 0.0459565 0.0726812 0.0691885 0.0292036 0.0728827 0.0296978 0.042386 0.0730659 0.0347565 0.0311776 0.0382761 0.0778822 0.0262756 0.0409421 0.0343453 0.0549415 0.057519 
0.0324946 0.062057 0.0621721 0.041922 0.065631 0.0686186 0.0291999 0.0738504 0.0286556 0.0417491 0.0877763 0.0369387 0.0359173 0.0364792 0.089313 0.0230859 0.03704 0.0375272 0.0613006 0.0482715 
0.0317261 0.0534568 0.0597976 0.0386964 0.0593712 0.0667864 0.0288802 0.0730103 0.0273986 0.0410354 0.10231 0.0387372 0.0406331 0.0347202 0.100123 0.020492 0.0336872 0.0407096 0.0673293 0.0410997 
0.0310124 0.046137 0.0573258 0.0363092 0.0541438 0.0640986 0.0283957 0.0708261 0.0260924 0.040327 0.115585 0.0401147 0.0450852 0.0331428 0.109575 0.0185227 0.030998 0.0436925 0.0726525 0.0359641 
0.0303736 0.040287 0.0549924 0.0346552 0.0499798 0.060999 0.0279167 0.0678844 0.0248826 0.0396783 0.126906 0.0411421 0.0491599 0.0318199 0.117294 0.0171005 0.0289553 0.0463629 0.0770893 0.0325206 
0.0394434 0.0971561 0.0631149 0.0662092 0.0953268 0.0552971 0.0293205 0.0504265 0.0338497 0.0435189 0.0282759 0.0270185 0.0170977 0.046935 0.0373932 0.049429 0.060072 0.026299 0.0331189 0.100698 
0.0388525 0.0932273 0.0636719 0.0622317 0.090473 0.0586232 0.0309014 0.055754 0.0344974 0.0438155 0.0332661 0.0293972 0.0196069 0.0462895 0.0423503 0.0453807 0.0568891 0.0276826 0.0359336 0.0911564 
0.0380738 0.0877053 0.063849 0.057812 0.0846913 0.0618467 0.0324111 0.0611761 0.0348935 0.0439414 0.0403266 0.0321795 0.0229633 0.0451829 0.0489518 0.0408782 0.053183 0.0296519 0.0397307 0.0805522 
0.0371072 0.080633 0.0634237 0.0531664 0.0781869 0.0645033 0.0336557 0.0660602 0.0348749 0.0438501 0.0497016 0.035257 0.0272386 0.0435779 0.0572684 0.0361114 0.0490549 0.0322709 0.0445295 0.0695285 
0.0359973 0.0723897 0.0622745 0.0486128 0.0713241 0.0661376 0.0344457 0.0697192 0.0343324 0.0435271 0.0612303 0.0384089 0.0323539 0.041538 0.0670173 0.0313929 0.0447317 0.0354944 0.0501512 0.0589214 
0.0348286 0.063656 0.0604488 0.0444958 0.064571 0.0664743 0.0346715 0.0716512 0.0332657 0.0430059 0.0742431 0.041349 0.038051 0.0392336 0.0775338 0.0270818 0.0405285 0.0391458 0.056213 0.0495518 
0.0336962 0.0552234 0.0581552 0.0410752 0.0583792 0.0655275 0.0343601 0.0717403 0.0317988 0.0423603 0.0876985 0.0438281 0.0439532 0.036895 0.0879395 0.0234606 0.0367506 0.0429577 0.0622277 0.0419733 
0.0326722 0.0477398 0.0556777 0.0384507 0.0530595 0.0635686 0.0336698 0.0702722 0.0301349 0.0416758 0.10051 0.0457256 0.0496901 0.034734 0.0974261 0.0206473 0.0335954 0.0466582 0.0677581 0.0363335 
0.0317901 0.0415507 0.0532728 0.0365685 0.0487273 0.0609884 0.0328252 0.0677666 0.0284837 0.0410209 0.111853 0.0470732 0.0550099 0.032884 0.10547 0.0185966 0.0311184 0.0500488 0.0725257 0.0324272 
0.0310504 0.0367011 0.0511042 0.0352895 0.0453306 0.058156 0.0320407 0.0647664 0.0270048 0.0404342 0.121273 0.048017 0.0598167 0.031388 0.111866 0.0171661 0.0292635 0.0530373 0.0764276 0.0298669 
0.044426 0.0911408 0.0609696 0.0671283 0.0893115 0.0511164 0.0332516 0.0465039 0.0379799 0.0441394 0.0250962 0.0283799 0.0171286 0.0519455 0.0326415 0.0608188 0.0633077 0.0271539 0.031297 0.0962637 
0.0436099 0.0883481 0.0612674 0.0635759 0.085232 0.0540462 0.0353607 0.0513244 0.039036 0.0445124 0.0287105 0.0311857 0.0196255 0.0512402 0.0364383 0.0560447 0.0603833 0.0284667 0.0334839 0.0881086 
0.0425204 0.0841843 0.0612906 0.0595758 0.0802991 0.0570875 0.0374809 0.0564688 0.039867 0.0447495 0.0339605 0.0345361 0.0230752 0.0500085 0.0416008 0.0506008 0.0569195 0.0304054 0.036526 0.0788436 
0.0411555 0.0785563 0.0608354 0.0552825 0.0746374 0.0598749 0.0393735 0.0614329 0.0402537 0.0448015 0.041168 0.0383449 0.0276419 0.0481707 0.0483006 0.0446688 0.0529604 0.0330901 0.0405161 0.0689351 
0.039571 0.0716414 0.0597564 0.0509514 0.0685084 0.0619834 0.0407655 0.0655775 0.0400085 0.0446364 0.050396 0.0423829 0.0333496 0.0457517 0.0564592 0.0385936 0.0486641 0.0365452 0.0453961 0.0590617 
0.0378826 0.0639198 0.0580409 0.0468977 0.0622934 0.0630635 0.0414375 0.0683137 0.0390522 0.0442609 0.0612921 0.0463002 0.0400056 0.042911 0.0656528 0.0328299 0.0443055 0.0406465 0.0509107 0.0499841 
0.0362347 0.056075 0.0558327 0.0434028 0.05641 0.0629768 0.0413212 0.0693268 0.0374646 0.0437257 0.0730913 0.0497312 0.0472095 0.0399129 0.0751716 0.0278058 0.0402073 0.0451274 0.0566471 0.0423257 
0.0347504 0.048781 0.0533797 0.0406237 0.0511996 0.0618379 0.040539 0.0686918 0.0354642 0.0431082 0.0848299 0.0524298 0.0544716 0.0370427 0.084235 0.0237784 0.0366354 0.0496555 0.062158 0.0363886 
0.0334961 0.0425026 0.0509387 0.038564 0.0468454 0.0599355 0.0393514 0.0667979 0.0333251 0.0424835 0.0956429 0.0543438 0.0613705 0.0345147 0.0922297 0.020781 0.0337258 0.0539358 0.0670934 0.0321223 
0.0324799 0.0374218 0.0486987 0.0371173 0.0433658 0.0576046 0.0380551 0.064158 0.0312886 0.0419032 0.104958 0.0555964 0.0676542 0.0324312 0.0988263 0.0186766 0.0314824 0.05778 0.0712637 0.0292387 
0.0494018 0.0814577 0.0586324 0.064197 0.0783689 0.0494395 0.0402447 0.0469673 0.0440807 0.045181 0.0249823 0.0328908 0.0196743 0.0569678 0.0311224 0.0695203 0.0633835 0.0292028 0.0313285 0.0829571 
0.0480002 0.0785553 0.0584189 0.0606461 0.0742755 0.0520926 0.0430424 0.051629 0.0454216 0.0454969 0.028695 0.0367938 0.0231271 0.055642 0.0350076 0.0630919 0.0602239 0.0310598 0.0336627 0.075118 
0.046208 0.0743875 0.057835 0.0567757 0.0695088 0.0547312 0.0457022 0.0563856 0.0463286 0.0456647 0.0339479 0.0413483 0.0278543 0.0536147 0.0401727 0.0558853 0.0565399 0.0337358 0.0368324 0.0665415 
0.0440837 0.0689681 0.0567363 0.052779 0.0642395 0.0570102 0.0478789 0.0607018 0.0465338 0.045646 0.0409271 0.0463446 0.0340021 0.0508607 0.0466711 0.0482594 0.0524227 0.0373309 0.0408699 0.0577347 
0.041768 0.0625705 0.055073 0.0489229 0.058751 0.05858 0.0492324 0.0639885 0.0458586 0.0454272 0.0495285 0.0513955 0.041493 0.0475048 0.0542915 0.0407507 0.0480835 0.0417997 0.0456453 0.0493358 
0.0394589 0.0557077 0.0529324 0.0454819 0.0533946 0.0592103 0.0495576 0.0658025 0.0443 0.0450333 0.0592801 0.0560236 0.0499691 0.0438213 0.0625343 0.0339437 0.0438244 0.0469144 0.050855 0.0419552 
0.0373483 0.0489907 0.0505166 0.0426484 0.0485012 0.0588726 0.0488834 0.0660187 0.0420524 0.044524 0.0694315 0.0598251 0.0588662 0.0401585 0.0707341 0.0282824 0.0399479 0.0523119 0.0560968 0.0359897 
0.0355615 0.0429382 0.0480667 0.0404793 0.0442941 0.0577276 0.0474625 0.0648526 0.0394364 0.0439708 0.0791849 0.0626089 0.0675918 0.0368236 0.0782707 0.0239418 0.0366629 0.0576044 0.0609916 0.0315298 
0.0341355 0.0378472 0.0457827 0.0389095 0.0408534 0.0560351 0.0456629 0.062731 0.0367835 0.0434326 0.0879165 0.064427 0.0756953 0.0340031 0.084729 0.020837 0.0340454 0.0624877 0.0652793 0.0284063 
0.0330382 0.0337836 0.043781 0.0378117 0.0381371 0.0540562 0.0438406 0.0601177 0.0343472 0.0429441 0.0952682 0.0655066 0.082938 0.0317499 0.0899355 0.0187321 0.0320597 0.0667918 0.0688411 0.02632 
0.0560116 0.0730489 0.0558759 0.0640629 0.0703704 0.0450489 0.0452438 0.0428722 0.0493356 0.0457902 0.0219904 0.0343755 0.0197354 0.0631965 0.0264862 0.0854986 0.0656008 0.0298055 0.0294638 0.0761875 
0.0543409 0.0712263 0.0553938 0.0609641 0.0670529 0.0471897 0.0487222 0.0469275 0.0512188 0.0461505 0.024471 0.0387466 0.02309 0.0618159 0.0293075 0.0781689 0.0627884 0.0315216 0.0311726 0.0697309 
0.0521466 0.0684095 0.0546252 0.057551 0.0631629 0.0494699 0.0521986 0.0512604 0.0527232 0.046396 0.0280858 0.0439698 0.0278145 0.0596601 0.0331299 0.0697114 0.0594609 0.0340956 0.0335741 0.0625548 
0.0494779 0.0644986 0.0534423 0.0539619 0.0587961 0.0516433 0.0552811 0.0554616 0.0535109 0.0464929 0.0330592 0.0498834 0.0341772 0.0566499 0.0380688 0.0604767 0.0556552 0.0377018 0.0367559 0.0550056 
0.0464867 0.0595887 0.051779 0.0504085 0.0541429 0.0534159 0.0575209 0.0590083 0.0532968 0.0464181 0.0394445 0.0561048 0.0422496 0.0528566 0.0440643 0.0510524 0.0515115 0.0423891 0.0406896 0.047572 
0.0434159 0.0539979 0.0496798 0.0471366 0.0494716 0.0545323 0.0585545 0.0614097 0.0519635 0.0461756 0.0470176 0.0620772 0.051787 0.0485334 0.0508167 0.0421669 0.0472796 0.0480082 0.0451897 0.0407864 
0.0405344 0.0482058 0.0473014 0.0443507 0.0450701 0.0548663 0.0582595 0.0623884 0.0496327 0.0458025 0.0552743 0.067234 0.0622276 0.044066 0.0578265 0.0344785 0.0432616 0.0542101 0.0499381 0.0350718 
0.0380502 0.0427073 0.044859 0.0421484 0.0411703 0.0544551 0.0568154 0.0619789 0.0466322 0.0453571 0.0635664 0.0711982 0.0728482 0.039851 0.064542 0.0283692 0.0397158 0.0605408 0.0545748 0.0306204 
0.0360578 0.0378667 0.0425521 0.0405079 0.0378951 0.053458 0.0546219 0.0604782 0.0433726 0.0448974 0.0712982 0.0738875 0.0829858 0.0361771 0.0705237 0.0238758 0.0367881 0.0665763 0.0588007 0.0273795 
0.0345437 0.0338522 0.0405128 0.0393286 0.035256 0.0520788 0.0521398 0.0583005 0.0402158 0.0444638 0.0780628 0.0754811 0.09219 0.0331741 0.075528 0.0207771 0.0345027 0.0720202 0.062435 0.0251374 
0.0611837 0.0628993 0.0524002 0.0605701 0.05929 0.0426935 0.0540675 0.0426147 0.0568241 0.0466818 0.0211977 0.0402161 0.0229475 0.0681373 0.0245924 0.0951412 0.0643916 0.0317331 0.0290762 0.0633424 
0.0586697 0.0612227 0.051438 0.057614 0.0561956 0.0444971 0.0583222 0.0463995 0.0589444 0.0469656 0.0235323 0.0459437 0.0274996 0.0659283 0.0273271 0.085625 0.0614682 0.0341093 0.0308075 0.0574903 
0.055525 0.058688 0.0501449 0.054464 0.0526934 0.0463638 0.0623374 0.050274 0.0603959 0.0471366 0.0268623 0.052614 0.0338156 0.0627689 0.0309332 0.0749115 0.0580677 0.0375791 0.0331965 0.0512288 
0.0518933 0.0552575 0.0484525 0.0512781 0.0488946 0.0480806 0.0655883 0.0538157 0.060797 0.0471732 0.0313146 0.0598942 0.0421241 0.058666 0.0354362 0.0635978 0.0542652 0.0422885 0.0362835 0.0448994 
0.0480423 0.0510704 0.0463762 0.0482613 0.0449829 0.0494214 0.0675606 0.0565546 0.0598998 0.0470677 0.0368382 0.0672031 0.0523476 0.0538226 0.0406901 0.0525151 0.0502429 0.0481956 0.0399863 0.0389218 
0.0443089 0.0464398 0.0440324 0.0456095 0.0411845 0.050219 0.0679429 0.0581273 0.0577084 0.0468367 0.0431511 0.0738431 0.0640168 0.0486257 0.0463648 0.0425303 0.0462677 0.0550171 0.0440878 0.0336865 
0.0409967 0.0417704 0.0416072 0.0434454 0.0377113 0.0504187 0.0667693 0.0584134 0.0545026 0.0465204 0.0497916 0.0792324 0.0763592 0.0435393 0.0520254 0.0342804 0.0426146 0.0622806 0.0482845 0.029437 
0.0382873 0.0374321 0.0392913 0.0417861 0.0347071 0.0500789 0.0644035 0.057562 0.050737 0.0461672 0.0562572 0.0830946 0.0885306 0.0389583 0.057266 0.0280025 0.0394846 0.0694629 0.0522763 0.0262149 
0.0362152 0.0336636 0.0372256 0.0405625 0.0322255 0.0493264 0.0613793 0.0558996 0.0468791 0.0458173 0.0621449 0.0854965 0.0998469 0.0351122 0.061813 0.0235591 0.0369635 0.0761313 0.0558413 0.0238977 
0.0347058 0.0305519 0.0354786 0.039668 0.0302425 0.0483041 0.0582181 0.053797 0.0432876 0.0454935 0.0672135 0.0867497 0.10989 0.0320582 0.0655493 0.0205965 0.0350348 0.0820145 0.0588617 0.0222854 
0.0680658 0.0544035 0.0496184 0.0596025 0.0517075 0.0388398 0.0586648 0.0388718 0.0618186 0.0470745 0.0187546 0.0411015 0.0227048 0.0741773 0.0208758 0.112928 0.0649729 0.0316923 0.0273787 0.0567471 
0.0653577 0.053597 0.0484908 0.0570731 0.0492836 0.0401392 0.0635753 0.0420716 0.0645054 0.0473654 0.0201527 0.0471118 0.026938 0.0719975 0.0227903 0.102701 0.0624623 0.0337925 0.02856 0.0520347 
0.0618697 0.0521984 0.0470967 0.0543556 0.0465442 0.0415921 0.0684467 0.0455001 0.0666316 0.0475698 0.0222361 0.0542867 0.0329582 0.0688112 0.0253503 0.0908338 0.0595113 0.0369885 0.0302687 0.0469502 
0.0577174 0.0500889 0.0453729 0.0515603 0.0435388 0.0430679 0.0727239 0.0488413 0.0677435 0.047676 0.0251484 0.0623806 0.0411327 0.0645592 0.0286142 0.0778835 0.0561443 0.041513 0.0325827 0.0417111 
0.0531647 0.0472679 0.0433161 0.0488474 0.0403769 0.0443996 0.0757772 0.0516887 0.0674672 0.0476744 0.0289361 0.0708509 0.051574 0.059373 0.0325331 0.064721 0.052474 0.0474424 0.0354964 0.0366191 
0.0485917 0.0438847 0.0410097 0.0463905 0.0372166 0.045428 0.0771021 0.0536553 0.0656598 0.0475691 0.0334836 0.0789322 0.0639828 0.0536025 0.0369157 0.052378 0.0487103 0.0546032 0.0388878 0.0319963 
0.0443928 0.0402139 0.0386098 0.0443209 0.0342313 0.0460512 0.0765295 0.0545121 0.0624955 0.0473822 0.0385074 0.0858598 0.0776406 0.0477423 0.0414553 0.0417567 0.0451125 0.0625648 0.0425306 0.0280909 
0.0408554 0.0365737 0.0362945 0.0426859 0.0315641 0.0462485 0.0743043 0.0542685 0.0584161 0.047148 0.0436308 0.0911281 0.0915992 0.0422798 0.0458178 0.0333628 0.041911 0.07075 0.046156 0.0250055 
0.0380948 0.0332274 0.0342085 0.0414491 0.0292953 0.0460679 0.0709709 0.0531417 0.053968 0.0468998 0.0484986 0.0946243 0.104959 0.0375564 0.0497392 0.0272279 0.0392456 0.0786028 0.0495275 0.0226952 
0.0360696 0.0303278 0.0324334 0.0405248 0.0274392 0.0455931 0.0671591 0.051451 0.0496309 0.0466603 0.0528594 0.0965795 0.11707 0.0337157 0.0530748 0.0230361 0.0371518 0.0857123 0.0524886 0.0210235 
0.0717897 0.0462607 0.0459446 0.0561044 0.0430005 0.0365785 0.0676354 0.0384226 0.0690581 0.047608 0.017753 0.0474609 0.026201 0.0775107 0.0194139 0.119846 0.0625215 0.0332287 0.0268179 0.0468439 
0.0681274 0.0457081 0.0444803 0.0537834 0.0408856 0.0375972 0.0732006 0.041368 0.0717957 0.0478158 0.0189533 0.0548485 0.031732 0.0744174 0.0212113 0.107295 0.0600153 0.0360505 0.0279781 0.0427374 
0.0636353 0.0446636 0.042742 0.051367 0.0385586 0.0387352 0.078409 0.0443955 0.0736356 0.0479526 0.0207303 0.0634295 0.0394486 0.0701845 0.0235315 0.0931554 0.0571181 0.0402121 0.0296381 0.038458 
0.0585445 0.0430363 0.0407149 0.0489722 0.0360701 0.0398913 0.0825703 0.0471789 0.0741027 0.0480155 0.0231718 0.0727553 0.0496427 0.0648618 0.0263744 0.0782665 0.0538831 0.0459019 0.0318406 0.0342053 
0.0532421 0.0408409 0.0384552 0.0467426 0.033516 0.040945 0.0850167 0.0493535 0.0729006 0.0480046 0.0262679 0.0820704 0.062229 0.0587289 0.0296437 0.0637462 0.0504552 0.0530804 0.03454 0.0302215 
0.0481881 0.038214 0.0360905 0.0448047 0.0310225 0.0417883 0.0853516 0.0506314 0.0700519 0.0479293 0.0298767 0.0904875 0.0766406 0.052267 0.0331434 0.0507265 0.0470534 0.0614156 0.0375895 0.0267278 
0.0437786 0.0353816 0.0337836 0.0432258 0.0287147 0.0423551 0.0836245 0.0509087 0.0659202 0.0478091 0.0337485 0.097277 0.0919308 0.0460257 0.0366247 0.0400158 0.0439098 0.0703392 0.0407722 0.0238548 
0.0402349 0.0325853 0.0316802 0.0419985 0.0266845 0.0426299 0.0803054 0.0502897 0.0610788 0.0476668 0.0376008 0.102095 0.107049 0.0404552 0.039861 0.0318989 0.041201 0.0792097 0.0438619 0.0216147 
0.0375824 0.0300121 0.029873 0.0410609 0.0249741 0.0426363 0.0760805 0.0490219 0.0561122 0.04752 0.0411987 0.105023 0.121115 0.0358051 0.0427028 0.0261823 0.0390107 0.0874804 0.0466809 0.0199283 
0.0357051 0.0277652 0.0283947 0.040334 0.0235812 0.0424197 0.0716215 0.0473967 0.0514683 0.0473768 0.0443957 0.106447 0.133554 0.032126 0.045091 0.0223997 0.0373352 0.0947881 0.0491233 0.0186773 
0.0776495 0.0397358 0.0438825 0.0548997 0.0376938 0.0338439 0.070411 0.0354759 0.0724647 0.0477199 0.0161174 0.0471027 0.02538 0.0822489 0.0170018 0.136065 0.0618585 0.032535 0.0255347 0.0423795 
0.0739834 0.039744 0.0423864 0.0529206 0.0360577 0.0344697 0.0764543 0.0379557 0.0756877 0.0479154 0.0167284 0.0544243 0.0303053 0.0793498 0.0182744 0.123359 0.0597524 0.0349322 0.0262737 0.0390257 
0.0693549 0.0394749 0.0406583 0.0508469 0.0342714 0.035251 0.082413 0.0406245 0.0781934 0.0480558 0.0177205 0.0631488 0.0373339 0.075288 0.0199239 0.108595 0.0573064 0.0386109 0.0274114 0.0355172 
0.0639394 0.0387928 0.038677 0.048758 0.0323437 0.0361432 0.0875953 0.0432357 0.0794427 0.0481485 0.0191901 0.072958 0.0468993 0.0700312 0.0219669 0.0925092 0.0545289 0.0438487 0.0290154 0.0319763 
0.0580933 0.0376203 0.0364766 0.0467643 0.0303198 0.0370747 0.0912266 0.0454722 0.0790035 0.0481968 0.0211831 0.0831793 0.059135 0.0637673 0.0243616 0.0762128 0.0515037 0.0507423 0.031094 0.0285728 
0.0523031 0.0359733 0.0341581 0.0449786 0.0282789 0.0379607 0.0926971 0.0470298 0.076725 0.0482047 0.0236559 0.0928874 0.073693 0.0569225 0.0269925 0.0609888 0.0483965 0.0590977 0.0335702 0.0254863 
0.0470543 0.0339694 0.0318671 0.0434768 0.0263181 0.0387228 0.0918123 0.0477252 0.0728319 0.0481806 0.0264663 0.101174 0.0897382 0.0500655 0.0296891 0.047934 0.0454177 0.0684205 0.0362864 0.0228506 
0.0426864 0.0317914 0.0297481 0.0422749 0.0245266 0.0393066 0.0888778 0.0475592 0.0678573 0.0481355 0.0294111 0.107446 0.106163 0.0437364 0.0322733 0.0376464 0.0427591 0.0780416 0.0390457 0.0207145 
0.0393216 0.0296254 0.0279038 0.041335 0.0229642 0.0396865 0.0845582 0.0466973 0.0624499 0.0480797 0.0322891 0.111574 0.121902 0.0382989 0.0346097 0.0301468 0.0405427 0.0873049 0.0416663 0.0190441 
0.0368923 0.0276112 0.0263805 0.0405935 0.0216542 0.0398622 0.0796193 0.0453904 0.0571764 0.0480174 0.034951 0.113836 0.136158 0.0338951 0.0366288 0.025039 0.0388056 0.0957122 0.0440184 0.0177589 
0.0792466 0.0346093 0.0408218 0.0519236 0.0321804 0.0321572 0.0782979 0.0352287 0.0783326 0.0479116 0.0152815 0.0532447 0.0288402 0.0835086 0.0162502 0.138282 0.0589697 0.0337944 0.0250717 0.0360472 
0.0746711 0.0348441 0.0391285 0.0501428 0.0308012 0.032616 0.0847752 0.0375373 0.0813758 0.0480428 0.0157595 0.0618054 0.0350575 0.0797359 0.0174462 0.123479 0.056918 0.0369364 0.0258097 0.0331175 
0.069153 0.0348414 0.037209 0.0483298 0.0293134 0.0332227 0.0908 0.0399195 0.0833594 0.0481418 0.0165651 0.0717243 0.0437384 0.0747186 0.0189298 0.106812 0.0545702 0.0415853 0.0269345 0.0301319 
0.0629873 0.0344739 0.0350801 0.0465641 0.0277251 0.0339511 0.0955599 0.0421155 0.0837529 0.0482197 0.0177682 0.082467 0.0552051 0.0685446 0.0206847 0.0892945 0.05196 0.0479556 0.0284876 0.0272035 
0.0566433 0.033669 0.0328183 0.044938 0.026075 0.0347515 0.0982814 0.0438354 0.0822375 0.0482813 0.0193849 0.0931568 0.0693557 0.0615507 0.0226463 0.0722556 0.0491976 0.0560064 0.0304459 0.0244697 
0.0506598 0.0324415 0.0305505 0.0435269 0.024428 0.0355589 0.098516 0.0448497 0.0788584 0.0483292 0.0213542 0.102785 0.0855541 0.0542792 0.0247039 0.0570158 0.0464561 0.0653703 0.0327097 0.0220537 
0.0454862 0.0308944 0.0284175 0.0423626 0.0228601 0.0363058 0.0963334 0.045074 0.0740399 0.048365 0.0235458 0.110532 0.102745 0.0473258 0.0267271 0.0445015 0.0439226 0.075416 0.0351217 0.0200242 
0.0413622 0.029181 0.0265312 0.0414284 0.0214379 0.0369354 0.0922835 0.0445896 0.0684337 0.0483899 0.0258007 0.11602 0.119751 0.0411628 0.0286037 0.0350279 0.0417423 0.0854259 0.0375115 0.0183816 
0.0383003 0.0274523 0.0249519 0.0406776 0.0202034 0.0374094 0.0871621 0.0435942 0.0626983 0.0484031 0.027978 0.11935 0.135575 0.0360407 0.030265 0.0283601 0.0399873 0.0947791 0.0397367 0.0170762 
0.0361556 0.0258228 0.0236902 0.0400599 0.0191724 0.0377117 0.08175 0.0423238 0.0573367 0.0484007 0.0299839 0.120959 0.149539 0.0319988 0.0316906 0.0239517 0.0386571 0.10305 0.0417059 0.0160409 
