20 hexa 10 10 gaussian
#SNAPSHOT FILE
#iterations: 6000 (40000 total)
0.0386467 0.0931133 0.0650346 0.0624306 0.088721 0.0604154 0.0286318 0.0549032 0.0330988 0.042169 0.0339039 0.0252175 0.0188478 0.0459281 0.0417077 0.0514648 0.0596423 0.0268867 0.0353044 0.0939366 
0.0381274 0.0884368 0.0642637 0.0598975 0.0851162 0.0617156 0.0299204 0.0574401 0.0334388 0.0423215 0.0391805 0.0270131 0.0212105 0.0453705 0.0464049 0.0485036 0.0573948 0.0285822 0.0379393 0.0877245 
0.0374576 0.0829471 0.0631869 0.0570127 0.0810937 0.0626999 0.0313231 0.0599062 0.0337316 0.0423466 0.0458263 0.0291896 0.0241881 0.0445839 0.0522308 0.0450838 0.0546074 0.0306314 0.041177 0.0807777 
0.0366444 0.0767328 0.0617974 0.053859 0.0766784 0.063207 0.0327675 0.0621132 0.0339181 0.0422394 0.0538466 0.031726 0.0277999 0.0435507 0.0591212 0.0412956 0.0513689 0.033027 0.0449871 0.0733209 
0.0357164 0.070003 0.0601274 0.0505695 0.0719628 0.0631129 0.0341631 0.0638711 0.0339412 0.0420104 0.0630561 0.034553 0.0319916 0.0422837 0.0668541 0.0372973 0.047833 0.0357163 0.0492571 0.0656806 
0.0347222 0.0630742 0.0582497 0.0473155 0.0671081 0.0623659 0.035418 0.0650267 0.0337627 0.0416856 0.0730644 0.0375564 0.0366275 0.0408296 0.0750545 0.0332954 0.0442018 0.0386018 0.0537959 0.0582449 
0.0337207 0.0563124 0.0562663 0.0442752 0.0623176 0.0610073 0.0364612 0.0655021 0.0333746 0.0413035 0.0833305 0.0405977 0.0415108 0.0392615 0.0832528 0.0295039 0.0406902 0.0415584 0.0583655 0.0513889 
0.0327677 0.0500538 0.0542848 0.0415959 0.0577901 0.0591653 0.0372579 0.0653121 0.0328015 0.0409061 0.093274 0.0435477 0.046429 0.0376621 0.0909815 0.0260987 0.0374832 0.0444624 0.0627323 0.0453956 
0.0319047 0.0445355 0.0523937 0.0393669 0.0536748 0.0570228 0.0378147 0.0645513 0.0320941 0.0405304 0.102394 0.046315 0.0512024 0.0361055 0.0978658 0.0231848 0.034704 0.0472197 0.0667133 0.0404097 
0.0311534 0.0398653 0.0506458 0.0376151 0.0500487 0.0547697 0.038173 0.0633617 0.0313164 0.0402016 0.110348 0.0488591 0.0557165 0.0346453 0.103674 0.0207916 0.0324031 0.0497807 0.0702015 0.0364364 
0.0415213 0.0856495 0.0628457 0.0609983 0.0818466 0.0588491 0.0329655 0.0544261 0.0363905 0.0430266 0.0344806 0.0280457 0.0213634 0.0490074 0.0412117 0.0564051 0.060006 0.0291505 0.0357626 0.0860492 
0.0407283 0.0809232 0.0617921 0.0583542 0.0782274 0.0599414 0.034623 0.0568946 0.0368086 0.0431374 0.0399204 0.0304296 0.0244333 0.048105 0.0460874 0.052618 0.0574642 0.0312402 0.0385205 0.079752 
0.0397436 0.0754866 0.0604342 0.0554271 0.0742385 0.0606621 0.0363513 0.0592253 0.037125 0.0431157 0.0466365 0.0332432 0.0282368 0.0469029 0.0519936 0.0483372 0.0543995 0.033732 0.0418325 0.0728768 
0.038593 0.0694746 0.0587898 0.0523193 0.0699326 0.0608762 0.038047 0.061232 0.0372676 0.0429673 0.0545502 0.0364298 0.0327557 0.0454059 0.0587965 0.0437153 0.0509351 0.0365942 0.0456327 0.065686 
0.0373307 0.0631311 0.0569173 0.0491761 0.0654282 0.0604991 0.0395966 0.0627401 0.0371778 0.0427126 0.0633934 0.0398759 0.0378763 0.0436607 0.0662131 0.038975 0.0472554 0.0397414 0.0497772 0.0585223 
0.0360305 0.056776 0.0549094 0.0461644 0.0608974 0.0595251 0.0409015 0.0636274 0.0368292 0.0423854 0.0727276 0.043427 0.0433971 0.0417513 0.0738418 0.0343724 0.0435791 0.0430444 0.0540617 0.0517518 
0.0347702 0.0507392 0.0528742 0.0434372 0.0565297 0.0580352 0.041901 0.063854 0.0362354 0.0420255 0.0820228 0.0469211 0.0490681 0.0397822 0.0812383 0.0301429 0.0401173 0.0463569 0.058262 0.0456872 
0.0336142 0.045288 0.0509101 0.0411023 0.0524877 0.056179 0.0425845 0.063468 0.0354465 0.0416708 0.0907705 0.050227 0.0546487 0.0378542 0.0880071 0.026452 0.0370333 0.0495495 0.0621819 0.0405254 
0.032602 0.0405808 0.0490846 0.0392077 0.0488753 0.0541357 0.0429878 0.0625823 0.0345346 0.0413492 0.0985784 0.053269 0.0599575 0.0360452 0.0938687 0.0233737 0.0344187 0.0525353 0.0656878 0.0363273 
0.0317481 0.0366592 0.0474274 0.0377488 0.0457278 0.0520722 0.0431779 0.0613395 0.0335793 0.0410762 0.105215 0.0560294 0.0648936 0.0344022 0.0986799 0.0208995 0.0322944 0.0552771 0.0687173 0.033039 
0.0455072 0.081714 0.0611308 0.0617297 0.0778112 0.0556951 0.0363253 0.0512399 0.0397026 0.0437697 0.0303735 0.0290857 0.0215167 0.0531971 0.0364166 0.0656666 0.0623178 0.0296978 0.0338136 0.0832906 
0.0445973 0.0777417 0.0600889 0.0593259 0.0745805 0.0568107 0.0382557 0.0536283 0.0402527 0.0439692 0.0346913 0.0316639 0.024639 0.0521978 0.0403788 0.0615175 0.0600743 0.0318038 0.0361094 0.0776741 
0.0434423 0.0731181 0.058758 0.0566458 0.0710193 0.0576587 0.0402935 0.0559904 0.0407119 0.0440357 0.040136 0.0347434 0.0285834 0.0508431 0.0452908 0.0567392 0.0572593 0.0343622 0.0389144 0.071455 
0.0420601 0.0679115 0.0571439 0.0537643 0.0671487 0.0581053 0.0423265 0.0581562 0.040995 0.0439712 0.0467116 0.0382858 0.0333753 0.0491249 0.0510917 0.0514695 0.0539599 0.0373661 0.0422018 0.0648311 
0.0405049 0.06229 0.0552893 0.050798 0.0630469 0.058048 0.0442211 0.0599457 0.0410229 0.0437918 0.0542631 0.042187 0.038938 0.0470832 0.0575886 0.0459359 0.0503316 0.040751 0.0458753 0.058088 
0.0388628 0.0565102 0.0532739 0.047893 0.0588481 0.0574433 0.0458491 0.0612054 0.0407459 0.0435268 0.0624663 0.0462839 0.0450829 0.0448075 0.0644627 0.040429 0.0465822 0.0443932 0.0497729 0.0515611 
0.0372344 0.05087 0.0512013 0.0451971 0.0547207 0.0563255 0.0471173 0.061846 0.04016 0.0432134 0.0708738 0.0503852 0.0515375 0.0424217 0.0713203 0.0352445 0.0429354 0.048132 0.053695 0.0455693 
0.0357125 0.0456431 0.0491754 0.0428275 0.0508274 0.0548025 0.0479885 0.0618625 0.0393082 0.0428893 0.079006 0.0543158 0.0580047 0.0400569 0.0777727 0.0306205 0.0395875 0.0518048 0.057447 0.0403479 
0.0343631 0.0410231 0.0472767 0.0408491 0.0472903 0.0530282 0.0484853 0.0613272 0.0382683 0.0425843 0.0864495 0.0579543 0.0642282 0.0378232 0.0835114 0.026694 0.0366729 0.0552826 0.0608788 0.0360098 
0.0332184 0.0370994 0.0455496 0.039274 0.0441711 0.0511649 0.0486761 0.0603621 0.0371333 0.0423164 0.0929216 0.0612485 0.0700357 0.0357933 0.0883482 0.0234958 0.0342514 0.0584895 0.0639039 0.0325483 
0.0490135 0.073513 0.0581263 0.0599035 0.0702693 0.0534471 0.0420899 0.0502245 0.0439847 0.0448124 0.0301721 0.0328176 0.0247679 0.0567708 0.0351935 0.0717053 0.0623111 0.032275 0.0339648 0.0746385 
0.0477017 0.069695 0.0568184 0.0574702 0.0671255 0.0543369 0.0444468 0.0525314 0.0445921 0.0449696 0.0344392 0.0361294 0.0287837 0.0552938 0.0391562 0.0664525 0.0598072 0.0348584 0.0362826 0.0691098 
0.0460955 0.0653331 0.0552392 0.054836 0.0636981 0.0549306 0.0468378 0.0547626 0.0450302 0.044991 0.0397147 0.0399957 0.0337641 0.0533831 0.0439501 0.060545 0.056759 0.0379555 0.0390488 0.0631301 
0.0442428 0.0605251 0.0534163 0.0520903 0.0600305 0.0551207 0.049114 0.0567468 0.045201 0.0448893 0.0459359 0.0443309 0.0396817 0.0510652 0.0494606 0.0542029 0.0532851 0.0415289 0.0422089 0.0569235 
0.042235 0.055456 0.0514139 0.0493539 0.0562189 0.05484 0.0511184 0.0583152 0.0450295 0.04469 0.0528903 0.0489744 0.0463809 0.0484264 0.0554547 0.0477369 0.0495683 0.0454722 0.0456464 0.050779 
0.0401929 0.0503716 0.049326 0.0467604 0.0524016 0.0540829 0.052721 0.0593395 0.0444874 0.0444279 0.0602307 0.0537139 0.053588 0.0456039 0.0616075 0.0414974 0.0458292 0.0496216 0.0491968 0.0450002 
0.0382405 0.0455273 0.0472568 0.0444267 0.0487298 0.0529135 0.0538494 0.0597632 0.043603 0.0441401 0.0675386 0.0583311 0.0609631 0.0427575 0.067563 0.0358007 0.0422851 0.0537882 0.0526812 0.0398416 
0.0364779 0.0411327 0.0452967 0.0424284 0.045333 0.0514511 0.0545024 0.0596099 0.0424531 0.0438583 0.0744116 0.0626516 0.0681756 0.0400349 0.0730071 0.0308635 0.0391083 0.0578008 0.0559452 0.0354584 
0.0349645 0.0373138 0.0435043 0.0407913 0.0422929 0.04984 0.0547414 0.0589683 0.0411426 0.0436026 0.080538 0.066576 0.0749694 0.0375436 0.0777197 0.0267766 0.0364014 0.0615374 0.0588853 0.0318914 
0.0337179 0.0341075 0.0419019 0.0395007 0.0396387 0.0482159 0.0546675 0.0579628 0.0397808 0.0433813 0.0857332 0.0700806 0.0811914 0.0353419 0.0815892 0.0235183 0.0341939 0.0649363 0.0614548 0.0290867 
0.0538651 0.0684501 0.055985 0.0600978 0.0654729 0.0500137 0.0459544 0.0468168 0.0478858 0.0456264 0.0263653 0.0338202 0.0247921 0.0616698 0.0305981 0.0829668 0.0640718 0.0326159 0.032095 0.0708377 
0.0524214 0.065391 0.0546959 0.0578948 0.0627276 0.0508709 0.0486201 0.0489941 0.048639 0.045877 0.0295941 0.0373098 0.0287981 0.0601109 0.0337006 0.0772952 0.0619192 0.0351753 0.033969 0.0659966 
0.0506163 0.0618632 0.0531552 0.0555069 0.0597351 0.0515275 0.0513682 0.0512015 0.0492373 0.0459863 0.0336764 0.0414399 0.0338602 0.0580543 0.0375432 0.0708012 0.0591914 0.0383032 0.0362378 0.060695 
0.0484844 0.0579056 0.0513769 0.0530006 0.0565123 0.0518825 0.054041 0.0532871 0.0495689 0.0459634 0.038616 0.0461518 0.0400076 0.0555059 0.0420723 0.0636843 0.0559663 0.0419944 0.0388802 0.0550984 
0.0461141 0.0536328 0.0494087 0.0504717 0.0531207 0.0518578 0.0564581 0.0550823 0.0495341 0.0458311 0.0442965 0.0513005 0.0471361 0.0525394 0.0471331 0.0562587 0.0523911 0.04617 0.0418216 0.0494418 
0.0436389 0.0492271 0.047331 0.0480341 0.0496654 0.0514199 0.0584519 0.0564345 0.0490759 0.045622 0.0504738 0.0566655 0.0549958 0.0492948 0.0524762 0.0489153 0.0486674 0.0506768 0.0449375 0.0439965 
0.0412122 0.0449054 0.0452427 0.0457969 0.0462767 0.0505937 0.059908 0.057243 0.0481994 0.0453728 0.0568107 0.0619927 0.0632272 0.0459545 0.0577976 0.0420453 0.0450177 0.0553118 0.0480755 0.0390165 
0.0389722 0.0408708 0.0432396 0.0438388 0.0430807 0.0494602 0.0607903 0.0574809 0.0469723 0.0451168 0.0629452 0.0670524 0.0714366 0.0427035 0.0628002 0.0359569 0.0416423 0.0598667 0.0510889 0.0346848 
0.0370151 0.037271 0.0413926 0.0421954 0.0401716 0.0481365 0.0611419 0.0571948 0.0455052 0.0448769 0.0685633 0.071687 0.0792802 0.0396919 0.0672501 0.0308215 0.0386837 0.0641705 0.0538666 0.0310844 
0.0353843 0.0341786 0.0397377 0.0408614 0.0375988 0.0467466 0.0610646 0.0564832 0.0439249 0.0446636 0.0734487 0.0758275 0.0865182 0.0370129 0.0710053 0.0266686 0.0362123 0.0681152 0.0563464 0.028202 
0.0574472 0.0604678 0.0524954 0.0579539 0.0580423 0.0474429 0.0526056 0.0455305 0.0527006 0.0467105 0.025598 0.0382135 0.0286099 0.0651003 0.0289911 0.0889607 0.063509 0.0352886 0.0319842 0.0623486 
0.0554833 0.0577186 0.0509952 0.0557938 0.0554634 0.0480908 0.0556858 0.047637 0.0534554 0.0469101 0.0286427 0.042525 0.0336364 0.0629559 0.0319842 0.0819733 0.0611465 0.0383787 0.0338053 0.0577191 
0.0531131 0.0545928 0.0492717 0.053523 0.0526767 0.0485298 0.0587446 0.0497339 0.0539559 0.046968 0.032421 0.0475247 0.0398646 0.0602435 0.0355987 0.0741684 0.0582455 0.0421029 0.0359599 0.0527616 
0.0504126 0.0511439 0.0473566 0.0512154 0.0497147 0.0486827 0.0615858 0.0516655 0.0540821 0.0469037 0.03689 0.0530953 0.0472546 0.0570147 0.0397435 0.0658457 0.0549113 0.0464177 0.0384079 0.0476566 
0.0475181 0.0474889 0.045314 0.0489642 0.0466504 0.0485008 0.064009 0.0532701 0.0537469 0.0467482 0.0418981 0.0590248 0.0556048 0.0534001 0.0442415 0.0574156 0.0513136 0.0511943 0.0410639 0.0426329 
0.0446042 0.0437924 0.0432331 0.0468653 0.0435882 0.0479792 0.065855 0.0544153 0.0529259 0.0465377 0.0471967 0.0650373 0.064565 0.0495929 0.0488503 0.0493319 0.0476635 0.0562314 0.0438076 0.0379275 
0.0418472 0.040232 0.0412095 0.0449953 0.0406421 0.0471629 0.0670429 0.0550282 0.0516672 0.0463073 0.0524845 0.0708524 0.0737012 0.0458103 0.0533072 0.041996 0.0441741 0.0612945 0.0465101 0.0337352 
0.0393861 0.0369585 0.0393233 0.0433943 0.0379099 0.0461371 0.0675848 0.0551091 0.0500794 0.0460834 0.0574702 0.0762481 0.0825891 0.0422465 0.0573828 0.035677 0.041021 0.0661669 0.0490616 0.0301714 
0.0373009 0.0340689 0.0376234 0.0420644 0.0354556 0.0450062 0.0675716 0.0547211 0.0483019 0.0458796 0.0619259 0.0810969 0.0908938 0.0390386 0.0609169 0.0304792 0.0383147 0.0706881 0.0513912 0.0272615 
0.0356115 0.0315995 0.0361257 0.0409811 0.0333044 0.0438689 0.0671419 0.0539683 0.0464756 0.0456979 0.0657141 0.0853666 0.0984064 0.036255 0.0638296 0.0263631 0.0360956 0.0747689 0.0534685 0.024958 
0.062594 0.0552348 0.0503316 0.0577136 0.0533018 0.0442158 0.0562117 0.0422802 0.0566229 0.0474225 0.0224009 0.0388012 0.0282271 0.0700473 0.0250465 0.101054 0.0645419 0.0351996 0.030319 0.0584344 
0.0605211 0.0531734 0.0488724 0.0557532 0.0511049 0.0448017 0.0595766 0.0442256 0.057523 0.0477145 0.0245877 0.0431988 0.0331043 0.0678777 0.027318 0.0937034 0.0625617 0.038185 0.0317573 0.0544401 
0.057971 0.0508134 0.0472098 0.0536968 0.0487292 0.0452566 0.0629844 0.0462547 0.0581909 0.0478563 0.0273715 0.0483757 0.0392588 0.0650797 0.0301276 0.0853466 0.0600332 0.0418539 0.033479 0.0501112 
0.0549991 0.04816 0.0453616 0.0516023 0.0461853 0.0455113 0.0662333 0.0482331 0.0584925 0.0478629 0.0307583 0.0542524 0.0467202 0.0616763 0.0334311 0.0762516 0.0570187 0.0462017 0.0354692 0.0455792 
0.0517324 0.045271 0.0433752 0.0495437 0.0435179 0.0455128 0.0690986 0.0500041 0.0583139 0.0477626 0.0346713 0.0606416 0.0553548 0.0577761 0.037113 0.0668246 0.0536475 0.0511357 0.0376762 0.0410273 
0.0483554 0.042254 0.0413263 0.0476025 0.0408042 0.0452376 0.0713785 0.0514178 0.0575969 0.0475914 0.0389445 0.0672647 0.0648521 0.0535688 0.0409919 0.0575598 0.0501045 0.0564729 0.0400127 0.0366638 
0.0450753 0.0392469 0.0393055 0.0458491 0.0381404 0.0447018 0.0729418 0.0523652 0.0563619 0.0473859 0.0433469 0.0738033 0.0747683 0.0492918 0.0448506 0.0489429 0.0465996 0.0619692 0.042373 0.0326807 
0.0420757 0.0363866 0.0373975 0.0443251 0.0356202 0.0439596 0.0737573 0.0528011 0.0547041 0.0471763 0.0476284 0.0799721 0.0846184 0.04518 0.0484785 0.0413495 0.0433284 0.0673706 0.0446568 0.029214 
0.0394814 0.03378 0.0356627 0.0430374 0.0333156 0.0430906 0.073891 0.0527485 0.0527681 0.0469806 0.0515693 0.0855752 0.0939748 0.0414189 0.0517116 0.0349806 0.0404362 0.072465 0.0467906 0.0263223 
0.0373457 0.0314881 0.0341296 0.0419652 0.0312668 0.0421802 0.0734792 0.0522837 0.0507134 0.0468038 0.0550156 0.0905256 0.102533 0.0381191 0.054451 0.0298598 0.0380021 0.0771117 0.0487354 0.0239916 
0.0655471 0.0485138 0.0468932 0.0554676 0.0468646 0.0418019 0.0628779 0.0410952 0.0613021 0.0483576 0.0214264 0.0434554 0.0323097 0.0726158 0.0235243 0.105593 0.0634304 0.037756 0.030073 0.0510956 
0.0628851 0.046819 0.0452938 0.0535955 0.0448627 0.0422228 0.0665755 0.0429937 0.0621284 0.0485865 0.0234008 0.0486913 0.0382479 0.0698126 0.0256602 0.0968586 0.0612927 0.0412881 0.03143 0.0473554 
0.0597189 0.0448868 0.0435202 0.0516899 0.0427085 0.0425155 0.0701885 0.0449386 0.0626102 0.0486686 0.0258742 0.0547395 0.0455918 0.0663327 0.0282333 0.0871683 0.0586485 0.0455633 0.0330203 0.0433824 
0.056155 0.0427268 0.0416045 0.0498104 0.0404236 0.0426304 0.0734796 0.0467888 0.0626126 0.0486283 0.0288227 0.0614524 0.0542868 0.0622531 0.0311756 0.0769012 0.0555832 0.0505316 0.0348178 0.0393159 
0.052374 0.0403927 0.039607 0.0480247 0.0380599 0.0425358 0.0762123 0.0483913 0.0620441 0.0484996 0.0321499 0.0685686 0.064088 0.0577447 0.0343603 0.0665635 0.0522451 0.0560434 0.0367651 0.0353301 
0.048602 0.0379762 0.0376092 0.0463956 0.0356929 0.0422278 0.0782047 0.0496131 0.0608907 0.0483204 0.0356936 0.0757515 0.0745761 0.0530496 0.0376179 0.0567056 0.0488254 0.0618636 0.0387816 0.031603 
0.0450624 0.0355864 0.0356962 0.0449644 0.0334062 0.0417344 0.0793728 0.0503705 0.0592238 0.0481242 0.0392544 0.082662 0.0852346 0.0484329 0.0407671 0.0478063 0.0455241 0.0677163 0.0407816 0.0282795 
0.0419288 0.0333256 0.033937 0.0437414 0.0312736 0.0411104 0.079744 0.050645 0.0571833 0.0479342 0.0426372 0.0890317 0.095558 0.0441272 0.043651 0.0401788 0.042512 0.0733436 0.0426944 0.0254435 
0.0392976 0.0312683 0.0323719 0.0427092 0.0293457 0.040423 0.0794379 0.050479 0.0549407 0.0477603 0.0456862 0.0947062 0.105144 0.040292 0.0461613 0.033936 0.0399033 0.0785506 0.0444762 0.0231115 
0.0371884 0.0294537 0.0310116 0.041836 0.0276472 0.0397365 0.0786297 0.0499582 0.0526646 0.0476004 0.0483046 0.0996441 0.113735 0.0370028 0.0482446 0.0290181 0.0377472 0.0832223 0.04611 0.0212463 
0.0703995 0.0439939 0.0451413 0.0550287 0.0429049 0.0391795 0.0654963 0.0383335 0.064693 0.0488099 0.0190352 0.0433294 0.0313213 0.0770029 0.0205316 0.117257 0.0637992 0.0371479 0.0287118 0.0478847 
0.0676949 0.0428446 0.0436052 0.0533094 0.0412314 0.0395349 0.0694101 0.0400563 0.0656653 0.0491266 0.0203804 0.048511 0.0369265 0.0742675 0.0221265 0.108342 0.0620415 0.0404765 0.0297748 0.0446754 
0.0644193 0.0415286 0.0419088 0.0515616 0.0394266 0.0398188 0.0733221 0.0419024 0.0663243 0.0492896 0.0221201 0.0545938 0.0439854 0.0708076 0.0240947 0.0982695 0.059787 0.044585 0.0310329 0.0412223 
0.0606507 0.0400203 0.0400711 0.0498349 0.0374945 0.0399886 0.0769954 0.0437519 0.0665219 0.0493165 0.024264 0.0614793 0.0525247 0.0666629 0.0264014 0.087371 0.057079 0.0494684 0.0324778 0.0376262 
0.0565521 0.0383284 0.0381376 0.048186 0.035465 0.0400117 0.0801711 0.0454606 0.066138 0.0492376 0.0267679 0.0689422 0.0623829 0.0619722 0.028964 0.0761363 0.0540233 0.055021 0.0340766 0.0340262 
0.0523534 0.0364979 0.0361778 0.0466707 0.0333929 0.0398733 0.0826223 0.0468847 0.065121 0.04909 0.0295295 0.0766503 0.0731972 0.0569651 0.0316572 0.0651508 0.0507804 0.0610345 0.0357722 0.030579 
0.0483072 0.0346026 0.0342733 0.0453294 0.031348 0.0395823 0.0842079 0.0479123 0.0635105 0.0489098 0.0324022 0.0842286 0.0844551 0.0519219 0.0343334 0.0549815 0.0475399 0.0672302 0.0374956 0.0274284 
0.0446336 0.0327275 0.0324985 0.044176 0.0294003 0.0391712 0.0849044 0.048487 0.0614294 0.0487254 0.0352245 0.091341 0.095598 0.0471144 0.0368512 0.0460595 0.0444841 0.0733165 0.0391829 0.0246751 
0.0414788 0.0309488 0.0309043 0.0431968 0.027606 0.038688 0.0848004 0.0486149 0.0590531 0.0485522 0.0378517 0.0977572 0.106133 0.0427532 0.0391016 0.038608 0.0417552 0.0790469 0.0407888 0.0223618 
0.0389014 0.0293208 0.0295128 0.0423609 0.0260007 0.0381848 0.0840631 0.0483547 0.0565684 0.048393 0.0401793 0.103373 0.115706 0.0389601 0.0410199 0.0326428 0.0394365 0.0842539 0.0422911 0.0204776 
0.0722725 0.0390805 0.0421954 0.0529279 0.0379386 0.0372429 0.0714604 0.0375043 0.0687436 0.0494602 0.0181506 0.0479123 0.0354062 0.0783182 0.0194111 0.119471 0.0623416 0.0395044 0.0284571 0.042203 
0.0689706 0.0382604 0.0405757 0.0513076 0.0364358 0.0374878 0.0755924 0.0392031 0.0695725 0.0497064 0.019326 0.0539031 0.0420476 0.0749626 0.0208971 0.109247 0.0604675 0.0433717 0.02945 0.0392167 
0.0650956 0.0373015 0.0388183 0.0497034 0.0348167 0.0376691 0.0795823 0.0409847 0.0699709 0.049808 0.0208293 0.0608107 0.0502437 0.0708613 0.0226804 0.0979587 0.0581376 0.0480661 0.0306053 0.0360572 
0.0607817 0.036178 0.0369549 0.0481642 0.0330934 0.0377574 0.0831634 0.0427221 0.0697974 0.0497889 0.0226517 0.0684602 0.0599246 0.0661125 0.0247113 0.0860539 0.0554153 0.0535316 0.0319078 0.0328304 
0.056247 0.0348943 0.0350424 0.0467401 0.0313015 0.037734 0.0860746 0.0442727 0.0689647 0.0496829 0.024738 0.0765473 0.0708088 0.0609173 0.0269022 0.0741194 0.0524229 0.0596009 0.033321 0.0296685 
0.0517584 0.0334862 0.0331558 0.0454713 0.0294953 0.0375958 0.0881204 0.045508 0.0674738 0.0495265 0.0269899 0.0846834 0.0824231 0.0555527 0.0291383 0.0627845 0.0493264 0.0660119 0.0347926 0.0267061 
0.0475745 0.0320127 0.0313713 0.0443763 0.0277369 0.0373577 0.0892183 0.0463408 0.0654212 0.0493516 0.0292829 0.0924787 0.0941893 0.0503169 0.0312989 0.0525902 0.0463058 0.0724567 0.0362673 0.0240526 
0.0438928 0.0305407 0.0297492 0.0434469 0.0260834 0.0370502 0.0894107 0.0467423 0.062975 0.0491799 0.0314918 0.0996251 0.105542 0.045467 0.0332809 0.0438839 0.0435204 0.0786456 0.0377008 0.0217717 
0.0408191 0.0291303 0.0283229 0.0426545 0.0245775 0.0367117 0.0888435 0.0467407 0.0603333 0.0490199 0.0335144 0.105945 0.116032 0.0411763 0.035014 0.0367829 0.0410825 0.0843573 0.0390668 0.0198767 
0.0383704 0.027825 0.0270991 0.0419649 0.0232444 0.0363788 0.0877209 0.0464071 0.0576854 0.0488691 0.0352836 0.111389 0.125368 0.037522 0.0364649 0.0312097 0.0390468 0.0894568 0.0403553 0.0183416 
