20 hexa 10 10 gaussian
#SNAPSHOT FILE
#iterations: 10000 (40000 total)
0.0371268 0.095614 0.0648528 0.067135 0.0978227 0.0576828 0.0268081 0.0499784 0.0317156 0.041465 0.0310898 0.0248619 0.0171973 0.0448777 0.0393892 0.0481186 0.0588283 0.0251106 0.0349754 0.10535 
0.0367536 0.0914112 0.0646898 0.0641466 0.093808 0.0598685 0.0279483 0.0537722 0.0321649 0.0416621 0.0362662 0.0265324 0.0193414 0.0444764 0.0440749 0.0451053 0.0562057 0.0265114 0.0376203 0.0976411 
0.0362152 0.0861861 0.0641681 0.0606122 0.0889286 0.0618446 0.0291399 0.0577955 0.0325182 0.0417831 0.0432789 0.0285689 0.0221738 0.0437457 0.0501724 0.0416441 0.0530727 0.0283798 0.0410241 0.0887483 
0.0354977 0.0798913 0.0632069 0.0566511 0.083266 0.0633533 0.0302819 0.0617058 0.0326699 0.0418017 0.0522961 0.0309508 0.0257679 0.042632 0.0577298 0.0378249 0.0495001 0.0307403 0.0452052 0.0790277 
0.0346235 0.0726892 0.0617853 0.0524844 0.0770471 0.064146 0.0312582 0.0650812 0.032529 0.041699 0.0631702 0.0335858 0.0300896 0.0411423 0.0665467 0.0338343 0.0456497 0.0335432 0.0500473 0.0690485 
0.0336518 0.0649785 0.0599667 0.0484042 0.0706311 0.0640668 0.0319692 0.0675295 0.0320518 0.0414745 0.0753615 0.0363145 0.0349666 0.0393585 0.0761407 0.029929 0.041763 0.0366561 0.0552874 0.0594991 
0.0326646 0.0573094 0.0578945 0.044699 0.0644336 0.0631197 0.0323685 0.0688143 0.0312623 0.0411501 0.0880161 0.0389507 0.0401136 0.0374256 0.0858358 0.0263677 0.038106 0.0398884 0.0605679 0.0510124 
0.0317406 0.0502212 0.0557502 0.0415732 0.0588165 0.0614704 0.0324826 0.0689245 0.0302464 0.0407638 0.100192 0.0413411 0.0452115 0.0355108 0.0949503 0.0233349 0.0348943 0.0430435 0.0655366 0.0439959 
0.0309327 0.044093 0.0536964 0.0391053 0.0539998 0.0593785 0.0324002 0.0680459 0.0291225 0.0403547 0.111113 0.0434107 0.0499999 0.0337573 0.102975 0.0208991 0.0322415 0.0459731 0.0699405 0.0385609 
0.030261 0.0390829 0.051837 0.0372603 0.0500383 0.0571076 0.0322396 0.0664653 0.0280061 0.0399531 0.120318 0.0451723 0.0543342 0.0322532 0.109655 0.0190242 0.0301558 0.0486045 0.0736632 0.0345689 
0.0405153 0.0879559 0.0631214 0.0652899 0.0899159 0.0565198 0.0312177 0.050308 0.0356007 0.0421644 0.0317611 0.0277801 0.0193623 0.0485595 0.0388981 0.0537143 0.0590923 0.0271564 0.0354141 0.0956531 
0.0398507 0.0836363 0.0625879 0.0621321 0.0856855 0.0584663 0.0327612 0.05411 0.0361916 0.0423446 0.0372706 0.0301089 0.0222444 0.047748 0.0438503 0.0497643 0.0561877 0.0289864 0.0382789 0.0877946 
0.0389471 0.0783427 0.0616536 0.0585211 0.0806964 0.0601142 0.0342918 0.0579956 0.0365837 0.04244 0.0445699 0.0328682 0.0260049 0.0464848 0.0501567 0.0452886 0.0527858 0.0313728 0.0418865 0.0789956 
0.0378178 0.0721121 0.0602787 0.054619 0.0750938 0.0612282 0.0356607 0.0615912 0.0366497 0.0424287 0.0536879 0.0359789 0.0306779 0.0447503 0.0577598 0.0404663 0.049 0.0343094 0.0461968 0.0696933 
0.0365264 0.0651976 0.0584973 0.0506738 0.0691556 0.0616157 0.0367185 0.0644884 0.0363016 0.0422998 0.064315 0.0392729 0.0361442 0.0426121 0.0663443 0.0355856 0.0450365 0.0376967 0.0510296 0.0604886 
0.0351761 0.0580461 0.0564255 0.046966 0.0632501 0.0612013 0.0373642 0.0663657 0.0355267 0.0420621 0.0757955 0.0425249 0.0421242 0.040224 0.0753593 0.0309823 0.0411609 0.0413482 0.0560827 0.0520145 
0.0338796 0.0511771 0.0542341 0.0437304 0.0577437 0.0600618 0.0375845 0.0670927 0.0343975 0.0417438 0.087275 0.04552 0.0482419 0.0377891 0.0841526 0.0269429 0.0376282 0.0450344 0.061007 0.044764 
0.0327252 0.0450287 0.0520952 0.0410949 0.0529046 0.0583948 0.0374595 0.0667526 0.0330477 0.0413821 0.0979356 0.048122 0.0541351 0.0355021 0.0921543 0.0236262 0.0346131 0.0485493 0.0655054 0.0389719 
0.0317577 0.0398541 0.0501343 0.039069 0.0488512 0.0564418 0.03713 0.0655791 0.031628 0.0410105 0.107195 0.0503037 0.0595493 0.0335004 0.099004 0.0210463 0.0321796 0.0517593 0.0693985 0.0346088 
0.0309802 0.0357095 0.048409 0.0375776 0.0455627 0.0544149 0.0367504 0.0638582 0.0302688 0.0406523 0.114774 0.0521324 0.0643743 0.0318466 0.104567 0.0191112 0.0302968 0.0546158 0.0726327 0.0314655 
0.0450817 0.0831269 0.061262 0.0658074 0.084672 0.0529932 0.0349068 0.0468972 0.0395126 0.0427404 0.0279288 0.0290417 0.01941 0.0533657 0.0341335 0.0642995 0.0617254 0.0278633 0.0333685 0.0918637 
0.0442988 0.0796479 0.0606864 0.0630195 0.0810648 0.0547969 0.0368376 0.0503706 0.0403713 0.0429716 0.0320848 0.031664 0.0222936 0.0524977 0.0380224 0.0598583 0.059094 0.0296261 0.035717 0.0850772 
0.0432105 0.0753484 0.0597525 0.0597955 0.0767723 0.05644 0.0388143 0.054073 0.0410515 0.043131 0.0377424 0.0348108 0.0261481 0.0511144 0.0430951 0.0546998 0.0559368 0.031991 0.0387372 0.0773356 
0.0418148 0.0701731 0.0584088 0.056242 0.071871 0.0577232 0.0406633 0.0577014 0.0413931 0.0431991 0.0450478 0.0384263 0.0310833 0.0491635 0.0493973 0.0489798 0.0523202 0.0350005 0.0424477 0.0689441 
0.0401705 0.0642394 0.056664 0.0525513 0.0665552 0.0584519 0.0421864 0.0608738 0.0412594 0.0431604 0.0538904 0.0423486 0.0370581 0.0466855 0.0567683 0.0429984 0.048402 0.0386031 0.0467498 0.060384 
0.0383961 0.0578609 0.0546052 0.0489717 0.061122 0.0585009 0.0432155 0.0632263 0.0405858 0.0430128 0.0638378 0.0463233 0.0438359 0.0438283 0.0648116 0.0371577 0.044423 0.0426387 0.0514162 0.0522304 
0.0366399 0.0514828 0.0523843 0.0457433 0.0559086 0.0578673 0.043674 0.0645285 0.0394115 0.042773 0.074196 0.0500707 0.0510169 0.0408215 0.072966 0.0318574 0.0406534 0.046865 0.056135 0.0450053 
0.0350355 0.0455506 0.0501743 0.0430291 0.0512019 0.0566731 0.0436066 0.0647521 0.0378692 0.0424717 0.0841902 0.0533738 0.0581462 0.037913 0.0806584 0.0273795 0.0373183 0.0510237 0.0605942 0.0390388 
0.0336666 0.040386 0.0481177 0.0408819 0.0471704 0.0551148 0.0431601 0.0640496 0.0361398 0.042143 0.0931726 0.0561405 0.0648424 0.0353021 0.0874545 0.0238273 0.0345428 0.0549112 0.0645644 0.0344124 
0.0325585 0.0361324 0.0462943 0.0392594 0.0438483 0.053393 0.042527 0.0626742 0.0343994 0.0418137 0.100749 0.0584064 0.0708777 0.0331014 0.0931262 0.0211437 0.0323446 0.0584155 0.0679341 0.0310019 
0.0494878 0.0743703 0.0585133 0.0632637 0.0752655 0.0509933 0.0412049 0.0467011 0.0449094 0.0436501 0.0277288 0.0331254 0.0223006 0.0578677 0.0327749 0.0718713 0.0616126 0.0302383 0.0333646 0.0807567 
0.0482314 0.0710031 0.0575606 0.060423 0.0716454 0.0525128 0.0436525 0.0501032 0.0459072 0.0438626 0.0319155 0.0366316 0.0261602 0.0564055 0.0367077 0.0660576 0.0587577 0.0325301 0.0358182 0.0741145 
0.0465797 0.0668889 0.0562364 0.0572579 0.0674723 0.0538185 0.046037 0.0536007 0.0465791 0.0439958 0.0374925 0.0407341 0.0312338 0.0542878 0.0417268 0.0594387 0.0554026 0.0355372 0.0389073 0.0667731 
0.0445775 0.0620365 0.0545295 0.0539046 0.062865 0.0547402 0.0481211 0.0568677 0.0467423 0.0440354 0.0444937 0.0452943 0.0375741 0.0515177 0.0477924 0.0523027 0.051653 0.0392662 0.0426013 0.0590853 
0.0423471 0.0566234 0.052498 0.0505644 0.0580415 0.0551366 0.0496684 0.0595411 0.0462719 0.0439733 0.0526928 0.0500494 0.045025 0.0482199 0.0546619 0.0450938 0.0477057 0.0436051 0.046753 0.0515278 
0.0400665 0.0509828 0.0502694 0.0474588 0.0532834 0.0549482 0.0505197 0.0613263 0.0451527 0.0438157 0.0615949 0.0546637 0.053209 0.0446331 0.0619039 0.0383185 0.0438197 0.0483256 0.0511119 0.0445963 
0.0379192 0.0455149 0.0480089 0.0447661 0.048866 0.054224 0.0506544 0.062091 0.0434928 0.0435842 0.070543 0.0588295 0.0616102 0.041051 0.0690013 0.0324042 0.0402486 0.0531358 0.0553838 0.0386713 
0.036042 0.0405679 0.0458695 0.0425735 0.0449855 0.0531005 0.0501953 0.0618912 0.0414881 0.0433092 0.0788966 0.0623617 0.0697212 0.037741 0.0754936 0.0275861 0.0371738 0.0577624 0.0593128 0.0339285 
0.0344977 0.0363553 0.0439517 0.0408728 0.0417236 0.0517475 0.0493587 0.0609215 0.0393585 0.0430193 0.0861864 0.0652348 0.0771703 0.0348818 0.0810788 0.0238838 0.0346692 0.0620159 0.0627367 0.0303359 
0.0332825 0.0329394 0.0422922 0.0395922 0.039057 0.0503154 0.0483807 0.059432 0.0372933 0.0427349 0.0921751 0.0675538 0.0837718 0.0325451 0.0856319 0.0211589 0.0327138 0.0658101 0.0655983 0.0277222 
0.0552386 0.0681106 0.0561586 0.062926 0.0686527 0.0472339 0.0456322 0.0432208 0.0495874 0.0443491 0.0241724 0.0343846 0.0222484 0.0636251 0.0281819 0.0854756 0.0635819 0.0307591 0.0312511 0.0752104 
0.0538452 0.0655739 0.0551762 0.0604325 0.065644 0.0485479 0.048535 0.0462521 0.0509062 0.0446074 0.0271214 0.0381829 0.0260169 0.0621331 0.0311242 0.0790972 0.0610661 0.0329274 0.0331858 0.069625 
0.0519713 0.0624559 0.0538659 0.0576526 0.0621711 0.0497574 0.0514638 0.0494969 0.0519371 0.0447923 0.0311682 0.0427016 0.0310832 0.0599157 0.0349702 0.0716585 0.0580419 0.0358507 0.0356758 0.0633702 
0.0496388 0.0586931 0.0522013 0.0546742 0.0582939 0.0507296 0.0541597 0.0526982 0.0524609 0.0448948 0.0364308 0.0478426 0.0375974 0.0569325 0.039758 0.0634118 0.0545677 0.0395959 0.0387381 0.0566811 
0.0469602 0.0543462 0.050214 0.051647 0.054155 0.0513342 0.056329 0.055528 0.0522927 0.0449065 0.0428436 0.0533605 0.0455116 0.0532689 0.0453731 0.0548089 0.0507875 0.0441159 0.0422976 0.0499199 
0.0441302 0.049623 0.0480037 0.048758 0.049968 0.0514848 0.0577241 0.0576673 0.051348 0.044827 0.0501077 0.0588883 0.0545206 0.0491499 0.051524 0.0464373 0.0469249 0.0492249 0.0461755 0.043513 
0.0413783 0.0448374 0.0457195 0.0461804 0.0459708 0.0511743 0.0582318 0.0589049 0.0496844 0.0446684 0.0577286 0.0640329 0.0640997 0.044897 0.0577923 0.0388708 0.0432369 0.0546267 0.050122 0.0378432 
0.0389023 0.0403183 0.0435173 0.0440219 0.0423633 0.0504775 0.0579155 0.0591992 0.0474871 0.0444545 0.0651416 0.0684968 0.0736417 0.0408422 0.0637429 0.0325108 0.0399434 0.0599929 0.0538827 0.0331484 
0.0368195 0.0363175 0.0415151 0.0423043 0.039259 0.0495197 0.0569848 0.0586677 0.0450072 0.0442121 0.0718609 0.0721588 0.082623 0.0372412 0.0690358 0.0275033 0.0371745 0.0650515 0.0572623 0.0294819 
0.0351581 0.0329632 0.0397708 0.0409797 0.0366768 0.0484306 0.0557167 0.0575222 0.0424885 0.0439637 0.0775753 0.0750733 0.0907082 0.0342297 0.0734805 0.0237648 0.034958 0.0696368 0.0601579 0.0267457 
0.0597961 0.0594657 0.0527287 0.0599284 0.0592181 0.0447614 0.053161 0.0426684 0.0557668 0.045327 0.023321 0.0393467 0.0257143 0.06799 0.0264224 0.0932942 0.0627329 0.0331381 0.0308862 0.0643327 
0.0577534 0.0572258 0.0514321 0.0574963 0.0563764 0.0457966 0.0565924 0.0455868 0.0571524 0.0455541 0.026105 0.0441655 0.0306262 0.0657502 0.0292681 0.0851956 0.0600798 0.0359012 0.0328323 0.0591099 
0.0551494 0.054478 0.0498172 0.0548862 0.0531924 0.0467057 0.0598932 0.0486014 0.0580683 0.0457047 0.0298547 0.0497659 0.0371008 0.0626554 0.032905 0.0759873 0.0569581 0.039547 0.0352892 0.0534403 
0.0520736 0.0511979 0.0478925 0.0522006 0.0497463 0.0473852 0.0627338 0.0514388 0.0582789 0.0457748 0.0346085 0.055946 0.0452104 0.0587406 0.0373088 0.0660927 0.0534592 0.0441001 0.0382361 0.0475753 
0.0487195 0.0474779 0.0457285 0.0495853 0.0461837 0.0477479 0.0647881 0.0537905 0.0576265 0.0457623 0.0402287 0.0623419 0.0547643 0.0541943 0.042312 0.0561364 0.0497576 0.0494414 0.0415637 0.0418501 
0.0453485 0.0435257 0.0434521 0.0471928 0.0426911 0.047754 0.065837 0.0553996 0.0560962 0.0456727 0.0463914 0.0684998 0.06529 0.0493395 0.0476116 0.0468156 0.0460876 0.0553046 0.0450807 0.0366098 
0.0422192 0.0396115 0.0412138 0.045137 0.0394494 0.047428 0.0658495 0.056141 0.0538327 0.0455218 0.0526528 0.0740087 0.0761331 0.0445561 0.0528389 0.0387103 0.0426851 0.0613353 0.048559 0.032117 
0.0395159 0.0359876 0.0391436 0.0434608 0.0365863 0.0468474 0.0649894 0.0560476 0.0510937 0.0453319 0.0585671 0.0786232 0.0866366 0.0401782 0.057657 0.0321377 0.0397249 0.0671882 0.0517933 0.0284902 
0.0373169 0.0328257 0.0373198 0.042139 0.0341529 0.0461104 0.0635469 0.0552751 0.0481681 0.0451249 0.0637934 0.0823082 0.0962986 0.0364206 0.0618348 0.0271219 0.0372862 0.0726081 0.0546459 0.0257029 
0.0356065 0.0301972 0.0357635 0.0411066 0.032132 0.0453049 0.0618423 0.0540348 0.0453061 0.0449166 0.0681442 0.0851991 0.104839 0.0333619 0.0652659 0.0234717 0.0353588 0.0774587 0.0570592 0.0236316 
0.0657858 0.0531428 0.0503565 0.0590655 0.0528453 0.0413312 0.0572628 0.0394636 0.0602288 0.04598 0.0204151 0.04006 0.0252726 0.0736447 0.0226129 0.107953 0.0637121 0.033148 0.0289481 0.0587718 
0.0636398 0.0516312 0.0490771 0.0569247 0.0505408 0.0421565 0.0611116 0.0420258 0.0619324 0.0462446 0.0222238 0.0450364 0.0299014 0.0714596 0.0246584 0.099418 0.0614404 0.0356898 0.0304252 0.0544627 
0.0608459 0.0497637 0.0475195 0.0546431 0.0479709 0.0429304 0.0649539 0.0447786 0.0632338 0.046433 0.0247516 0.0509299 0.036134 0.0683639 0.0273331 0.0894886 0.0587117 0.0391322 0.0323382 0.0497445 
0.0574604 0.0474641 0.0456739 0.0522867 0.0451695 0.0435803 0.0684503 0.0475081 0.0638635 0.0465471 0.0280897 0.0576023 0.0441561 0.064337 0.0306649 0.0785266 0.0555728 0.0435683 0.0347026 0.0447762 
0.0536564 0.0447349 0.0435829 0.0499606 0.0422233 0.0440344 0.0712194 0.0499407 0.0635972 0.0465877 0.032213 0.0647289 0.0539154 0.0595126 0.0345792 0.0671444 0.0521449 0.048959 0.0374657 0.0397998 
0.0497071 0.0416796 0.0413469 0.0477897 0.039264 0.0442435 0.0729411 0.0518065 0.0623368 0.0465574 0.0369451 0.0718351 0.0650479 0.0541865 0.0388821 0.0561146 0.0486217 0.0550993 0.040497 0.0350985 
0.0459196 0.0384859 0.0391033 0.0458812 0.0364392 0.0441996 0.0734678 0.0529199 0.0601587 0.0464657 0.0419777 0.0784171 0.0769199 0.0487593 0.0432909 0.0461807 0.045231 0.0616463 0.0436107 0.0309258 
0.0425497 0.035372 0.0369869 0.0442904 0.0338733 0.0439388 0.0728767 0.0532347 0.0572956 0.0463287 0.0469456 0.0840942 0.0887876 0.0436316 0.0475069 0.0378574 0.0421734 0.0682061 0.0466124 0.0274382 
0.0397419 0.0325236 0.035094 0.043011 0.0316375 0.0435251 0.0714316 0.0528392 0.0540606 0.0461655 0.0515217 0.0887069 0.0999917 0.0391037 0.0512884 0.0313291 0.0395738 0.0744382 0.049347 0.0246698 
0.0375221 0.0300556 0.033466 0.0419925 0.0297442 0.0430251 0.0694847 0.0519078 0.0507587 0.0459922 0.0554834 0.0923152 0.110084 0.0353289 0.0544918 0.026485 0.0374668 0.0801172 0.051725 0.0225539 
0.0693553 0.0460903 0.0469234 0.0561033 0.045062 0.0389832 0.0648109 0.0389082 0.0660667 0.0468315 0.0193655 0.0453103 0.0289821 0.0767443 0.0210815 0.113636 0.0621405 0.0352572 0.028467 0.0498809 
0.0664631 0.0449364 0.0454282 0.0540929 0.0430045 0.0395907 0.0690884 0.0413642 0.0677127 0.0470533 0.020971 0.0513147 0.0348087 0.0737516 0.0230025 0.103283 0.0598104 0.0384176 0.0299164 0.0459894 
0.0628771 0.0434725 0.0436727 0.0520238 0.0407623 0.0401455 0.073166 0.0439099 0.06876 0.047202 0.0231885 0.0582708 0.0424899 0.0697559 0.0254535 0.0915695 0.0570694 0.0426069 0.0317622 0.041842 
0.0587352 0.0416417 0.0416754 0.0499676 0.0383767 0.0405978 0.0766376 0.0463175 0.0689344 0.0472834 0.0260582 0.0659226 0.0521126 0.0648251 0.0284198 0.0790466 0.0539897 0.0478672 0.0339923 0.0375989 
0.054298 0.0394608 0.0395087 0.0480201 0.0359295 0.0409045 0.0791034 0.0483293 0.0680563 0.0473011 0.0295132 0.0738194 0.0634596 0.0592021 0.0317943 0.0665033 0.0507163 0.0540763 0.0365295 0.0334743 
0.0499008 0.0370302 0.0372905 0.0462751 0.0335295 0.0410435 0.0802954 0.0497271 0.0661153 0.0472611 0.0333683 0.0814052 0.075985 0.053276 0.0353813 0.0548026 0.0474489 0.060939 0.0392362 0.0296891 
0.0458634 0.0345095 0.0351533 0.0447923 0.0312847 0.0410224 0.0801729 0.0503988 0.0632875 0.0471738 0.0373561 0.0881762 0.0889257 0.0474895 0.0389393 0.0446547 0.0443935 0.0680502 0.0419445 0.026412 
0.0424063 0.0320693 0.033206 0.0435794 0.0292735 0.0408745 0.0789297 0.0503637 0.0598801 0.0470538 0.0411966 0.0938265 0.101502 0.0422229 0.0422434 0.0364441 0.0417076 0.0750021 0.0444987 0.0237202 
0.0396155 0.0298466 0.0315102 0.0425997 0.02753 0.0406427 0.0769143 0.0497474 0.0562374 0.0469156 0.044664 0.0983019 0.113096 0.0377153 0.0451335 0.0301965 0.0394683 0.0814784 0.0467887 0.0215978 
0.0374611 0.0279209 0.0300783 0.0417966 0.0260481 0.0403647 0.0745158 0.048729 0.0526593 0.0467695 0.0476227 0.101752 0.123337 0.0340491 0.04753 0.0256732 0.0376737 0.087291 0.048762 0.0199665 
0.0746861 0.0409315 0.0450551 0.0551891 0.0402143 0.0363382 0.0676064 0.0362663 0.0694556 0.047292 0.0173325 0.0450566 0.027958 0.0813893 0.018406 0.127231 0.0622741 0.03467 0.0269383 0.0457101 
0.0717852 0.0403187 0.0436243 0.0533897 0.0385631 0.0367786 0.0721894 0.0384194 0.0713821 0.0475471 0.0182829 0.0509998 0.0332686 0.0785835 0.0197681 0.116772 0.0603194 0.0375017 0.0280086 0.0424977 
0.0681137 0.0395189 0.0419629 0.0515527 0.0367781 0.0372098 0.0767317 0.0407391 0.0728093 0.0477272 0.0196698 0.0580264 0.0404151 0.0747463 0.0215395 0.104666 0.0579771 0.04135 0.0294151 0.0390514 
0.0637642 0.0384437 0.0400709 0.0497249 0.0348689 0.0376023 0.0808325 0.0430456 0.0734347 0.0478421 0.0215626 0.0659661 0.0496069 0.069878 0.0237373 0.0913712 0.0552794 0.0463288 0.0311721 0.0354681 
0.0589643 0.0370485 0.0379943 0.0479766 0.0328778 0.0379262 0.0840447 0.0451097 0.073011 0.047899 0.0239639 0.0744318 0.0607864 0.0641505 0.0263142 0.0776313 0.0523224 0.0524063 0.0332439 0.0318975 
0.0540513 0.0353561 0.035828 0.0463854 0.0308756 0.0381591 0.085995 0.0467043 0.0714352 0.0479029 0.0267849 0.0828646 0.0735474 0.0579102 0.029148 0.064366 0.0492662 0.0593644 0.0355386 0.0285171 
0.0493917 0.0334573 0.0336947 0.0450103 0.0289468 0.0382939 0.0865104 0.047671 0.0688018 0.0478604 0.0298526 0.0906724 0.0871797 0.0516093 0.0320601 0.0524487 0.046303 0.0668255 0.0379228 0.0254878 
0.0452815 0.031485 0.0317105 0.0438698 0.0271663 0.0383412 0.0856767 0.0479654 0.0653799 0.0477812 0.032951 0.0974038 0.100842 0.0456903 0.0348595 0.0424786 0.0436066 0.0743463 0.0402535 0.022911 
0.041881 0.0295741 0.0299542 0.0429396 0.0255809 0.0383226 0.0837958 0.047658 0.0615276 0.047677 0.0358765 0.10286 0.113774 0.0404789 0.0373886 0.0346677 0.0412893 0.0815311 0.0424125 0.0208117 
0.0392098 0.027829 0.0284572 0.0421703 0.0242045 0.0382606 0.0812748 0.0468957 0.0575946 0.0475578 0.0384809 0.107094 0.125435 0.0361376 0.03955 0.0288821 0.0393864 0.0881023 0.0443268 0.0191511 
0.0766721 0.0361283 0.0421451 0.0526626 0.0347876 0.0345021 0.0742812 0.0359455 0.074235 0.0479055 0.0164369 0.0501261 0.031656 0.0827228 0.0174315 0.129474 0.0603588 0.0364907 0.0265659 0.0394724 
0.0730216 0.0358208 0.0405762 0.0510025 0.033358 0.0348078 0.0791502 0.0380214 0.0759802 0.0481178 0.0172424 0.0570322 0.038146 0.0791413 0.0187047 0.117336 0.058388 0.039944 0.0276142 0.0365953 
0.0685958 0.0353388 0.038792 0.0493537 0.0318321 0.0351138 0.0837638 0.0401769 0.0770286 0.0482645 0.0184192 0.0650256 0.0466894 0.0744801 0.0203142 0.103669 0.0560704 0.0445334 0.0289701 0.0335692 
0.0635744 0.0346015 0.0368164 0.0477663 0.0302231 0.0354047 0.0876617 0.0422194 0.0770858 0.0483558 0.0200066 0.0738101 0.0573788 0.0688325 0.022249 0.089124 0.0534594 0.0503124 0.0306274 0.030491 
0.058271 0.0335723 0.0347206 0.0463025 0.0285699 0.0356649 0.0903951 0.0439315 0.0759646 0.0483984 0.0219821 0.0828719 0.0699752 0.0624767 0.0244411 0.0746083 0.0506712 0.057156 0.0325328 0.0274942 
0.0530735 0.032276 0.0326125 0.0450178 0.0269316 0.0358835 0.0916645 0.0451284 0.0736638 0.0483965 0.0242507 0.09158 0.0838841 0.0558409 0.0267687 0.061101 0.0478707 0.0647488 0.0345885 0.0247191 
0.0483427 0.0307941 0.0306087 0.0439386 0.0253718 0.0360576 0.0914228 0.0457134 0.0703847 0.048356 0.0266626 0.099361 0.0982729 0.0494005 0.0290817 0.0494006 0.0452315 0.0726499 0.0366729 0.022276 
0.0443199 0.0292397 0.0288016 0.0430531 0.0239418 0.0361927 0.0898839 0.045701 0.0664701 0.0482847 0.0290516 0.105859 0.112282 0.0435582 0.0312392 0.0399364 0.0428895 0.0804069 0.0386708 0.0202184 
0.0410915 0.0277233 0.0272407 0.0423204 0.0226693 0.0362968 0.087434 0.0451972 0.0623007 0.0481912 0.0312753 0.110996 0.125217 0.0385629 0.033139 0.0327341 0.0409143 0.0876574 0.0404968 0.0185418 
0.0386138 0.0263295 0.0259341 0.0416926 0.0215601 0.0363754 0.0845105 0.0443579 0.0582091 0.0480817 0.0332402 0.114924 0.136635 0.0344981 0.0347298 0.0275216 0.0393075 0.0941702 0.0421063 0.0172019 
