20 hexa 10 10 gaussian
#SNAPSHOT FILE
#iterations: 24000 (40000 total)
0.033209 0.101865 0.0622355 0.0787679 0.117621 0.0526412 0.0186313 0.0417551 0.0263071 0.041361 0.0232318 0.0185967 0.0135771 0.0381513 0.034111 0.0374703 0.0640852 0.02355 0.0303558 0.142478 
0.0324585 0.110081 0.0646777 0.0714179 0.110122 0.0592211 0.019737 0.0504871 0.0269009 0.041643 0.0259493 0.0203934 0.014446 0.0397878 0.0369294 0.0346251 0.0607633 0.0238808 0.0307599 0.125719 
0.0315202 0.116545 0.0673718 0.0626748 0.100917 0.0669747 0.0208959 0.0616786 0.0274036 0.041872 0.0309394 0.0225538 0.0157088 0.0412189 0.0419044 0.0314423 0.0561488 0.0244478 0.031992 0.10579 
0.0304296 0.118023 0.0696769 0.0535169 0.0909419 0.0745426 0.0218724 0.073885 0.0275907 0.0419671 0.0396353 0.0248779 0.017443 0.0419404 0.0501156 0.0280119 0.0503683 0.0253742 0.0347511 0.085036 
0.0292853 0.11224 0.0707451 0.045111 0.081329 0.0799094 0.0224709 0.084416 0.0272525 0.0418159 0.0534996 0.027108 0.019704 0.0415914 0.0623066 0.0245791 0.043957 0.0267883 0.0397025 0.0661884 
0.0282237 0.0993616 0.0699516 0.0383982 0.0730276 0.0812506 0.0226231 0.0902694 0.0262981 0.0413181 0.0730524 0.028983 0.022497 0.0401489 0.0782157 0.0214534 0.037721 0.0287318 0.0470956 0.0513797 
0.0273745 0.0822567 0.0673442 0.0337684 0.0665146 0.0780486 0.0224218 0.0897872 0.0248422 0.0404569 0.0968235 0.0303194 0.0257166 0.0379643 0.0961741 0.018881 0.032422 0.0310785 0.0564295 0.0413758 
0.0268178 0.0649924 0.0636736 0.0310377 0.0617646 0.0715143 0.022064 0.0837349 0.0231786 0.0393375 0.121414 0.0310907 0.029137 0.0355789 0.113586 0.0169591 0.0284789 0.0335665 0.066518 0.0355552 
0.0265656 0.0506809 0.0599122 0.0296951 0.0584121 0.0638072 0.0217399 0.0747022 0.02163 0.0381471 0.143079 0.0314367 0.0325201 0.0334442 0.128164 0.0156399 0.0258869 0.035945 0.0760228 0.0325692 
0.0265779 0.0404307 0.0567221 0.0292079 0.0559567 0.0567861 0.0215635 0.065439 0.0204036 0.0370736 0.159475 0.0315911 0.0357641 0.031769 0.138838 0.0148026 0.0243705 0.038108 0.0840053 0.0311158 
0.0377928 0.0987355 0.0635111 0.0757817 0.106302 0.0532358 0.0222117 0.0444689 0.0298256 0.042948 0.0234564 0.0205589 0.0144055 0.0446011 0.0324786 0.0434212 0.0678087 0.025881 0.0299136 0.122662 
0.0365175 0.106349 0.0654198 0.0679034 0.0984185 0.0599076 0.0240311 0.0543454 0.0309365 0.0432467 0.026705 0.0231853 0.0156956 0.0460924 0.0358077 0.0390275 0.0634546 0.0263813 0.0306715 0.105904 
0.0349086 0.110923 0.0672206 0.0590824 0.0893985 0.0672248 0.0258114 0.0661698 0.0317914 0.0434423 0.0325757 0.0262999 0.0175696 0.0468303 0.0416365 0.0342002 0.0576432 0.0272636 0.0326153 0.0873933 
0.0330998 0.109594 0.0682747 0.0504231 0.0802378 0.0736253 0.0271758 0.0778897 0.0320188 0.0434394 0.0424729 0.0295937 0.0201564 0.0463249 0.0509379 0.0292885 0.050761 0.0287372 0.0365041 0.0694457 
0.0313066 0.101088 0.0679188 0.0430189 0.0719453 0.0772139 0.0278164 0.0865079 0.0313318 0.043122 0.0574915 0.0326196 0.0235433 0.0444224 0.0641033 0.0247714 0.0435966 0.0309552 0.0429185 0.0543094 
0.0297593 0.0867767 0.0658909 0.0375397 0.0651938 0.0767362 0.0276524 0.0894497 0.0297094 0.0424131 0.0773715 0.0349215 0.0276838 0.041442 0.0803233 0.0210616 0.0370792 0.0338748 0.0518186 0.0433027 
0.0286235 0.0701577 0.0625875 0.0340496 0.0601589 0.0724306 0.0268896 0.0861441 0.0274698 0.0413463 0.0998505 0.0362429 0.0323174 0.0380471 0.0975034 0.0183425 0.0319064 0.0372043 0.0623029 0.036425 
0.0279504 0.0549151 0.0588491 0.0321499 0.0566048 0.0659153 0.0259022 0.0783757 0.0251209 0.0400776 0.121422 0.0366664 0.0370465 0.0349073 0.11312 0.0165436 0.0283062 0.0405348 0.072908 0.0326846 
0.027689 0.0431729 0.0554446 0.0312936 0.0540857 0.0591456 0.0250265 0.0690043 0.0230929 0.0388182 0.139104 0.0365437 0.0415597 0.0324098 0.125416 0.0154509 0.0260854 0.0435618 0.0822782 0.0308181 
0.0277391 0.0352061 0.052741 0.0310288 0.052115 0.0534482 0.0244506 0.06037 0.0215875 0.0377526 0.151589 0.0363005 0.0458015 0.0306182 0.133883 0.0148404 0.0248661 0.0462062 0.0896184 0.029838 
0.0452527 0.0854452 0.0625273 0.0786459 0.0986888 0.0476463 0.0254157 0.039055 0.0334953 0.0443518 0.0214489 0.0209062 0.014435 0.0512287 0.0282368 0.0574042 0.0747177 0.0282135 0.0290674 0.113818 
0.0436854 0.0927925 0.0635477 0.0720768 0.0923904 0.0528271 0.0280182 0.0471847 0.0353102 0.0447385 0.0234159 0.0239483 0.0157229 0.0528323 0.0303289 0.0514788 0.0708529 0.0286517 0.0295031 0.100694 
0.0415116 0.0989693 0.0645098 0.0641772 0.0848003 0.0590756 0.0308821 0.0577189 0.0370457 0.0450509 0.0270877 0.0279005 0.0177024 0.0536417 0.0341714 0.0447165 0.0653368 0.0294629 0.0307841 0.0854549 
0.0388746 0.101196 0.0650448 0.0558552 0.0766629 0.0654154 0.0334836 0.0693803 0.0381774 0.0452154 0.0335791 0.0325092 0.0206019 0.0530279 0.040721 0.0375659 0.0583662 0.0309448 0.0336288 0.0697501 
0.0360707 0.09731 0.0646456 0.0482083 0.068895 0.0702947 0.0352069 0.0796724 0.0381626 0.0451212 0.0440923 0.0372057 0.0246367 0.050662 0.0507267 0.0307486 0.0506035 0.0333971 0.0387876 0.0555528 
0.0334718 0.0871381 0.0629482 0.0421146 0.0622705 0.0721944 0.0356056 0.0856941 0.0367124 0.0446542 0.059172 0.0411953 0.0298902 0.0467622 0.0641441 0.0249912 0.0430352 0.0369398 0.0466396 0.0444265 
0.0313966 0.0729191 0.0600468 0.0379141 0.0571595 0.0705233 0.0346746 0.085711 0.0340252 0.0437708 0.077817 0.0437824 0.0361436 0.0420732 0.0796922 0.0207213 0.0366033 0.0413462 0.0567558 0.0369244 
0.03 0.0581444 0.0565207 0.0354006 0.0534953 0.0660493 0.0328843 0.0802817 0.0307425 0.0425574 0.0974089 0.0447546 0.042851 0.0375201 0.0951382 0.0179362 0.0318348 0.0460765 0.0678517 0.0325522 
0.029251 0.04566 0.0530917 0.0340844 0.0509309 0.0603885 0.0308988 0.0718023 0.0275987 0.0412096 0.114918 0.0444807 0.0493933 0.033771 0.108336 0.0163182 0.0287241 0.0505488 0.0783261 0.0302683 
0.0290031 0.0366101 0.0502339 0.0334835 0.0490261 0.0550318 0.0292303 0.0629329 0.0250701 0.0399474 0.128374 0.043637 0.0554126 0.0310454 0.118136 0.0154706 0.0269157 0.0544148 0.0869482 0.0290768 
0.0530085 0.0773086 0.06155 0.0741889 0.0827823 0.0463036 0.0327613 0.0406481 0.0404339 0.0461069 0.0208156 0.0248972 0.0158327 0.0609733 0.025441 0.0700972 0.0769756 0.0308818 0.0284243 0.0905695 
0.0503566 0.0835867 0.061589 0.06771 0.0768598 0.050987 0.0368972 0.0492733 0.0431792 0.0465316 0.0228727 0.0296127 0.0178314 0.0619713 0.0277842 0.0611173 0.0721167 0.0315996 0.0291807 0.0789427 
0.0468619 0.0879034 0.0612895 0.0603741 0.0701881 0.0563279 0.0411656 0.0597318 0.0455126 0.0468664 0.0267004 0.0356165 0.020935 0.0614187 0.032006 0.0511141 0.0655652 0.0330088 0.0310736 0.0663409 
0.0428632 0.0879155 0.060385 0.053117 0.0634614 0.0613258 0.044672 0.0702964 0.0466356 0.0470188 0.0332971 0.0423701 0.0255254 0.0587688 0.0389162 0.0410499 0.0577707 0.0355636 0.0348524 0.0541955 
0.0388811 0.0823377 0.058611 0.0468782 0.0574127 0.0646644 0.0464681 0.0783444 0.0458836 0.0468646 0.0435105 0.0488061 0.0318987 0.0540434 0.0489467 0.03209 0.0496307 0.0396144 0.0411541 0.0439599 
0.0354491 0.0719196 0.0559313 0.0422228 0.0525343 0.0653471 0.0460386 0.0815151 0.0431393 0.0463015 0.0573047 0.0536504 0.0400097 0.0479678 0.0616338 0.0251302 0.0422147 0.0451374 0.0500437 0.0365088 
0.0329187 0.059223 0.0526724 0.0391775 0.0489333 0.0633297 0.0436642 0.0791311 0.0390091 0.0453262 0.0732324 0.0560694 0.0492757 0.0416927 0.075448 0.0204469 0.036336 0.0515951 0.0606866 0.0318326 
0.0313553 0.0471855 0.0493848 0.0373829 0.0463987 0.0595479 0.0402802 0.0726097 0.0345203 0.0440689 0.0888656 0.0561468 0.0587366 0.03625 0.0883572 0.017714 0.0322644 0.0581295 0.0715586 0.0292431 
0.0305925 0.0376707 0.0465353 0.0363855 0.0445733 0.0552873 0.0369151 0.0644344 0.0305637 0.0427443 0.102019 0.0547393 0.0675413 0.0321487 0.0987831 0.0163246 0.0297687 0.0639809 0.0811238 0.0278687 
0.0303754 0.0310922 0.0443148 0.0358336 0.0430887 0.0515085 0.0342304 0.0567345 0.0275659 0.0415605 0.111662 0.0529118 0.0753247 0.0293709 0.106119 0.0157173 0.0283917 0.0687705 0.0883958 0.0270321 
0.0637533 0.0617846 0.0592043 0.0735569 0.0707195 0.0408462 0.0378672 0.0351655 0.04592 0.0471021 0.0187884 0.0260213 0.0160959 0.0693336 0.0212733 0.094625 0.0803172 0.0325542 0.027483 0.0775886 
0.0608586 0.0670516 0.0584849 0.0687285 0.0663837 0.0438664 0.0432608 0.0416603 0.0496452 0.0475862 0.019735 0.0312794 0.0179933 0.0706092 0.0226223 0.0836744 0.0763768 0.0331676 0.0278305 0.0691855 
0.0566811 0.0719222 0.0573355 0.0628639 0.0613271 0.0476798 0.0493857 0.0501612 0.053308 0.0480456 0.0216711 0.0384839 0.0210986 0.0703418 0.0251313 0.0707258 0.0707196 0.0344171 0.0289185 0.0597825 
0.0515302 0.0744276 0.0556902 0.0566268 0.0559705 0.0518102 0.0552163 0.0597063 0.0559356 0.0484136 0.0252801 0.0473162 0.0259629 0.0677605 0.0294637 0.0568695 0.0635542 0.0368712 0.0313741 0.0502204 
0.0460217 0.0728476 0.0534779 0.050845 0.0508802 0.0554038 0.0593236 0.0683348 0.0564704 0.0485785 0.0313403 0.0566502 0.0331456 0.0626006 0.0361947 0.0437136 0.0555607 0.0411182 0.0358905 0.0416024 
0.0409169 0.0667325 0.0507142 0.0461796 0.046553 0.0575285 0.0604592 0.0737006 0.0543116 0.0484127 0.0402928 0.0646952 0.042918 0.0554129 0.0454164 0.0328104 0.0477659 0.0474534 0.0428798 0.0348464 
0.0368431 0.0573634 0.0475997 0.0428603 0.0432189 0.0576786 0.058301 0.0743091 0.049774 0.0478376 0.0516846 0.0697634 0.0548842 0.0474432 0.0563909 0.0250077 0.0411585 0.0555563 0.0520489 0.0302771 
0.0340698 0.047087 0.0444986 0.0406994 0.0408113 0.0560819 0.0537245 0.0704479 0.0440065 0.0468882 0.0640405 0.071212 0.0678958 0.0400739 0.0676426 0.0202114 0.0362896 0.064466 0.0622768 0.0275767 
0.0324895 0.0380203 0.0417731 0.0393288 0.0390861 0.0535118 0.0482712 0.0639162 0.0383536 0.0457183 0.0755102 0.0697405 0.0805189 0.0342184 0.0775976 0.0176851 0.0331454 0.0729878 0.0720329 0.0260944 
0.0317804 0.0312009 0.0396187 0.0384244 0.0377561 0.0507957 0.0432932 0.056843 0.0337104 0.0445324 0.0847846 0.06681 0.0917157 0.0301019 0.0852695 0.0165603 0.0313342 0.080219 0.0800352 0.0252148 
0.0717601 0.0518524 0.0552989 0.0669958 0.0551435 0.0383486 0.0491385 0.0355402 0.0556633 0.0480482 0.0175381 0.0327169 0.0182506 0.077977 0.0187702 0.110576 0.0771292 0.0337777 0.0268062 0.0586692 
0.0672495 0.0561631 0.0535476 0.0627381 0.0515372 0.0405983 0.056922 0.0418765 0.0605199 0.0485332 0.0182657 0.0406569 0.02113 0.0781223 0.0202171 0.0953192 0.0726164 0.0348047 0.027271 0.0519114 
0.0612531 0.0596644 0.0512413 0.0579056 0.0475847 0.0433753 0.0651573 0.0496246 0.0647371 0.0490187 0.0198834 0.0511058 0.0258707 0.0759779 0.0227573 0.0779159 0.0665822 0.0369583 0.0286206 0.0447661 
0.0543818 0.0607751 0.0484687 0.053094 0.0436336 0.0462899 0.0721432 0.0575548 0.0669688 0.0494191 0.022948 0.0631579 0.0332708 0.0709602 0.0268751 0.0602461 0.0594328 0.0409903 0.0314564 0.0379338 
0.0475617 0.0584265 0.0453842 0.0489075 0.0400789 0.0487454 0.0759096 0.0637763 0.0660855 0.0496135 0.0279805 0.0747959 0.043984 0.0632996 0.0328771 0.0445412 0.0520006 0.0475241 0.0363194 0.0321888 
0.0417137 0.0527682 0.0422071 0.0456833 0.0371831 0.0501934 0.0752189 0.0665611 0.0618815 0.0494869 0.0350902 0.0835313 0.0580341 0.0541294 0.0405936 0.0324681 0.0452814 0.0566341 0.0433355 0.0280054 
0.0373997 0.0451764 0.0391986 0.0433916 0.0349878 0.0504259 0.0703797 0.0653387 0.0553313 0.0489918 0.0436638 0.0876663 0.0744305 0.0450334 0.0492323 0.0244923 0.0400192 0.0675598 0.051925 0.0253563 
0.03468 0.0374721 0.0365989 0.0417792 0.0333672 0.0496612 0.0631008 0.0610077 0.0480802 0.0481893 0.0525046 0.087217 0.0913566 0.0373317 0.0576157 0.0199811 0.0364423 0.0788883 0.0608925 0.0238339 
0.0332391 0.0310088 0.0345472 0.0405847 0.0321354 0.0483617 0.0554712 0.0552828 0.0415719 0.0472277 0.0604217 0.0837027 0.106967 0.0316228 0.0647082 0.0178172 0.0343091 0.0891605 0.0689223 0.0229382 
0.0326348 0.0262998 0.0330495 0.0396425 0.0311116 0.0469666 0.0489838 0.0497272 0.0365273 0.0462729 0.0667652 0.079121 0.120136 0.027823 0.0700055 0.0169743 0.033164 0.0974165 0.0750863 0.0222928 
0.0816769 0.0396959 0.0522159 0.0631812 0.0449886 0.0345686 0.0538869 0.031149 0.0606013 0.0479819 0.0161305 0.0338278 0.0186432 0.0830101 0.016117 0.138487 0.0746423 0.0333894 0.0261353 0.0496713 
0.077241 0.0429578 0.0502126 0.0603078 0.0424798 0.0355663 0.0627876 0.0355689 0.0662906 0.0483786 0.0161687 0.0419178 0.0211371 0.0834892 0.0170225 0.122137 0.0712296 0.0341747 0.026165 0.0447681 
0.0708739 0.0463847 0.0475421 0.0569006 0.0397183 0.0370227 0.0729697 0.0413716 0.0718492 0.0488502 0.0166213 0.0531763 0.0254028 0.0819655 0.0185374 0.102239 0.0665003 0.0359125 0.0267064 0.0394555 
0.0630762 0.0488098 0.0443543 0.0532974 0.036859 0.0388619 0.0827546 0.047908 0.0758278 0.0493445 0.0178393 0.0671305 0.032382 0.0775948 0.0209702 0.0806555 0.0606113 0.0393976 0.0282155 0.03411 
0.0548193 0.0490723 0.0409169 0.0499372 0.0341465 0.0408453 0.0897124 0.053871 0.0766757 0.0497641 0.0202446 0.0819231 0.0430512 0.0702169 0.0246019 0.0600977 0.0541249 0.0454752 0.0311979 0.029306 
0.0472576 0.0466307 0.0375394 0.0471503 0.0317923 0.0426278 0.0916715 0.057722 0.0735755 0.0499944 0.0241341 0.0946164 0.0579496 0.0606581 0.029513 0.043119 0.0478947 0.0546338 0.0359799 0.0255401 
0.041272 0.0419293 0.0344844 0.0450043 0.0298786 0.0439018 0.0879717 0.0584844 0.0670455 0.0499465 0.029415 0.102475 0.0765911 0.0504705 0.035415 0.0310352 0.042721 0.0665586 0.0424259 0.022974 
0.0371799 0.0361557 0.0319213 0.0433521 0.0283663 0.0445321 0.0799232 0.056296 0.0587299 0.0496024 0.0355044 0.104415 0.0972469 0.0412395 0.0416446 0.0236399 0.0390222 0.0799979 0.0498206 0.0214111 
0.0347732 0.030587 0.0299218 0.0420042 0.0271677 0.0445871 0.0700253 0.0522532 0.0505073 0.0490298 0.0415639 0.101444 0.117498 0.0339587 0.0474102 0.0197647 0.0367472 0.0931833 0.0570916 0.0204823 
0.033573 0.0260493 0.0284713 0.0408488 0.0261935 0.044264 0.0606306 0.0477171 0.043648 0.0483463 0.0469174 0.0958402 0.135261 0.028848 0.052138 0.0180632 0.0355353 0.10455 0.0632535 0.0198528 
0.0856842 0.0332237 0.0474496 0.056535 0.0351938 0.0323903 0.0666827 0.0312543 0.0703307 0.0478423 0.0150144 0.0423723 0.0212158 0.0862437 0.0150695 0.148041 0.0675972 0.0328539 0.0255156 0.0394907 
0.0794408 0.0360684 0.0447445 0.0542838 0.033299 0.0328459 0.07802 0.0353851 0.0767764 0.0481888 0.0148602 0.0535898 0.0248223 0.0852649 0.0160982 0.127166 0.0640461 0.0341663 0.0255347 0.0353991 
0.071281 0.0388197 0.0414199 0.0518259 0.0313286 0.0336702 0.0899488 0.0404164 0.0822187 0.0486378 0.0150762 0.0683246 0.0309407 0.0817719 0.0176341 0.103008 0.059484 0.0369642 0.0261378 0.0310915 
0.0620887 0.0405175 0.0377757 0.0494053 0.0293901 0.034871 0.0999532 0.0455426 0.0848888 0.0491229 0.0159665 0.0851916 0.04073 0.0752479 0.0198436 0.078398 0.0542097 0.0421615 0.0277312 0.0269644 
0.0531328 0.0403611 0.0341991 0.0472606 0.0276029 0.0363465 0.10519 0.0495787 0.0834241 0.0495473 0.0178332 0.101277 0.055162 0.0661015 0.022835 0.0566081 0.0488508 0.0505376 0.0306725 0.0234799 
0.0455755 0.038151 0.0310139 0.0454829 0.0260268 0.0378935 0.103931 0.0514911 0.0777306 0.0498151 0.0208027 0.113156 0.0743985 0.055637 0.0265593 0.0399467 0.0441387 0.0622654 0.0350702 0.0209144 
0.0400339 0.0344047 0.0283896 0.0439931 0.0246553 0.0392717 0.0966048 0.0509545 0.0691419 0.0498675 0.0246807 0.11857 0.0972559 0.0454901 0.0307387 0.0289467 0.0405918 0.0765534 0.0406158 0.0192399 
0.0364943 0.0300533 0.026359 0.0426591 0.0234661 0.0402945 0.0855506 0.0484927 0.0597079 0.0497062 0.028981 0.117527 0.121285 0.0369461 0.0349163 0.0226749 0.0383361 0.0917333 0.0466044 0.0182116 
0.0345287 0.0259774 0.0248793 0.0414131 0.0224518 0.0408986 0.0737165 0.0451128 0.051194 0.0493877 0.033154 0.112029 0.143669 0.030573 0.0386407 0.0196137 0.0371514 0.105872 0.0521929 0.0175447 
0.0335889 0.0227071 0.0238759 0.0402678 0.0216062 0.0411462 0.0633532 0.0417695 0.044508 0.0489846 0.0368458 0.104804 0.162316 0.0262838 0.041655 0.0183845 0.0366561 0.117487 0.0567258 0.0170351 
0.0921798 0.0266807 0.0452254 0.0524878 0.0299037 0.0305475 0.0689118 0.0285381 0.072863 0.0472157 0.014465 0.0423088 0.0213897 0.0871304 0.0138928 0.170635 0.0630643 0.0312711 0.0251625 0.0361269 
0.0864633 0.0288284 0.0427201 0.0509898 0.028558 0.0303652 0.0805678 0.031403 0.0797072 0.0473792 0.0140334 0.0528292 0.024328 0.0864328 0.0147164 0.150349 0.0604054 0.0322125 0.0248839 0.0328275 
0.0784892 0.0313771 0.0395206 0.0494129 0.0272174 0.0304383 0.0937121 0.035139 0.0861608 0.047688 0.013754 0.0672963 0.029425 0.08375 0.0158413 0.125303 0.0569877 0.0343487 0.0249344 0.0292046 
0.0689451 0.0336492 0.0358818 0.0478345 0.0258973 0.0308963 0.10608 0.0392979 0.0904479 0.0481116 0.0138484 0.0849453 0.037876 0.0783194 0.0173283 0.0980549 0.0529059 0.0385402 0.0256257 0.0255144 
0.059069 0.0348632 0.0322101 0.0463705 0.0246292 0.0318153 0.114555 0.0430438 0.090831 0.0485784 0.0145786 0.103294 0.0509109 0.0701244 0.0192251 0.0722287 0.0485475 0.0456898 0.0272736 0.0221627 
0.0502123 0.0344892 0.0288945 0.0450759 0.023418 0.0331505 0.116523 0.0454574 0.0865884 0.0490014 0.0161373 0.118719 0.0692572 0.0600851 0.0215372 0.0510572 0.0444932 0.0563383 0.030071 0.0194944 
0.0432904 0.0325255 0.0261551 0.0438956 0.0222419 0.0347149 0.111313 0.0460011 0.0785266 0.0493082 0.0185214 0.128049 0.09248 0.0496892 0.0241812 0.0360389 0.0412691 0.0702285 0.0339537 0.0176174 
0.0385429 0.029475 0.0240296 0.0427271 0.0210968 0.0362369 0.100571 0.0447871 0.068571 0.0494651 0.021486 0.130091 0.118636 0.0403484 0.0269589 0.0267848 0.0391298 0.0861162 0.0385408 0.0164045 
0.0356732 0.0260685 0.0224585 0.0415225 0.0200249 0.0374763 0.0873385 0.0424592 0.0587955 0.0494812 0.0246374 0.126045 0.14471 0.0329247 0.0296078 0.0218358 0.0380073 0.10208 0.0432284 0.0156262 
0.0341428 0.0229459 0.0213608 0.0403247 0.0190886 0.0383243 0.0745682 0.0398168 0.0506002 0.0493892 0.0276203 0.118603 0.167756 0.0276202 0.0319161 0.0195781 0.0376143 0.116232 0.0474171 0.0150812 
0.0918284 0.0240706 0.0412466 0.047831 0.0252923 0.028993 0.0813038 0.028917 0.0811579 0.0466726 0.0137304 0.051456 0.0239858 0.0865142 0.0138993 0.17016 0.0565998 0.0304189 0.0245258 0.0313969 
0.0844782 0.026206 0.0383434 0.0467895 0.0243398 0.0285925 0.0947377 0.0316478 0.0881435 0.0468013 0.0132324 0.0648903 0.0281157 0.0843768 0.0148409 0.145895 0.0540342 0.0319971 0.0242725 0.0282656 
0.0751386 0.0285375 0.0348988 0.0458238 0.0234514 0.0284885 0.108531 0.0349288 0.0936775 0.0470873 0.0129278 0.0821602 0.0351279 0.0799741 0.0159959 0.117723 0.0509526 0.0352568 0.0244275 0.0248906 
0.0648768 0.0304306 0.0312745 0.0449387 0.0226 0.0288519 0.119691 0.038209 0.0958564 0.0474903 0.0130412 0.101466 0.0463381 0.0729406 0.0173472 0.0891583 0.047538 0.0410924 0.0252534 0.0216064 
0.0551005 0.0312564 0.0278884 0.0441258 0.0217362 0.0297704 0.125066 0.04074 0.0934223 0.0479403 0.0137798 0.119452 0.0628451 0.063766 0.0188746 0.0640629 0.0441887 0.0502474 0.0269507 0.0187871 
0.0469762 0.0306893 0.0250284 0.0433187 0.0207982 0.0311697 0.122933 0.0419223 0.0865484 0.0483645 0.0152288 0.132461 0.0849066 0.0536525 0.0205513 0.0449673 0.0413653 0.0629014 0.0295654 0.0166509 
0.0410296 0.0288526 0.0227777 0.0424173 0.0197613 0.032811 0.113918 0.0416075 0.0767909 0.0487119 0.0172853 0.138226 0.111359 0.0439807 0.0223176 0.0323105 0.0393877 0.0783438 0.0329271 0.0151849 
0.0371617 0.0262272 0.0210823 0.0413682 0.0186753 0.0343855 0.100623 0.0401372 0.0662878 0.0489644 0.0196828 0.136831 0.139553 0.0357971 0.0240665 0.0249688 0.0383208 0.094983 0.0366586 0.0142254 
0.0349128 0.0234155 0.0198546 0.0402161 0.0176444 0.0356536 0.086319 0.0381226 0.0568344 0.0491265 0.022105 0.130421 0.166153 0.0295792 0.0256797 0.0212599 0.0379937 0.110835 0.0402909 0.0135841 
0.0337347 0.0209129 0.0190228 0.0390744 0.0167656 0.0365322 0.0736168 0.0361453 0.0493742 0.0492028 0.0243257 0.121974 0.188361 0.0252864 0.0270902 0.0196705 0.0381119 0.124239 0.0434318 0.0131291 
