20 hexa 10 10 gaussian
#SNAPSHOT FILE
#iterations: 23000 (40000 total)
0.0335763 0.104039 0.0623388 0.0776212 0.115815 0.0529894 0.019148 0.0428982 0.0267027 0.0409802 0.0236758 0.0191268 0.0136989 0.038611 0.0342699 0.0383051 0.0633669 0.0237486 0.030499 0.138589 
0.0328679 0.110658 0.0646704 0.0707552 0.108855 0.0592181 0.0202571 0.0514431 0.0272787 0.0412348 0.0266304 0.0209151 0.0145836 0.0400008 0.037374 0.0353599 0.0600412 0.0241022 0.0311161 0.122639 
0.0319619 0.115201 0.0671482 0.0626324 0.100375 0.0664077 0.0214256 0.062114 0.0277588 0.0414893 0.0319003 0.0230626 0.015853 0.0411696 0.0426033 0.0320631 0.0556154 0.0247117 0.032624 0.103883 
0.0308897 0.115029 0.0691656 0.0540688 0.0911136 0.0733193 0.0224372 0.0735423 0.0279294 0.0416571 0.0408285 0.0253989 0.0176159 0.0417011 0.0509237 0.0285135 0.0501707 0.0257045 0.0356731 0.0843182 
0.02975 0.108439 0.0699705 0.0460712 0.0820008 0.0781769 0.0230949 0.0832991 0.0275862 0.0416119 0.054688 0.0276826 0.0199601 0.041294 0.0629518 0.0249595 0.0441312 0.0271982 0.0408174 0.0663175 
0.0286868 0.0958093 0.0690472 0.0395178 0.0738882 0.079402 0.0233052 0.0887325 0.0266396 0.0412403 0.0737766 0.0296428 0.0228988 0.0399232 0.0783408 0.0217239 0.0381926 0.029214 0.0481584 0.0518604 
0.0278389 0.0797285 0.0664888 0.0348478 0.0672868 0.0765704 0.0231312 0.0884121 0.0252013 0.040514 0.0965809 0.0310725 0.0263056 0.0378842 0.0954794 0.0190733 0.0330606 0.0316136 0.0571031 0.041807 
0.0272874 0.0636866 0.0629883 0.031974 0.0622686 0.0707413 0.0227579 0.0830242 0.023554 0.0395225 0.119994 0.0319257 0.0299285 0.0356455 0.112017 0.0171127 0.0291562 0.0341456 0.0665275 0.0357433 
0.0270361 0.0503155 0.0594109 0.0304634 0.0585644 0.0637732 0.0223853 0.0748207 0.0220068 0.0384324 0.140721 0.0323313 0.0335126 0.0336083 0.125955 0.0157844 0.0265121 0.0365772 0.0752899 0.0324995 
0.0270329 0.0405735 0.0563491 0.0298198 0.0557491 0.0572854 0.022147 0.0662195 0.0207602 0.0374171 0.156684 0.0325168 0.036937 0.0319703 0.136367 0.0149495 0.0248975 0.0388026 0.0826563 0.0308658 
0.0380765 0.100384 0.0632468 0.0748439 0.104903 0.0534008 0.0228569 0.0455751 0.0302734 0.0423333 0.023981 0.0212431 0.0145999 0.0445644 0.0327711 0.0443564 0.0665861 0.0260193 0.0301663 0.119819 
0.036868 0.106316 0.0650392 0.0675272 0.0976315 0.0596611 0.0246681 0.0550781 0.0313243 0.0426187 0.0274773 0.023877 0.0159039 0.0457266 0.0363789 0.0398971 0.0623833 0.026568 0.0311572 0.103899 
0.0353239 0.10912 0.066647 0.0593219 0.0893041 0.0664025 0.0264517 0.0661938 0.0321128 0.0428754 0.033611 0.0269946 0.0178006 0.046213 0.0424041 0.0349958 0.0569448 0.0275202 0.0333747 0.0863878 
0.0335658 0.106528 0.0674781 0.0511654 0.0807204 0.0722259 0.0278539 0.0770424 0.0322912 0.0429947 0.0436624 0.0303102 0.0204569 0.0456278 0.0516946 0.0299862 0.0505506 0.0290728 0.0374889 0.0692838 
0.0318025 0.0976993 0.0669639 0.0440339 0.0727393 0.0754793 0.0285651 0.0849685 0.0315918 0.042838 0.0585204 0.0333893 0.0239822 0.0438406 0.06452 0.0253409 0.0438413 0.0313538 0.0439258 0.0546047 
0.0302685 0.0839999 0.0649242 0.0385935 0.0660055 0.0750967 0.0284763 0.0877404 0.0300003 0.0423081 0.0777704 0.0357731 0.0283163 0.0411087 0.0800368 0.021494 0.0376371 0.0343012 0.0524969 0.0436521 
0.0291359 0.0684867 0.0617553 0.0349904 0.060765 0.0713059 0.0277595 0.0848898 0.0278195 0.0414188 0.0992602 0.0371955 0.0331688 0.0379881 0.096306 0.0186595 0.0326021 0.0376336 0.0622862 0.0365735 
0.0284573 0.0542869 0.0582127 0.0329208 0.0568805 0.0654981 0.0267689 0.0779595 0.0255236 0.0403031 0.119865 0.0377216 0.038124 0.0350552 0.111106 0.0167819 0.028995 0.0409768 0.0720048 0.032559 
0.0281776 0.0432065 0.0549738 0.0318973 0.0539923 0.0593497 0.0258431 0.0694164 0.0235152 0.0391504 0.136957 0.0376782 0.0428573 0.0326612 0.122923 0.0156425 0.0266826 0.0440494 0.0805556 0.0304704 
0.02819 0.0355195 0.0523723 0.0314875 0.0516809 0.0540324 0.0251881 0.061337 0.0219912 0.0381369 0.149317 0.0374709 0.0472826 0.0308866 0.131298 0.0150031 0.0253415 0.0467585 0.0873363 0.0293708 
0.0452802 0.0878458 0.0619619 0.0775379 0.0974655 0.0478965 0.0261853 0.0402043 0.0339966 0.0435764 0.0218444 0.021728 0.0146876 0.0508261 0.0284122 0.0582733 0.073014 0.0282212 0.0292554 0.111787 
0.0438074 0.0939611 0.0629542 0.0714203 0.0916121 0.0528391 0.0287645 0.0481301 0.0357144 0.0438845 0.0240145 0.0248136 0.0160063 0.0520052 0.0307709 0.0523701 0.0692105 0.028715 0.0298735 0.0991327 
0.0417525 0.0985606 0.0638498 0.0640796 0.0845939 0.0586798 0.0315819 0.058115 0.0373183 0.04421 0.027934 0.0287694 0.0180126 0.0524627 0.034856 0.0456432 0.0640311 0.0296036 0.03139 0.0845559 
0.0392374 0.0993355 0.0642718 0.0562849 0.0770069 0.064511 0.0341564 0.0689436 0.0383226 0.044479 0.0346556 0.0333549 0.0209691 0.0517058 0.0415182 0.0385076 0.0576016 0.0311686 0.0344655 0.0695045 
0.0365322 0.0946402 0.0637584 0.0489941 0.0696102 0.0689563 0.0359084 0.0783802 0.038233 0.044558 0.0452351 0.0380277 0.0251203 0.0494741 0.0513797 0.0316382 0.0504291 0.0336769 0.0397163 0.0557319 
0.0339934 0.0845482 0.0620231 0.0430269 0.0630963 0.0707066 0.0363983 0.0839016 0.0367957 0.0443032 0.0600358 0.0420269 0.0305446 0.0459375 0.0643018 0.0257519 0.0433415 0.037215 0.0473462 0.0447055 
0.0319393 0.0711059 0.0592041 0.0387667 0.0578581 0.0692759 0.0355891 0.0840397 0.034206 0.0436443 0.0780127 0.0446866 0.0369926 0.0417007 0.0790468 0.0213127 0.0371918 0.0415557 0.0568303 0.0370416 
0.030533 0.0573123 0.0558455 0.0361006 0.0539107 0.0653375 0.0338969 0.0792914 0.0310551 0.0426407 0.0967724 0.0457963 0.0439015 0.0375344 0.093616 0.0183648 0.032506 0.0462072 0.0669871 0.0323908 
0.0297524 0.0455799 0.0525873 0.0346169 0.0509949 0.0602709 0.0319402 0.0716996 0.0280127 0.0414597 0.113638 0.0456834 0.0506555 0.0340187 0.106157 0.0166188 0.0293394 0.0506463 0.0764829 0.029846 
0.0294569 0.0369112 0.0498497 0.0338699 0.0487423 0.0553614 0.0302228 0.0635609 0.0255215 0.0403023 0.126833 0.0449657 0.0568828 0.0313751 0.115672 0.015682 0.0274115 0.0545421 0.0843495 0.028488 
0.0527652 0.0793503 0.0607456 0.0734088 0.082314 0.0464625 0.0336027 0.0416827 0.0408276 0.0451208 0.0212715 0.025892 0.0161809 0.0596799 0.0257837 0.0705658 0.0749444 0.0308125 0.0287136 0.0898755 
0.0502741 0.0844711 0.0608294 0.067371 0.0767922 0.0509338 0.0376348 0.0499673 0.043374 0.0454842 0.0235402 0.0306249 0.0182236 0.0601859 0.0283696 0.0617762 0.0703111 0.031615 0.0296568 0.0785652 
0.0469776 0.0874604 0.0605598 0.0605019 0.0705549 0.0559386 0.0417677 0.0597629 0.0454762 0.0458656 0.027612 0.0365573 0.021383 0.0593609 0.0327766 0.0519932 0.0642503 0.0331158 0.0317618 0.0663237 
0.0431747 0.086417 0.0596564 0.0536143 0.064173 0.0605566 0.0451811 0.0694816 0.0464109 0.0461639 0.0344068 0.0431675 0.0260666 0.0567909 0.0397101 0.042086 0.0570896 0.0357284 0.0356832 0.0544417 
0.0393422 0.080435 0.0578868 0.0475587 0.0582789 0.0636268 0.0469965 0.0768175 0.0455945 0.046225 0.0446286 0.0494536 0.0325671 0.0524971 0.0494904 0.0331428 0.0495506 0.0397517 0.0418941 0.0442621 
0.0359892 0.0703281 0.0552639 0.0428988 0.0533416 0.0643003 0.0467188 0.0797551 0.0429474 0.0459118 0.0581208 0.054239 0.0408037 0.0470562 0.061609 0.0260576 0.0425608 0.045135 0.0503083 0.0366545 
0.0334675 0.0583599 0.0521243 0.0397327 0.0495166 0.0625605 0.0445722 0.0777453 0.0390319 0.0451894 0.0734924 0.0567617 0.0501726 0.0414018 0.074652 0.0211677 0.0368817 0.0513796 0.0600949 0.0316962 
0.0318612 0.0470397 0.0489755 0.0377848 0.0466692 0.0592166 0.0413858 0.0720001 0.0347708 0.0441554 0.0885634 0.0570836 0.0597408 0.036397 0.0868417 0.0182194 0.0328196 0.0577217 0.0699405 0.0288135 
0.0310285 0.0379681 0.0462338 0.0366513 0.0445127 0.0553686 0.0381043 0.0646298 0.0309656 0.0429955 0.101387 0.0559568 0.0686893 0.0325045 0.0968227 0.0166516 0.0302258 0.0634771 0.0786052 0.0272222 
0.0307336 0.031546 0.0440752 0.035993 0.0427339 0.051857 0.0353775 0.0574959 0.0280196 0.041903 0.110981 0.0543388 0.0766291 0.0297625 0.104047 0.0159157 0.0287199 0.0682718 0.0853116 0.0262882 
0.0630811 0.0642416 0.0582601 0.0728829 0.0707537 0.0410258 0.0387802 0.0361497 0.0462821 0.0461335 0.0191281 0.0270716 0.0164717 0.0678032 0.0215611 0.0941334 0.0782897 0.0324085 0.0277137 0.0778291 
0.0603608 0.0688383 0.0576416 0.0683565 0.0666601 0.0439926 0.0440235 0.0425012 0.0497594 0.0464867 0.0202465 0.0323741 0.0184401 0.0684447 0.0231129 0.0835116 0.0744306 0.03311 0.0282019 0.0695072 
0.056437 0.0727334 0.0566406 0.0628391 0.0618872 0.0476699 0.0498906 0.0505808 0.0530908 0.0469131 0.0224029 0.0394753 0.0216182 0.0677221 0.0258153 0.0710263 0.0691227 0.0344603 0.0294688 0.0602061 
0.0515779 0.0742326 0.0551386 0.0569069 0.0567838 0.0515849 0.0554399 0.0594549 0.0553865 0.0473616 0.0262542 0.0480341 0.0265703 0.0650643 0.0302654 0.0576456 0.0625097 0.0369865 0.03209 0.0507122 
0.0463334 0.0719741 0.0530374 0.0513032 0.0518329 0.0549515 0.0593786 0.0673602 0.0557141 0.0477041 0.0324959 0.0569904 0.0338453 0.0602865 0.0369503 0.0448156 0.0551233 0.0412121 0.0366378 0.0420538 
0.0414049 0.0657304 0.0503642 0.046658 0.0474846 0.0569473 0.0605742 0.0722621 0.0535753 0.0477782 0.0414514 0.0647171 0.0436643 0.0538305 0.0458841 0.0339949 0.0478266 0.0473707 0.0433656 0.0351155 
0.0373941 0.0567145 0.0473413 0.0432437 0.0439827 0.0571471 0.0587137 0.0729064 0.0492865 0.0474682 0.0526138 0.0697114 0.0555858 0.0466927 0.056336 0.0260572 0.0415091 0.0551402 0.0518977 0.0302584 
0.0345852 0.0469751 0.0443312 0.0409483 0.0413144 0.055764 0.0545456 0.0695591 0.0438801 0.0467735 0.0646087 0.071402 0.0684936 0.0400022 0.0669758 0.0210092 0.0367183 0.0636537 0.0612158 0.0272444 
0.0329108 0.0383341 0.0416743 0.0394591 0.0392957 0.0534702 0.0494278 0.0637484 0.0385453 0.0458139 0.0757784 0.0703811 0.0810508 0.0345422 0.0764396 0.0182166 0.0335082 0.0718539 0.0700473 0.0255026 
0.0320924 0.031712 0.0395533 0.0384689 0.0376881 0.0509817 0.0445993 0.0572987 0.0340884 0.0447675 0.0849308 0.0679131 0.0922766 0.03056 0.0838704 0.0168718 0.0315736 0.0789201 0.0773629 0.0244709 
0.0708701 0.0540022 0.0544129 0.0668213 0.0557979 0.0384836 0.049929 0.0363506 0.0557299 0.0470844 0.0179118 0.0338175 0.0186972 0.0759189 0.0191902 0.109124 0.075508 0.033746 0.0270885 0.059516 
0.0666318 0.0577448 0.0528606 0.0627818 0.0523465 0.0407466 0.057363 0.0424905 0.0601948 0.0474715 0.0188205 0.0416555 0.0216788 0.0754385 0.0207858 0.0945158 0.0711763 0.0348802 0.0276962 0.0527208 
0.0609929 0.060494 0.0508046 0.0581476 0.0485381 0.0434885 0.0651265 0.0498189 0.0639572 0.0479586 0.0206634 0.0517417 0.026528 0.072993 0.0234485 0.0779212 0.0655255 0.0371268 0.0292072 0.0455177 
0.0544919 0.0609088 0.0482662 0.0534539 0.0446719 0.0463171 0.0716852 0.057187 0.0658145 0.0484685 0.023964 0.0631955 0.0340233 0.068169 0.0276181 0.0609924 0.0588685 0.0411753 0.0321543 0.0385752 
0.0479618 0.0581677 0.0453567 0.0492693 0.0410997 0.0486746 0.0752835 0.0629148 0.0648014 0.0488581 0.0291671 0.0741863 0.0447509 0.0611728 0.033543 0.0457422 0.0518938 0.0475659 0.036956 0.0326346 
0.0422596 0.0525112 0.0422909 0.0459511 0.0380776 0.0500715 0.0748131 0.0655142 0.0607881 0.0489747 0.0362999 0.0825196 0.0586462 0.0529154 0.0410133 0.0337642 0.0454774 0.0563156 0.043621 0.0281757 
0.0379421 0.0451948 0.0393458 0.0435313 0.035678 0.0503378 0.070516 0.064516 0.0546698 0.0487323 0.0447408 0.0867203 0.0747059 0.0446794 0.0492722 0.0256089 0.0403237 0.0667036 0.0515633 0.0252182 
0.0351138 0.0378144 0.0367724 0.0418121 0.0338188 0.0496792 0.0638638 0.060699 0.0479018 0.0481551 0.0533893 0.0867889 0.0912386 0.037567 0.057266 0.0207927 0.0367012 0.0774654 0.0597434 0.0234175 
0.0335242 0.0315569 0.0347162 0.0405508 0.0323503 0.0485049 0.0566989 0.0555305 0.0417582 0.0473597 0.0611737 0.0840055 0.10657 0.032127 0.0640922 0.0183217 0.0344472 0.0873072 0.0670779 0.0223271 
0.0327851 0.0268996 0.0331936 0.0395719 0.0311187 0.0472006 0.0504068 0.0503782 0.036902 0.0464944 0.0674838 0.0800901 0.119647 0.0283608 0.0692987 0.0172337 0.0331765 0.0953494 0.0728085 0.021601 
0.0805141 0.041741 0.0513349 0.0633458 0.0458935 0.034608 0.0547044 0.0317988 0.0606685 0.0472938 0.0163787 0.03486 0.019027 0.0815892 0.0165051 0.135594 0.0736721 0.0334722 0.0263331 0.0506655 
0.0763305 0.0447539 0.0495082 0.0605906 0.0434617 0.0356866 0.0632229 0.0361703 0.0659613 0.047573 0.0165591 0.0428815 0.0216503 0.0813661 0.0174974 0.119932 0.0703166 0.0343674 0.0264771 0.0456937 
0.0703428 0.0477247 0.0471231 0.0572804 0.0407582 0.0372267 0.0728075 0.0417754 0.0710073 0.0479876 0.0171946 0.0537613 0.0260578 0.079339 0.0190799 0.101073 0.0657931 0.0362147 0.0271591 0.0402944 
0.0629879 0.0496025 0.0442535 0.0537171 0.0379202 0.039119 0.0819303 0.0479723 0.0744847 0.0485168 0.0186266 0.066984 0.0331697 0.0748962 0.0215538 0.0806339 0.0602208 0.0397651 0.0288069 0.0348387 
0.0551249 0.049412 0.0410837 0.0503143 0.0351685 0.0411095 0.0884326 0.0535615 0.0750373 0.0490651 0.0212382 0.0808466 0.0438907 0.067957 0.0251849 0.0609921 0.0540643 0.0457862 0.031855 0.0298756 
0.0478025 0.0467574 0.0378755 0.0474118 0.0327069 0.0428636 0.0903913 0.0571775 0.0719939 0.0494919 0.0252626 0.092756 0.0586352 0.0592046 0.0300267 0.0444782 0.0480689 0.054676 0.036531 0.0258884 
0.0418642 0.0420965 0.0348935 0.045126 0.0306358 0.0441036 0.0872007 0.057974 0.0658636 0.0496689 0.0305599 0.100343 0.076822 0.0499055 0.0357748 0.032415 0.0429787 0.06608 0.0426351 0.02306 
0.0376647 0.0365063 0.0323364 0.0433625 0.0289449 0.0447232 0.079972 0.0560808 0.0581214 0.0495386 0.0365656 0.102668 0.0967871 0.0413784 0.0417983 0.0247606 0.0392271 0.0788293 0.049496 0.021239 
0.0350728 0.0311192 0.0303051 0.0419534 0.0275684 0.0447982 0.0708733 0.05245 0.0504267 0.0491336 0.0425198 0.100573 0.116345 0.0344894 0.0473816 0.0205298 0.0368231 0.0913412 0.0561934 0.0201035 
0.0336879 0.0266733 0.0288051 0.0407747 0.0264296 0.0445077 0.0620044 0.0482699 0.0439132 0.0485476 0.0478152 0.0959722 0.133644 0.0294883 0.0520122 0.0184988 0.0354716 0.102224 0.0619076 0.0193537 
0.0845969 0.0348465 0.0467273 0.0571121 0.0362199 0.0324035 0.067144 0.0317165 0.0700769 0.047386 0.0152591 0.0432599 0.0216328 0.0851386 0.0154993 0.144469 0.0673402 0.0331927 0.0257259 0.0402535 
0.0787086 0.0374631 0.0442729 0.054887 0.0343375 0.0329835 0.0778473 0.0357904 0.076021 0.0476601 0.0152468 0.0541483 0.0254061 0.0835604 0.0165342 0.124675 0.0638715 0.0346217 0.0258631 0.0361018 
0.0710181 0.0398517 0.0412862 0.0524047 0.0323408 0.0339387 0.0889701 0.040668 0.0809109 0.0480891 0.015632 0.0681363 0.0317003 0.079757 0.0180483 0.101932 0.0594639 0.0375202 0.0265975 0.0317344 
0.0622967 0.0411594 0.037971 0.0498962 0.0303323 0.0352378 0.0982689 0.0455812 0.0831651 0.0486324 0.0166977 0.0839194 0.0416145 0.0733737 0.0202281 0.0786765 0.0543677 0.0427511 0.0283041 0.0275269 
0.0536727 0.0407176 0.0346295 0.047608 0.0284344 0.0367541 0.103227 0.049445 0.0816083 0.0491906 0.0187048 0.0989102 0.0559907 0.0647801 0.0231924 0.0577964 0.0491343 0.0510085 0.0312817 0.0239142 
0.0462285 0.0384024 0.0315559 0.0456688 0.0267247 0.0382858 0.102295 0.0513291 0.0762054 0.0496394 0.0217353 0.110127 0.0748273 0.0550631 0.0268825 0.0414658 0.0444431 0.0623764 0.0355731 0.0211715 
0.040599 0.0347155 0.0289455 0.0440488 0.0252207 0.0396195 0.0958046 0.0509441 0.0681784 0.0498798 0.025581 0.115619 0.096882 0.0455996 0.0310098 0.0303472 0.0408136 0.0760465 0.0408471 0.0192983 
0.036852 0.030503 0.0268756 0.0426423 0.0239123 0.0406031 0.0857759 0.0487532 0.0593628 0.0498743 0.0297945 0.115378 0.119881 0.0375023 0.0351296 0.023732 0.0384128 0.0904679 0.0464583 0.0180896 
0.0346531 0.0265508 0.0253368 0.0413725 0.0227905 0.0411916 0.0748005 0.0456462 0.051332 0.049649 0.0338928 0.11108 0.14134 0.0313039 0.0388188 0.0202846 0.037073 0.103911 0.0516796 0.0172939 
0.0335268 0.0233334 0.0242711 0.0402264 0.0218448 0.0414367 0.0649294 0.042481 0.0449163 0.0492643 0.0375611 0.105038 0.15943 0.0269893 0.0418347 0.0187271 0.0364525 0.115056 0.0559544 0.0167273 
0.0910256 0.0279718 0.0445201 0.053319 0.0308651 0.0304668 0.0693897 0.028834 0.0727231 0.0470913 0.0145856 0.0430844 0.021676 0.0871618 0.0143075 0.166028 0.0633583 0.0317252 0.0252835 0.0365831 
0.0855987 0.0300297 0.0421886 0.0518106 0.0295241 0.0303988 0.0804498 0.0317065 0.0791206 0.0472118 0.0142639 0.0533621 0.0247859 0.0859089 0.0151049 0.146659 0.0607311 0.0327847 0.0251055 0.0332553 
0.0780685 0.032364 0.0392881 0.0501699 0.0281383 0.0306184 0.0927483 0.0354037 0.0850358 0.0474832 0.0141158 0.0671638 0.0300829 0.0827851 0.0161547 0.12308 0.0573644 0.0350374 0.0252694 0.0296285 
0.069031 0.0343447 0.0359911 0.0484721 0.026727 0.0312159 0.104249 0.0394787 0.0888501 0.0479109 0.0143463 0.0837198 0.0387209 0.0772299 0.0175507 0.0974845 0.053339 0.0393214 0.0260744 0.0259427 
0.0595679 0.0352852 0.0326019 0.0468424 0.0253346 0.0322282 0.112189 0.0431423 0.0890237 0.0484444 0.0151871 0.100804 0.0518236 0.0692831 0.0193812 0.0729986 0.049002 0.0464843 0.0278096 0.0225677 
0.0509049 0.0347441 0.0294462 0.045366 0.023991 0.033591 0.114228 0.0455416 0.0849413 0.0489916 0.016796 0.11524 0.0699369 0.0597415 0.0216714 0.0525389 0.0448997 0.0569772 0.0306272 0.0198254 
0.0439399 0.0327558 0.0267486 0.044031 0.0227025 0.0351273 0.109715 0.0461764 0.0773578 0.0494503 0.0191506 0.124267 0.0924579 0.0498851 0.0243299 0.0376305 0.0415568 0.0704588 0.0344254 0.0178332 
0.0389869 0.0297964 0.0245933 0.0427664 0.0214776 0.0365993 0.100056 0.0451404 0.0680254 0.0497458 0.0220234 0.126846 0.117468 0.0409528 0.0271397 0.0281154 0.0392568 0.0856936 0.0388225 0.016494 
0.0358521 0.0265269 0.0229657 0.0415237 0.0203495 0.0378013 0.0879186 0.0430104 0.0588153 0.04985 0.0250744 0.12398 0.142255 0.0337282 0.029829 0.0227679 0.037969 0.100906 0.0432681 0.0156092 
0.0340856 0.0235138 0.0218083 0.0403213 0.0193626 0.0386358 0.0759457 0.0405102 0.0509957 0.0497742 0.0280037 0.11794 0.164276 0.0284319 0.032183 0.0201238 0.0374372 0.114414 0.047239 0.0149984 
0.0909042 0.0250085 0.0407042 0.0488116 0.0261397 0.0289544 0.0812567 0.0291067 0.0807665 0.0467969 0.0138344 0.051944 0.0242956 0.0870828 0.0142637 0.165639 0.0572574 0.0310407 0.0246601 0.0315324 
0.0839234 0.0270301 0.038024 0.0476939 0.0251502 0.028681 0.0938924 0.0318534 0.0872671 0.0469088 0.0134401 0.0648511 0.0286239 0.0845105 0.015114 0.142659 0.0547053 0.0327401 0.0245039 0.0284283 
0.0750718 0.0291613 0.034887 0.0465951 0.0241701 0.0287159 0.106757 0.0351293 0.0923213 0.0471766 0.0132444 0.0811375 0.0358518 0.0798232 0.0161398 0.116209 0.0516139 0.0361195 0.0247581 0.0251174 
0.0652729 0.0308254 0.0315589 0.0455332 0.0231875 0.029191 0.117188 0.0383979 0.094213 0.0475931 0.0134451 0.099159 0.0472209 0.0727757 0.0173742 0.0892922 0.0481531 0.0420486 0.0256743 0.0218966 
0.0557753 0.0314721 0.0283726 0.044525 0.0221834 0.0301656 0.122368 0.0409482 0.0918214 0.0481065 0.0142188 0.115955 0.0636747 0.0638271 0.0188408 0.0652941 0.0447062 0.0512096 0.0274354 0.0191005 
0.0476801 0.0308322 0.0255909 0.0435415 0.0211315 0.0315624 0.120699 0.0422076 0.0853162 0.0486356 0.015631 0.128318 0.085258 0.0540441 0.0205262 0.0466048 0.0417371 0.063686 0.0300621 0.0169359 
0.0415627 0.0290405 0.0233304 0.0425158 0.0200279 0.0331654 0.112668 0.0420235 0.0761259 0.0490973 0.0175856 0.134255 0.110684 0.0446666 0.0223541 0.0338405 0.0395894 0.0786949 0.0333632 0.0154089 
0.0374269 0.0265421 0.0215875 0.0414045 0.0189168 0.0347005 0.100559 0.0407007 0.0662089 0.049433 0.0198566 0.133822 0.13746 0.036654 0.0241897 0.0261418 0.038355 0.0946889 0.0369696 0.0143827 
0.0349108 0.0238737 0.0203068 0.040235 0.0178772 0.0359513 0.087287 0.0387979 0.0572044 0.0496158 0.0221856 0.128835 0.162664 0.0304615 0.0258916 0.0220232 0.037884 0.109854 0.0404531 0.0136891 
0.0335344 0.0214685 0.0194257 0.0390953 0.0169826 0.0368315 0.0752329 0.0368583 0.0499873 0.0496418 0.0243847 0.121825 0.183918 0.026081 0.0273752 0.0200772 0.0378958 0.122714 0.0434667 0.013205 
