20 hexa 10 10 gaussian
#SNAPSHOT FILE
#iterations: 26000 (40000 total)
0.0326055 0.0990595 0.0612926 0.0809885 0.121454 0.0511693 0.0179135 0.0393201 0.0257502 0.0411785 0.0226414 0.0177458 0.0136823 0.0372589 0.0342162 0.0359974 0.0649617 0.0234193 0.0304407 0.148906 
0.0317939 0.110433 0.0638744 0.0727447 0.113006 0.0582455 0.019071 0.0484677 0.0264348 0.0413804 0.0249314 0.0196523 0.0144704 0.0392861 0.0364461 0.0334383 0.0617369 0.0237409 0.0304499 0.130397 
0.0307862 0.120579 0.0670078 0.0627256 0.10244 0.0670149 0.0202826 0.060926 0.0269988 0.0415473 0.0293751 0.0219579 0.0156451 0.0411366 0.0408599 0.030549 0.0569331 0.0241941 0.0311025 0.107939 
0.0296252 0.124944 0.0699327 0.0522937 0.0911552 0.0758806 0.0212545 0.0750443 0.0271902 0.0416035 0.0375609 0.0243622 0.0172534 0.0421541 0.0488124 0.0273961 0.0507429 0.0248824 0.0331696 0.0847427 
0.0284266 0.120115 0.0715512 0.0430362 0.0807495 0.0823133 0.0217726 0.0874254 0.0268182 0.0414282 0.0513397 0.0265339 0.0193044 0.0418916 0.0613386 0.024229 0.0438924 0.0259676 0.0374897 0.0643772 
0.0273313 0.106067 0.0710089 0.036049 0.072317 0.083952 0.0218163 0.0941869 0.0258383 0.0409061 0.0717781 0.0282227 0.0218002 0.0403557 0.0783704 0.0213292 0.0373524 0.0275632 0.0445701 0.0491858 
0.0264629 0.0865146 0.0682976 0.0315773 0.0661461 0.0800526 0.0215492 0.0931606 0.0243975 0.0400131 0.0976323 0.0293132 0.0246899 0.0379999 0.0981087 0.0188857 0.0319315 0.0296099 0.0541118 0.0395455 
0.0259035 0.0668144 0.0643296 0.0291957 0.0619242 0.0721343 0.021203 0.0853918 0.0227914 0.0388674 0.124906 0.0298457 0.0277997 0.0354716 0.117375 0.0169698 0.0280091 0.0318727 0.0648811 0.034315 
0.0256779 0.0509473 0.0603157 0.0282222 0.0590752 0.0630189 0.0209486 0.0743757 0.0213227 0.0376798 0.14876 0.030006 0.0308994 0.0332802 0.133187 0.0155684 0.0255084 0.0341053 0.0752712 0.03183 
0.0257562 0.0400759 0.0570325 0.02806 0.0569929 0.0550837 0.0208568 0.0636717 0.020167 0.0366436 0.166162 0.030056 0.0338841 0.0316247 0.144189 0.014626 0.0240865 0.0362183 0.0840983 0.0307157 
0.037341 0.0969752 0.0631369 0.0781872 0.109326 0.0519011 0.0213096 0.042198 0.0292852 0.0430195 0.0226812 0.0194593 0.0144044 0.044406 0.0323079 0.0416384 0.0697752 0.0260281 0.0298169 0.126804 
0.03598 0.107845 0.0652561 0.0691204 0.100315 0.0592308 0.0232266 0.0530225 0.0305959 0.0432782 0.0254397 0.0221788 0.0156066 0.0464111 0.0350094 0.0375007 0.0652455 0.0264287 0.0301061 0.108203 
0.0342495 0.115679 0.0674915 0.0588704 0.0900067 0.067639 0.025091 0.0666535 0.031589 0.0434463 0.0307454 0.0254051 0.0173702 0.0475299 0.0403559 0.0329173 0.0588955 0.0270685 0.0314196 0.0875773 
0.0323126 0.116349 0.0690502 0.0490027 0.0798559 0.0752223 0.026449 0.0805509 0.0318462 0.043417 0.0402457 0.0287351 0.0197695 0.0471249 0.0496212 0.0282727 0.0513114 0.0281933 0.0346603 0.0680109 
0.0304234 0.107826 0.0690368 0.0409479 0.0711712 0.0795592 0.0269769 0.0908041 0.0310948 0.0430545 0.055503 0.0316698 0.0228564 0.0450419 0.0634798 0.0240657 0.0435415 0.0300427 0.0406901 0.0522144 
0.028829 0.0917535 0.0670314 0.0353818 0.0645829 0.0789702 0.0266529 0.0939926 0.0293647 0.04227 0.0766987 0.0337674 0.0266238 0.0417321 0.0812089 0.0206515 0.0366628 0.0326623 0.0497885 0.0413753 
0.0276953 0.0727202 0.0634716 0.0321442 0.0600125 0.0736844 0.0257663 0.0893658 0.0270295 0.0411077 0.101422 0.0348183 0.0308843 0.0380309 0.100353 0.0181314 0.0313737 0.0357927 0.061155 0.0350418 
0.0270725 0.0555586 0.0594122 0.0306027 0.0569767 0.0658068 0.0247443 0.0794178 0.0246402 0.0397589 0.125274 0.0349678 0.0352669 0.0347258 0.117652 0.0164074 0.0278184 0.0390001 0.0730553 0.0318412 
0.0269033 0.0428553 0.0558142 0.0300837 0.0548827 0.057912 0.0239212 0.0680554 0.0226334 0.0384649 0.144361 0.034638 0.0394492 0.032215 0.130782 0.015303 0.0256996 0.0419617 0.0837069 0.0303578 
0.0270741 0.0346507 0.053072 0.0301087 0.053194 0.0516445 0.0234468 0.0582293 0.0211807 0.0374054 0.157121 0.0343035 0.0433968 0.0304918 0.139187 0.0146544 0.0245667 0.0446199 0.0920331 0.0296215 
0.045221 0.0820899 0.0626971 0.0819695 0.101207 0.0461866 0.0242417 0.0367481 0.0328362 0.044784 0.0208861 0.0194871 0.0143473 0.051568 0.0282855 0.0553714 0.0778072 0.0287867 0.0290671 0.116413 
0.0435713 0.0917879 0.0637156 0.0744635 0.0941221 0.0516452 0.026962 0.0454368 0.0350044 0.0451892 0.0224442 0.0225086 0.0155407 0.0538248 0.0297795 0.0495768 0.0738811 0.029157 0.0291755 0.102214 
0.0412355 0.100909 0.0648458 0.0652023 0.0854864 0.0586016 0.0300218 0.0574147 0.0370874 0.0455295 0.0255806 0.0265411 0.01742 0.0551681 0.0330237 0.0429104 0.0678107 0.0297291 0.0299489 0.0855338 
0.0383737 0.105664 0.0656881 0.0554846 0.076378 0.0659513 0.0327861 0.0712223 0.0384318 0.0457136 0.0315301 0.0312732 0.0201703 0.0547381 0.0392343 0.0358724 0.0599398 0.0308411 0.0321912 0.0685163 
0.03535 0.102865 0.06559 0.0468425 0.0680536 0.0717669 0.0345244 0.0836361 0.0384211 0.0455964 0.0418085 0.0360466 0.0239526 0.0521257 0.049462 0.0292865 0.0512397 0.0329032 0.0369057 0.0536231 
0.0326027 0.0919971 0.064007 0.0403451 0.0613955 0.0740696 0.0347576 0.0907701 0.0367811 0.0450378 0.0574083 0.0399924 0.0288615 0.0476802 0.0638916 0.0238869 0.04297 0.0361639 0.0448581 0.0425238 
0.0304801 0.0758923 0.0609585 0.0362116 0.0566233 0.072009 0.0335502 0.0902555 0.0337969 0.0439967 0.07752 0.0423756 0.0347565 0.0423977 0.081153 0.0199974 0.0361733 0.0404594 0.0559013 0.035492 
0.029136 0.0591453 0.0571362 0.0339837 0.0534354 0.0665328 0.0315038 0.0829059 0.0302377 0.0425989 0.0990454 0.0430076 0.0411337 0.0374315 0.0984488 0.0175057 0.0313221 0.0452015 0.0686173 0.0316715 
0.0285146 0.0454112 0.0534593 0.0329795 0.0513095 0.0597782 0.0293948 0.0721253 0.0269416 0.0410973 0.118079 0.0423687 0.0473428 0.0335349 0.112919 0.0160573 0.0282806 0.0497139 0.0808838 0.0298089 
0.028429 0.0359197 0.0505031 0.0326466 0.0497291 0.0536855 0.0277597 0.0615176 0.0243986 0.0397415 0.132141 0.0412687 0.0530138 0.030854 0.123092 0.0152854 0.0265699 0.0536158 0.0909513 0.0288783 
0.053504 0.0744298 0.0620368 0.0773517 0.0837735 0.044921 0.0314163 0.0387103 0.0400799 0.0469145 0.0201311 0.0231062 0.0155134 0.0626882 0.0250842 0.0685431 0.081014 0.0318846 0.0282236 0.0906741 
0.0506799 0.0828119 0.0620076 0.0697905 0.0771579 0.0498962 0.0358455 0.0482771 0.0434059 0.0474461 0.0217292 0.0278046 0.0174011 0.0644379 0.0268358 0.0593999 0.0757438 0.0323938 0.028628 0.0783071 
0.046883 0.0894866 0.0617464 0.0611337 0.0697365 0.0558664 0.0405198 0.0604865 0.0462481 0.0478892 0.0249975 0.0339741 0.0203786 0.0642766 0.0305485 0.0491718 0.0682783 0.0334247 0.0300235 0.0649303 
0.0425147 0.0912117 0.0609594 0.0527245 0.062464 0.0616658 0.0443511 0.0732143 0.0476151 0.0480992 0.0310987 0.0410195 0.0247825 0.0614459 0.0372867 0.0390055 0.0593398 0.0355605 0.033333 0.0523083 
0.038211 0.0859985 0.0592743 0.045818 0.0562547 0.0656424 0.0461927 0.0829819 0.0467414 0.0479 0.0412055 0.047724 0.0309037 0.0560172 0.0477522 0.0302141 0.0501791 0.0393327 0.0395614 0.0420958 
0.0345971 0.0746073 0.0565434 0.0410085 0.0515754 0.0664676 0.0454599 0.0865485 0.0435557 0.0471712 0.0555987 0.0526226 0.038774 0.0490072 0.0616018 0.0236555 0.0420979 0.0448512 0.0491872 0.0350696 
0.0320558 0.0603258 0.0530914 0.0381218 0.0483635 0.064006 0.0425574 0.0829702 0.0388481 0.0459393 0.0727587 0.0547589 0.0478708 0.0419292 0.0770371 0.0194427 0.0359407 0.0515565 0.0614784 0.0309484 
0.0306265 0.0469778 0.0495915 0.0365701 0.046236 0.0594525 0.0386777 0.0743043 0.0338844 0.044404 0.0896777 0.0542947 0.057169 0.0360467 0.091399 0.0171069 0.0318598 0.058418 0.0744857 0.0288184 
0.0300747 0.03684 0.0466306 0.0357819 0.0447415 0.0544996 0.0350568 0.064074 0.0296969 0.0428491 0.103577 0.0523347 0.0657187 0.0318616 0.102585 0.0159857 0.0294595 0.0645129 0.0859904 0.0277308 
0.0300706 0.0301856 0.0444129 0.0353954 0.043497 0.0503547 0.0323899 0.0550675 0.0266904 0.0415084 0.113298 0.0501602 0.0731806 0.0291865 0.109917 0.0155357 0.0281677 0.0694264 0.0945083 0.0270475 
0.0648859 0.058 0.0598217 0.0767731 0.0706761 0.0395674 0.0362382 0.0332858 0.0453941 0.0480931 0.0183974 0.0240638 0.0156689 0.0714167 0.0210274 0.0944918 0.0846028 0.0338858 0.0273245 0.0763859 
0.0618311 0.0644028 0.0589121 0.0712538 0.0659717 0.0425662 0.0419631 0.0402475 0.0498652 0.0487417 0.0189855 0.0291674 0.0174212 0.0736435 0.0218942 0.0830911 0.0805058 0.0343558 0.0274657 0.0677151 
0.0573205 0.0709431 0.0575872 0.0643722 0.06047 0.0465986 0.0487309 0.0499119 0.0543569 0.0493931 0.0204291 0.0365079 0.0203851 0.0740621 0.0238853 0.0694644 0.0741312 0.0352508 0.0281955 0.0580046 
0.0516855 0.0751249 0.0558275 0.0570877 0.0547236 0.0511788 0.0553269 0.0612217 0.0576146 0.0499245 0.0234743 0.0458212 0.0250948 0.071559 0.02783 0.0549274 0.0658566 0.0372605 0.0302122 0.0482486 
0.0456689 0.0745398 0.0535608 0.0505547 0.0494576 0.0553061 0.0599656 0.0716723 0.058316 0.0501466 0.0290762 0.0558386 0.032114 0.0657535 0.0345238 0.0414129 0.0567026 0.0411884 0.0344765 0.0397253 
0.0401898 0.0683678 0.0507492 0.0455822 0.0452259 0.0578146 0.0610744 0.0780972 0.0557666 0.0498832 0.0379427 0.0644294 0.0418025 0.0574246 0.0442591 0.0306186 0.048023 0.0475515 0.0418255 0.0333728 
0.0359691 0.0581223 0.0475448 0.0422949 0.042176 0.058011 0.0582745 0.0784125 0.0504319 0.0490616 0.0497729 0.0695353 0.053871 0.0482614 0.0562939 0.0232684 0.0409521 0.0561129 0.0522799 0.029354 
0.0332768 0.0467982 0.0443358 0.0402885 0.0401054 0.0561265 0.0527381 0.0730376 0.0437984 0.0477762 0.0628878 0.0703986 0.0671093 0.0400479 0.0687964 0.0190321 0.0359844 0.0657488 0.0645648 0.0271488 
0.0319291 0.0370622 0.0415552 0.039045 0.0386767 0.0531378 0.0464644 0.0645688 0.0375361 0.0462666 0.0749912 0.0680002 0.0798538 0.0338431 0.079673 0.0169929 0.0329347 0.0749541 0.0765211 0.0259942 
0.0314951 0.0300667 0.0394299 0.0382144 0.0375802 0.0501045 0.0410901 0.0559518 0.0326533 0.044804 0.0845031 0.0642415 0.0909279 0.0297418 0.0876598 0.016212 0.0312447 0.0826141 0.0861859 0.0252799 
0.0732182 0.048478 0.0556077 0.0691846 0.0540482 0.0372115 0.0475712 0.0340245 0.0556168 0.0491812 0.0171965 0.0305374 0.0176365 0.0807747 0.0182265 0.112217 0.0807901 0.0350493 0.0265632 0.056867 
0.0683771 0.0536729 0.0535959 0.0643061 0.05026 0.0393935 0.056131 0.0409761 0.0615127 0.0498845 0.0175422 0.0385186 0.0203296 0.0818479 0.0192722 0.0958845 0.0758675 0.0357849 0.0268021 0.0500412 
0.0618433 0.0583658 0.0510176 0.0587241 0.0461215 0.042261 0.0655444 0.0498908 0.0667542 0.0505996 0.0186578 0.049532 0.0248905 0.0801454 0.0214147 0.0771246 0.0689738 0.0374974 0.0277948 0.0428469 
0.0543273 0.0605369 0.0480243 0.0532844 0.0420666 0.0454149 0.0736998 0.0592997 0.0695965 0.0511567 0.0211763 0.0626388 0.0321428 0.0747914 0.0252651 0.0582904 0.0607618 0.0411389 0.0302779 0.0361099 
0.046952 0.0586804 0.0448082 0.0487764 0.038564 0.048177 0.0780469 0.0667455 0.0686196 0.0513598 0.0257751 0.0754295 0.0428465 0.0660796 0.0312919 0.0420389 0.0524048 0.0476033 0.0351135 0.0306874 
0.0407984 0.0528368 0.0415764 0.0455236 0.0358601 0.0498781 0.0769715 0.0698935 0.0636309 0.0510726 0.0327427 0.0848062 0.0572066 0.0555498 0.0394421 0.0300925 0.0451352 0.0571812 0.0428104 0.0269916 
0.0364698 0.0446663 0.0385608 0.0433264 0.0339107 0.0502128 0.0709033 0.0679528 0.0559371 0.0502832 0.0415068 0.0886324 0.0742784 0.0452833 0.0488412 0.0226558 0.0397254 0.069096 0.052921 0.0248366 
0.0339622 0.0364257 0.0359971 0.0417738 0.0325146 0.0493938 0.0621362 0.0622001 0.0476504 0.0491262 0.0506815 0.0870274 0.0919684 0.0369136 0.0579914 0.0187847 0.0362654 0.0816118 0.0638962 0.0236799 
0.0328375 0.0297287 0.0340295 0.0405651 0.0314672 0.0479724 0.0533923 0.0550406 0.0405291 0.04783 0.0588266 0.0820943 0.108036 0.0310386 0.065529 0.0171626 0.0343251 0.0928526 0.0737607 0.0229822 
0.0325332 0.0250721 0.0326478 0.0395843 0.030612 0.0464919 0.0464354 0.0485268 0.0353137 0.0466111 0.0652201 0.07641 0.121218 0.0273572 0.0708703 0.0166967 0.033319 0.101626 0.0810464 0.0224081 
0.0833587 0.0365113 0.05233 0.0644368 0.0435009 0.0337979 0.0521023 0.0297457 0.060098 0.0488804 0.0161696 0.0318227 0.0181309 0.0847487 0.0156744 0.142969 0.0770725 0.034415 0.0259943 0.0482418 
0.078607 0.0400865 0.0500889 0.0612909 0.0409691 0.0346019 0.0617676 0.0343998 0.0668425 0.0494497 0.0159478 0.0398359 0.0203975 0.0862124 0.0163376 0.125412 0.0735292 0.0349925 0.0258918 0.0433405 
0.0716944 0.0441543 0.0471091 0.0574855 0.0381875 0.0359228 0.0733605 0.0408337 0.0736713 0.0501397 0.0160138 0.0516153 0.0244298 0.0854202 0.0175772 0.103628 0.0682741 0.0363389 0.0261756 0.0379683 
0.0631773 0.0473639 0.0436043 0.0535028 0.0353273 0.0377284 0.0848709 0.0483444 0.0786937 0.0508301 0.0167528 0.0668183 0.0312067 0.0811328 0.0197462 0.0799976 0.0615853 0.0393896 0.0273336 0.0325942 
0.0542334 0.048241 0.0399376 0.0499331 0.0326794 0.0398021 0.0931525 0.0553151 0.0798924 0.0513407 0.0186666 0.0832705 0.0418116 0.0730633 0.0232021 0.0579577 0.054301 0.0452321 0.0300499 0.0279185 
0.0462361 0.0460234 0.0364752 0.0471432 0.0304651 0.041784 0.0953375 0.0597598 0.0762701 0.0515133 0.022171 0.0973077 0.0570134 0.0623079 0.0281281 0.0404539 0.0475461 0.0546362 0.0349594 0.0244691 
0.0401474 0.0411752 0.0334589 0.0450897 0.028718 0.0433045 0.0905634 0.060392 0.0685722 0.0512724 0.0272774 0.105458 0.0765513 0.0508914 0.0342918 0.0286432 0.0422269 0.0674601 0.0421952 0.0223108 
0.036228 0.0350968 0.031003 0.0434795 0.0273454 0.0441372 0.0806021 0.0574053 0.0589323 0.0506519 0.0333978 0.106392 0.0985817 0.0407935 0.0409357 0.0219024 0.0386837 0.0823179 0.0510051 0.0211084 
0.0341486 0.0293026 0.0291394 0.0420698 0.0262515 0.0442926 0.0687989 0.0523007 0.0497025 0.049784 0.0395666 0.101592 0.120152 0.0331505 0.0470509 0.018717 0.0366922 0.0969872 0.0598928 0.020408 
0.033302 0.024728 0.0278317 0.0408027 0.0253804 0.043984 0.0581701 0.0468929 0.042357 0.0488419 0.0449909 0.0941505 0.138661 0.0280665 0.0519112 0.0175629 0.0357311 0.109436 0.0673253 0.0198737 
0.0870899 0.0306791 0.0472195 0.0565861 0.0336676 0.0317972 0.0654543 0.0300694 0.0702346 0.0484883 0.0152072 0.0405361 0.0206783 0.087324 0.0145284 0.154262 0.0685966 0.0333051 0.0254006 0.0388759 
0.080326 0.0337729 0.0442511 0.0542236 0.0318395 0.0320308 0.0782084 0.0344645 0.077976 0.0489755 0.0147849 0.0521462 0.0240131 0.0871694 0.015429 0.131362 0.0648068 0.0343067 0.0252434 0.0346701 
0.0714215 0.0369815 0.0406007 0.0516536 0.0299503 0.0326678 0.0921689 0.040035 0.0847417 0.0495887 0.0146315 0.0681188 0.0298606 0.0841026 0.0168204 0.10449 0.0597534 0.0366905 0.0255573 0.0301657 
0.0614504 0.0391803 0.0366695 0.0492005 0.0281173 0.0337779 0.104125 0.0458352 0.0882014 0.0501906 0.0151036 0.0869146 0.0394666 0.0773416 0.0188745 0.0773875 0.0538997 0.0415354 0.0268179 0.0259106 
0.0519539 0.0393725 0.0329532 0.0471419 0.0264646 0.0353098 0.110329 0.0504014 0.0866194 0.0506298 0.0165755 0.104919 0.0540182 0.0673907 0.0217376 0.0541566 0.0481136 0.0498634 0.029566 0.0224841 
0.0442275 0.0372675 0.0297978 0.0455062 0.0250181 0.0370618 0.108529 0.0524457 0.0799727 0.0508049 0.0192519 0.117808 0.0740243 0.0559222 0.0254268 0.0372402 0.0432798 0.0621123 0.0341547 0.0201477 
0.0388309 0.0334254 0.0273078 0.0440949 0.0237279 0.0387205 0.0993263 0.0515716 0.0700129 0.0506913 0.0229898 0.122753 0.098487 0.0449408 0.0296937 0.0267361 0.0399064 0.0776064 0.0404191 0.018758 
0.035616 0.0289047 0.0254394 0.0427096 0.0225687 0.0399819 0.0858449 0.0484667 0.0593052 0.0503364 0.0272802 0.119897 0.124591 0.0359385 0.0340125 0.0212102 0.0379939 0.0944299 0.0475181 0.0179562 
0.0340291 0.0247189 0.0241099 0.0413243 0.0215769 0.0407046 0.0719698 0.0444407 0.0499759 0.0498369 0.0314921 0.112031 0.148733 0.029488 0.0378193 0.0188361 0.0371663 0.110115 0.0542242 0.0174087 
0.0334267 0.0214617 0.0232354 0.0400483 0.020797 0.0409628 0.0604819 0.0406837 0.0429976 0.0492924 0.0352169 0.102769 0.168245 0.0253583 0.0408224 0.0181088 0.0369304 0.122728 0.0595037 0.0169303 
0.0935313 0.0247058 0.0449684 0.0516017 0.0285092 0.0302832 0.0675985 0.0274637 0.0721489 0.0474364 0.014933 0.0408283 0.0211226 0.0864963 0.0133976 0.179261 0.0628859 0.0313158 0.0251779 0.0363355 
0.0873601 0.0268892 0.0422731 0.0501516 0.0272392 0.029879 0.0804934 0.0303752 0.0801119 0.0476327 0.0143388 0.0515843 0.0237882 0.0865066 0.0141958 0.157313 0.0601534 0.0320206 0.0247751 0.0329194 
0.078672 0.0296526 0.0387946 0.0486642 0.0260115 0.0297148 0.0956841 0.0343493 0.0879551 0.0480267 0.0137909 0.0671203 0.0285753 0.0844087 0.0152996 0.129374 0.0564993 0.0338069 0.0246071 0.0289937 
0.0682968 0.0322616 0.0348582 0.0472287 0.0248294 0.0299874 0.110367 0.0388933 0.0933544 0.0485425 0.0135572 0.0867124 0.036742 0.0791211 0.0167362 0.0988598 0.0520719 0.0376224 0.0249999 0.0249581 
0.0577755 0.0337991 0.0309955 0.0459673 0.0237147 0.0308485 0.120462 0.0430095 0.0940476 0.0490549 0.0139585 0.107316 0.0496783 0.0705672 0.0185347 0.070581 0.0474168 0.0445236 0.0263531 0.0213958 
0.0486721 0.0336214 0.0276661 0.0448935 0.022638 0.0322931 0.122586 0.0455994 0.0892023 0.0494553 0.0152393 0.124381 0.0684582 0.0598981 0.0207259 0.048383 0.043268 0.0552794 0.0290135 0.0187274 
0.0418696 0.0316904 0.0250482 0.0438637 0.0215321 0.0341026 0.115937 0.0460396 0.079932 0.0496889 0.0174388 0.133961 0.0930647 0.0488937 0.0232795 0.0334982 0.0401955 0.0698823 0.033084 0.0169988 
0.0374447 0.0285414 0.0230861 0.0427049 0.0203812 0.0358991 0.102703 0.0444889 0.068633 0.0497563 0.0203297 0.134645 0.121572 0.0391529 0.0260182 0.024925 0.0383909 0.0871307 0.0382319 0.0159651 
0.0349605 0.024992 0.0216575 0.0413854 0.0192704 0.0373222 0.0868685 0.0417513 0.057801 0.0496936 0.0234867 0.128133 0.150271 0.0316035 0.0286445 0.0207431 0.0376698 0.104746 0.0436876 0.0153124 
0.033792 0.021782 0.0206697 0.0400406 0.0183266 0.0382143 0.0722297 0.0388078 0.0490498 0.0495476 0.0264974 0.118069 0.175246 0.0264036 0.0309126 0.0191128 0.0376288 0.12029 0.0485608 0.0148193 
0.0927381 0.0225843 0.0409008 0.0463294 0.0241422 0.028761 0.0810289 0.0279428 0.080848 0.0464974 0.0142478 0.0504536 0.0237353 0.0849983 0.0134385 0.179114 0.0556123 0.0299607 0.0245465 0.0321208 
0.0847721 0.0247855 0.037786 0.0454668 0.0232837 0.0281345 0.0962769 0.030723 0.0890822 0.0466168 0.0135692 0.0646975 0.0275581 0.0834045 0.0144326 0.152375 0.0529573 0.0312548 0.0241317 0.0286918 
0.0746182 0.0273151 0.0340699 0.0447601 0.022534 0.0278179 0.112435 0.0341789 0.0958699 0.0469394 0.0130119 0.0837067 0.0342367 0.0793587 0.0156326 0.120705 0.0497165 0.0341741 0.0240525 0.0248673 
0.0636225 0.0294614 0.0302215 0.0441804 0.0218488 0.0280608 0.125646 0.0376765 0.0987216 0.0473849 0.0128586 0.105341 0.0451929 0.0723308 0.0169703 0.08888 0.0461378 0.0396891 0.0246033 0.0211723 
0.0534839 0.0304912 0.0267626 0.0436719 0.0211409 0.0290091 0.131845 0.0403428 0.0960798 0.0478508 0.0133645 0.125395 0.0617919 0.0629033 0.0184083 0.0618627 0.0427275 0.0486786 0.0260579 0.0181324 
0.0454159 0.0300156 0.023982 0.0430989 0.0202971 0.0305856 0.128918 0.0415036 0.0882821 0.048263 0.0146429 0.13935 0.0847638 0.0524826 0.0199525 0.0423234 0.040012 0.0615554 0.0285761 0.0159786 
0.039777 0.0281418 0.0218768 0.042296 0.019264 0.0324774 0.117754 0.0410192 0.0772823 0.0485943 0.0166093 0.144466 0.11331 0.0425855 0.0215898 0.030125 0.0383019 0.0778328 0.0320899 0.014607 
0.0362918 0.0253827 0.0203112 0.0411998 0.0181172 0.0342594 0.101709 0.0393106 0.0656241 0.0488496 0.0189937 0.140964 0.144478 0.0343167 0.0232316 0.0235409 0.0376004 0.0958506 0.0362145 0.013753 
0.0344076 0.0224231 0.019172 0.039923 0.0170275 0.0356051 0.0849868 0.0371059 0.0553989 0.0490403 0.0214434 0.131741 0.173917 0.0281696 0.0247552 0.0205444 0.0376491 0.113184 0.0403302 0.0131762 
0.0335336 0.0198466 0.0184038 0.0386782 0.0161484 0.0364339 0.0708189 0.035073 0.0476397 0.049166 0.0236902 0.120729 0.197834 0.0240674 0.0261035 0.0194801 0.038074 0.127678 0.0438569 0.0127454 
