20 hexa 10 10 gaussian
#SNAPSHOT FILE
#iterations: 28000 (40000 total)
0.0317538 0.0959397 0.0605739 0.0835132 0.126154 0.0493254 0.0173319 0.0367284 0.0248004 0.0411552 0.0221434 0.017054 0.0137203 0.0357987 0.0345136 0.034495 0.0653734 0.0228726 0.0309664 0.155788 
0.0308565 0.110256 0.0632408 0.0745018 0.116702 0.0568352 0.0185859 0.0458902 0.0255834 0.0412452 0.0240694 0.0190275 0.014477 0.0382048 0.036252 0.0322431 0.0623439 0.0232887 0.0305905 0.135808 
0.0297751 0.124165 0.0667444 0.0631838 0.104359 0.0668502 0.0199006 0.0593067 0.0262764 0.0412667 0.0279907 0.0214343 0.0156519 0.0405828 0.0401571 0.0296703 0.0574654 0.0238085 0.0306298 0.110782 
0.0285784 0.131452 0.0702422 0.051419 0.0912478 0.0775414 0.0208792 0.0753249 0.0265469 0.0411891 0.0355628 0.0238683 0.0172416 0.0420164 0.0478245 0.0267941 0.050934 0.0244403 0.0319448 0.0849524 
0.0274299 0.127315 0.0724072 0.0413477 0.0797627 0.0856653 0.0212821 0.0898971 0.0261837 0.0409309 0.0489501 0.0259446 0.0191593 0.041894 0.0604774 0.023876 0.0436689 0.0253235 0.0355163 0.0629683 
0.0264763 0.111711 0.0721649 0.0341996 0.0712106 0.0880655 0.0211842 0.0981706 0.0251787 0.0403877 0.0698723 0.0274777 0.0213685 0.0402684 0.0781653 0.0211923 0.0368202 0.0266439 0.0420571 0.047385 
0.0257863 0.0894692 0.0694178 0.029977 0.0654947 0.0835918 0.0208673 0.0972113 0.0237115 0.0395237 0.0976484 0.0284486 0.023892 0.0377441 0.0990711 0.0188847 0.0312405 0.0284477 0.0515001 0.0380715 
0.0253765 0.0673185 0.0651718 0.0279802 0.0618115 0.0740765 0.020592 0.0880501 0.0220932 0.0384479 0.127877 0.0289192 0.0266614 0.0350954 0.119657 0.0169964 0.0272898 0.0305515 0.0626665 0.0333677 
0.0252413 0.0500597 0.0608483 0.0273782 0.0593268 0.063221 0.0204665 0.0750395 0.0206423 0.0373704 0.154379 0.0290431 0.0294856 0.0328866 0.136406 0.0155461 0.0248649 0.0326964 0.0737409 0.0313592 
0.025361 0.038805 0.0573692 0.0275155 0.0574147 0.0541264 0.0204822 0.0627251 0.0195445 0.0364663 0.173052 0.0290667 0.0322513 0.0312996 0.147727 0.0145388 0.0235796 0.0347795 0.0832977 0.030599 
0.0364021 0.0950842 0.0632323 0.0810489 0.113425 0.0502527 0.020586 0.0395086 0.0282017 0.0431528 0.0220132 0.0185435 0.0143722 0.0433439 0.0323543 0.0395632 0.0715104 0.0256675 0.0302892 0.13145 
0.0349588 0.109164 0.0654915 0.0707434 0.10303 0.0583052 0.0226418 0.0509113 0.0297723 0.043318 0.0243438 0.0213133 0.01556 0.04599 0.0345108 0.0357748 0.0668787 0.0261329 0.0300657 0.111094 
0.0331514 0.120315 0.0680416 0.0589052 0.0909127 0.0681598 0.0246155 0.0662121 0.0310429 0.0433666 0.0290787 0.0246051 0.0173266 0.0477172 0.0394016 0.0315218 0.0600029 0.0267461 0.0306587 0.0882182 
0.031198 0.122797 0.0699974 0.0477524 0.0793219 0.077481 0.0259422 0.0825086 0.0314695 0.0432249 0.038011 0.0279258 0.0196434 0.0475871 0.0485285 0.0272021 0.051672 0.0277098 0.0331249 0.0669034 
0.0294104 0.113811 0.070281 0.0391375 0.0700887 0.0830989 0.0263127 0.0949325 0.0307387 0.0427799 0.0531472 0.0307652 0.0224619 0.0453944 0.0627382 0.0233456 0.0432397 0.0293145 0.0385664 0.0504357 
0.0280206 0.0955615 0.0683193 0.0336475 0.0637228 0.082703 0.0258299 0.0990188 0.0289105 0.0419469 0.0753191 0.0327462 0.0257988 0.041769 0.0814165 0.0202579 0.0359392 0.0317172 0.0475783 0.039777 
0.0271226 0.0739244 0.0645316 0.0307918 0.0596758 0.0764104 0.0248859 0.0935138 0.0264129 0.040769 0.102275 0.0336931 0.0295963 0.0377651 0.101958 0.0179585 0.0304674 0.0347337 0.0595582 0.0339576 
0.0266996 0.0548913 0.0601266 0.0296778 0.0570895 0.0669081 0.023918 0.0814448 0.0238772 0.0394504 0.128711 0.0337363 0.0335786 0.0343092 0.120572 0.0163275 0.0269203 0.0379068 0.0725838 0.031271 
0.0266635 0.0414255 0.0562551 0.0295113 0.0552463 0.0576055 0.0232052 0.0679066 0.0218131 0.0382395 0.149496 0.033306 0.0374363 0.0318164 0.134442 0.0152348 0.0249328 0.0408558 0.0844259 0.030184 
0.0269046 0.0332268 0.0533782 0.0297829 0.0536573 0.0505745 0.0228376 0.0566815 0.0204083 0.0372872 0.162588 0.0329159 0.0411425 0.0302077 0.142945 0.0145777 0.0239794 0.043515 0.0936813 0.0297111 
0.0445039 0.0790667 0.0636943 0.0857743 0.104839 0.0446354 0.0232581 0.034211 0.0315553 0.0451348 0.0203835 0.0183084 0.0142588 0.0508911 0.0284466 0.0526141 0.0808721 0.0287428 0.0297301 0.119081 
0.0427746 0.0909379 0.0647092 0.0772759 0.0969005 0.0503304 0.0261059 0.0431033 0.0340898 0.0455536 0.0216026 0.0212642 0.0154144 0.0538999 0.0294394 0.0470851 0.0768992 0.0291486 0.0294858 0.10398 
0.0403318 0.102983 0.0658506 0.0664296 0.0868387 0.0581461 0.029375 0.0562971 0.0366908 0.0458692 0.0242575 0.025324 0.017298 0.0560799 0.0321464 0.0406883 0.0702082 0.0296749 0.0296488 0.0858625 
0.0373556 0.11015 0.0667715 0.0551079 0.0762922 0.0668733 0.0322743 0.0723336 0.0384812 0.0459899 0.0296278 0.0301218 0.0200217 0.0561393 0.0379968 0.0339177 0.0612979 0.030626 0.0311499 0.0674719 
0.034306 0.108044 0.0667823 0.0454625 0.0671315 0.0740877 0.0339569 0.0872814 0.0386571 0.0457783 0.0394588 0.0349319 0.0236102 0.0534426 0.0482449 0.0276941 0.0515233 0.0324633 0.0352441 0.0518993 
0.0316838 0.0959802 0.0652225 0.0387431 0.0604075 0.0771777 0.0339832 0.0961256 0.036901 0.0451082 0.0552351 0.0388661 0.0281053 0.04848 0.0632488 0.0227571 0.0424583 0.035558 0.0430649 0.040894 
0.0298061 0.0776438 0.0620151 0.0349046 0.0560379 0.0748941 0.032547 0.0955769 0.0335724 0.0439531 0.0765791 0.0411737 0.0334749 0.0425726 0.0816854 0.0193123 0.0352263 0.0398533 0.054814 0.0343574 
0.028748 0.0588259 0.0578897 0.0331311 0.0533225 0.0683307 0.0303583 0.0864375 0.0295974 0.0424648 0.100083 0.041631 0.0393572 0.0371565 0.100423 0.0171416 0.0302459 0.0447388 0.069042 0.0310757 
0.0283796 0.0439555 0.0539226 0.032518 0.0515191 0.0602653 0.0282387 0.0731605 0.0259993 0.0409318 0.12082 0.0407529 0.0451452 0.0331008 0.116004 0.015876 0.0272858 0.049403 0.0830863 0.0296356 
0.0284679 0.0342451 0.0507985 0.0324427 0.0500914 0.0532266 0.0266997 0.0605535 0.0233635 0.0396107 0.13557 0.0394611 0.0504714 0.0304859 0.126628 0.0151961 0.0257585 0.0533683 0.0945784 0.0289836 
0.0532011 0.0720103 0.0637371 0.0809499 0.0857784 0.043611 0.0302599 0.0364642 0.0390883 0.0474522 0.0195265 0.0215398 0.0153076 0.0635065 0.024828 0.0660223 0.085144 0.0323109 0.028709 0.0905537 
0.0502643 0.0823783 0.0635414 0.0720784 0.0782703 0.0488875 0.0349623 0.0467115 0.0431517 0.0481011 0.0207316 0.0261509 0.0171714 0.0663239 0.0260656 0.0569163 0.0793251 0.0327363 0.0286753 0.0775566 
0.0462664 0.0913108 0.0630341 0.0618124 0.0697444 0.0556458 0.0399955 0.0606194 0.0468015 0.0486153 0.0234823 0.0324028 0.0201438 0.066964 0.0292999 0.0466648 0.0707266 0.033562 0.0294341 0.0634745 
0.0416902 0.094472 0.0620374 0.0521184 0.0616347 0.0625423 0.0440432 0.0757605 0.0486897 0.048814 0.0290313 0.0396614 0.0244445 0.0642189 0.0357806 0.0365914 0.0604307 0.0354431 0.0321197 0.0504761 
0.0373125 0.0891706 0.0602065 0.0446674 0.0551705 0.0674976 0.0458096 0.087727 0.0478302 0.048516 0.0388243 0.0466053 0.030254 0.058137 0.0463981 0.0281607 0.0501211 0.0390661 0.0381014 0.0404243 
0.0338204 0.0763864 0.0573217 0.0399825 0.0507354 0.0687364 0.0447428 0.0921754 0.0441725 0.0476239 0.0535496 0.0516272 0.0376539 0.050107 0.0609699 0.0221526 0.041317 0.0447045 0.0483001 0.0339208 
0.0315549 0.0602912 0.0536501 0.0375254 0.0479537 0.0659361 0.0414036 0.087601 0.0387215 0.0462018 0.0718019 0.0536195 0.0462812 0.0421041 0.0776233 0.0184882 0.0348526 0.0518269 0.0621836 0.03038 
0.0304632 0.045626 0.0499187 0.03638 0.0461843 0.0605442 0.0371861 0.076612 0.0330677 0.0445031 0.0900289 0.0527382 0.0551762 0.0356914 0.093233 0.0165753 0.03077 0.0592058 0.0773911 0.028705 
0.0302116 0.0350231 0.0468083 0.0358336 0.0448912 0.0547446 0.0334614 0.0640013 0.0284944 0.0428575 0.104716 0.0503047 0.063355 0.0313915 0.105189 0.0157318 0.0285332 0.0656547 0.0908925 0.0279061 
0.0304007 0.0285199 0.0445426 0.0355363 0.0437353 0.0500573 0.0309092 0.05347 0.0254417 0.0414958 0.114495 0.0478375 0.0705104 0.0288409 0.112686 0.0154511 0.0274526 0.0706509 0.100595 0.0273721 
0.0652377 0.054845 0.0617929 0.080364 0.0714273 0.0385607 0.0348014 0.0313994 0.0443105 0.0485575 0.0180407 0.0223353 0.0154488 0.0728054 0.0207908 0.0933635 0.0888948 0.034667 0.0277803 0.0745781 
0.0620881 0.0622237 0.060735 0.0739761 0.0662828 0.0414957 0.0408009 0.038592 0.0496337 0.0494265 0.0183182 0.0271996 0.0171299 0.0762344 0.0212542 0.0816815 0.0844658 0.035041 0.0276683 0.065753 
0.0573369 0.0703251 0.0590191 0.0657962 0.0601296 0.0457574 0.0481422 0.0492646 0.0552707 0.0503 0.0193284 0.0345603 0.0200524 0.0777756 0.0227899 0.0675204 0.0771281 0.0356848 0.0279244 0.0558938 
0.0513324 0.0760163 0.0567841 0.0572573 0.0537794 0.0509032 0.0553745 0.0624006 0.0595168 0.0509734 0.0218448 0.0442387 0.0246959 0.0757113 0.0263429 0.0524361 0.0675125 0.0373692 0.0293731 0.0461373 
0.0449866 0.0761111 0.0541297 0.0500022 0.0482437 0.055779 0.0603503 0.0749684 0.0605902 0.0512055 0.0269375 0.0548657 0.0315189 0.0693639 0.032856 0.0387484 0.0570708 0.0410845 0.0332628 0.0379252 
0.0393901 0.0695048 0.0510722 0.0449785 0.0441434 0.0589294 0.0612743 0.0828487 0.0576349 0.0508255 0.0355644 0.064021 0.0408793 0.0597757 0.0427993 0.0282725 0.0474904 0.0475841 0.0408576 0.0321543 
0.0353068 0.058097 0.0477043 0.0420537 0.0414479 0.0593884 0.0578144 0.0831163 0.0513102 0.0498045 0.0476727 0.0692708 0.0526485 0.0492094 0.0555454 0.021522 0.0399831 0.0567789 0.0525525 0.0287738 
0.0329396 0.0456088 0.0443643 0.0404477 0.0397251 0.0573107 0.0514418 0.0761283 0.0435356 0.0482933 0.061485 0.0696511 0.0657166 0.039962 0.0690777 0.0179074 0.0349516 0.0674022 0.0669729 0.0270785 
0.0319794 0.0352596 0.0415027 0.0394179 0.0385196 0.0538649 0.044556 0.0653824 0.0364346 0.046593 0.074231 0.0663754 0.0783103 0.0332997 0.080842 0.01637 0.0320566 0.0775255 0.0812378 0.0262422 
0.031866 0.0282575 0.0393643 0.0386025 0.0375322 0.0503855 0.039004 0.0549282 0.0312143 0.0450089 0.0839821 0.0618318 0.0891503 0.0291903 0.0892518 0.0159373 0.0305898 0.0856707 0.0925536 0.0256796 
0.0741048 0.0455962 0.0572636 0.0715056 0.0534624 0.0364451 0.0461243 0.0326129 0.0551931 0.0495916 0.016871 0.0284889 0.0174154 0.0832529 0.0177066 0.113526 0.0839692 0.0357995 0.0267322 0.0543399 
0.0690375 0.0515717 0.0549284 0.0657954 0.0493873 0.038506 0.0553775 0.0399852 0.0624071 0.0505832 0.0168779 0.0363705 0.0199997 0.0855993 0.0184333 0.0961762 0.0784144 0.0362799 0.0266711 0.0475989 
0.0620504 0.0573666 0.0518131 0.05926 0.0449402 0.0414515 0.0658582 0.0499627 0.0690772 0.0515665 0.0175477 0.0478028 0.0244515 0.0847217 0.0202313 0.0760012 0.0704828 0.037612 0.0272171 0.0405856 
0.053989 0.0604324 0.0482768 0.0531466 0.0407247 0.0449186 0.0749873 0.060919 0.0728193 0.0522762 0.019558 0.0618752 0.0315457 0.0792109 0.0237765 0.0559944 0.0611436 0.0409236 0.0292757 0.0342066 
0.046228 0.0588118 0.0446945 0.0484981 0.0373162 0.0481516 0.0796646 0.0698012 0.0717747 0.0524826 0.0236995 0.0758335 0.04203 0.069368 0.0296516 0.0393234 0.0519254 0.0473813 0.0340195 0.0293451 
0.0399987 0.0525285 0.0413009 0.045539 0.0348932 0.0503197 0.0780277 0.0735198 0.0657983 0.0520823 0.0304489 0.0859669 0.0562752 0.0572532 0.0379653 0.0276656 0.0442259 0.0575552 0.0423438 0.0262921 
0.0358865 0.0436133 0.0382428 0.0437344 0.0332453 0.0509418 0.0707137 0.070861 0.0566427 0.0511194 0.0393527 0.0895921 0.0735378 0.0455749 0.0479035 0.0208563 0.0387726 0.0707311 0.0539871 0.0246912 
0.0337697 0.0347967 0.0356828 0.0423872 0.0320544 0.0501511 0.0606051 0.0634314 0.0470237 0.0497802 0.0488778 0.0868257 0.0916133 0.0363659 0.0577502 0.0176434 0.0355133 0.0847893 0.0670364 0.0239024 
0.0330546 0.0279478 0.0337451 0.0411358 0.0311083 0.0485698 0.0510174 0.0545289 0.0391292 0.0483317 0.0572914 0.0804158 0.107915 0.0302534 0.0657974 0.0165581 0.0338539 0.0972229 0.078739 0.0233851 
0.0330474 0.0234974 0.0324121 0.0399751 0.0303117 0.0468725 0.0438924 0.0469163 0.0337403 0.0469969 0.0637604 0.0736485 0.121038 0.0266988 0.0713151 0.016465 0.0330876 0.106456 0.0870139 0.0228546 
0.0846385 0.0337618 0.0534606 0.0657662 0.0423251 0.0334713 0.0504243 0.0287458 0.0592876 0.0488803 0.0161586 0.0299387 0.0181133 0.0862182 0.015221 0.147962 0.0786798 0.0349035 0.0260174 0.0460264 
0.0797206 0.0375567 0.0510484 0.0622122 0.0396998 0.0340265 0.0607561 0.0334715 0.0672803 0.0496767 0.0157017 0.0377206 0.0202292 0.08882 0.0157298 0.129337 0.074802 0.0352589 0.0257464 0.0412057 
0.0723665 0.0422154 0.047648 0.0578487 0.0368271 0.03514 0.0736898 0.0403464 0.0757696 0.0506495 0.0154243 0.0498509 0.0240785 0.089041 0.0167869 0.105469 0.0689186 0.0362297 0.0257286 0.0359714 
0.0631859 0.0461528 0.0436111 0.0534017 0.03394 0.0368833 0.086817 0.048708 0.0821992 0.0515747 0.0157401 0.0662134 0.0306507 0.085044 0.0187322 0.0794748 0.0614614 0.0388655 0.0265203 0.030824 
0.0536367 0.0475209 0.0395268 0.0497074 0.0314035 0.039101 0.0961963 0.0566733 0.0838528 0.052202 0.0172045 0.0843775 0.0410373 0.0762861 0.021942 0.0557999 0.0535411 0.0444871 0.0289715 0.0265327 
0.0453538 0.0453591 0.0358901 0.0471646 0.0294239 0.0414175 0.0983263 0.0617714 0.0795327 0.052379 0.0203296 0.0999409 0.0561654 0.0641892 0.0266981 0.0378081 0.0464867 0.0541836 0.0339803 0.0236003 
0.0393416 0.0402168 0.0328901 0.0455014 0.0279242 0.0433606 0.0922839 0.0622901 0.0703416 0.0520814 0.0252563 0.108575 0.0761073 0.0513615 0.0329146 0.0263279 0.0412196 0.0680948 0.0419499 0.0219619 
0.0357507 0.0337494 0.0305127 0.0441289 0.0267109 0.0445418 0.0803832 0.0583698 0.0590449 0.0513867 0.0314436 0.108514 0.0991158 0.0402472 0.0398587 0.020237 0.0379717 0.0847479 0.0521298 0.0211558 
0.0340986 0.0277315 0.0287118 0.0426768 0.025678 0.0448519 0.0668517 0.0519722 0.0485928 0.0504462 0.0377994 0.101692 0.121775 0.0321638 0.0463385 0.0177095 0.0363679 0.101289 0.0625735 0.0206797 
0.0336312 0.0232039 0.0274448 0.0411783 0.0248312 0.0445084 0.0553318 0.0455471 0.0407176 0.0494293 0.0433659 0.0922419 0.140903 0.0271007 0.0514254 0.0170792 0.0357424 0.114952 0.0711452 0.0202212 
0.0883929 0.0284058 0.0477019 0.0566669 0.0322687 0.0316063 0.0641755 0.0294034 0.0699536 0.0482364 0.0152988 0.0386501 0.0207647 0.088112 0.0140447 0.162053 0.0684237 0.0331856 0.0251555 0.0375015 
0.081282 0.0316963 0.0444718 0.0540696 0.0304451 0.0315426 0.0782845 0.0338806 0.0792949 0.0489068 0.0146394 0.0504514 0.0238772 0.0888633 0.0149266 0.137061 0.0643219 0.0338597 0.0248137 0.0333117 
0.0717174 0.0353466 0.0404048 0.0512783 0.0286152 0.0319152 0.0942777 0.0397714 0.0877713 0.0497306 0.0141606 0.0675496 0.0294553 0.0863555 0.0162671 0.106988 0.0588732 0.0358248 0.0248739 0.0288237 
0.0610069 0.0380165 0.0360875 0.0487797 0.026925 0.0329059 0.108103 0.0460611 0.0922168 0.0504938 0.0142632 0.0883545 0.0387793 0.0794067 0.0181791 0.076891 0.0526738 0.0403035 0.0258749 0.0246784 
0.0510477 0.0384834 0.0322019 0.0469414 0.0254905 0.0345385 0.115023 0.0510374 0.0904053 0.05102 0.0153757 0.10854 0.0531603 0.0686136 0.0208128 0.0519814 0.0467616 0.0485653 0.0284764 0.0215242 
0.0432708 0.0363942 0.0291054 0.0456846 0.0242596 0.0366037 0.112372 0.0531421 0.0825057 0.0512403 0.0177791 0.122765 0.0734873 0.056092 0.0242933 0.034747 0.0420815 0.0613932 0.0332155 0.0195673 
0.038127 0.0323843 0.0267608 0.0445666 0.0230925 0.0386776 0.101077 0.0518426 0.0708492 0.0511727 0.0214155 0.127386 0.0991703 0.0442469 0.028502 0.0246741 0.0390821 0.0783516 0.0400823 0.0185384 
0.0353057 0.0276588 0.02499 0.0432073 0.0219471 0.0402804 0.0851508 0.0479638 0.0586302 0.0508748 0.0257794 0.12251 0.12718 0.0347816 0.0329173 0.0198084 0.0376529 0.0972373 0.0481395 0.0179856 
0.0341183 0.0233855 0.023681 0.041607 0.0209251 0.0411495 0.0694743 0.0431984 0.0484095 0.0504176 0.0301312 0.111889 0.153028 0.0282801 0.0368538 0.0180593 0.0372802 0.114777 0.0557829 0.017554 
0.0338186 0.020217 0.0227959 0.0400485 0.0201513 0.0413698 0.0572825 0.0390651 0.0412095 0.0498637 0.0339609 0.100363 0.173329 0.0243595 0.0399309 0.0178046 0.0373503 0.128364 0.0616269 0.01709 
0.0948015 0.02296 0.0450726 0.0509334 0.0272035 0.0303625 0.066168 0.0270639 0.071175 0.046888 0.0152357 0.0392912 0.0214333 0.085539 0.0129488 0.189766 0.0616922 0.0308579 0.0248257 0.0357824 
0.0884165 0.0251039 0.042226 0.0494282 0.0259423 0.0296897 0.0801825 0.0299182 0.0804213 0.0471172 0.0145078 0.0500474 0.0238946 0.086134 0.013821 0.166474 0.0587838 0.0312835 0.0243018 0.0323075 
0.0791816 0.0280499 0.0384552 0.0478984 0.0247927 0.0292109 0.0974523 0.0339206 0.0899817 0.0476151 0.013729 0.0664735 0.0283851 0.0846016 0.0150199 0.135332 0.0549797 0.0326989 0.0239806 0.0282415 
0.0680432 0.030995 0.0341955 0.0465052 0.0237634 0.0292318 0.114528 0.0385974 0.09675 0.0482546 0.0132049 0.0880499 0.0362139 0.0794695 0.0164784 0.10089 0.0504458 0.0361152 0.0242021 0.0240667 
0.0569208 0.0328466 0.0301699 0.0454493 0.0228612 0.0300141 0.126147 0.0428471 0.0977275 0.0488757 0.0133069 0.111198 0.0488588 0.0705682 0.0181534 0.0696253 0.045811 0.0427259 0.0253933 0.0205003 
0.0476409 0.032838 0.0269165 0.0447248 0.0219926 0.031604 0.128128 0.0454298 0.0920257 0.0493736 0.0143263 0.130325 0.0677046 0.0593252 0.0201062 0.0461449 0.0418732 0.0535544 0.0279645 0.0180022 
0.0410209 0.0309097 0.0245 0.0440302 0.0210054 0.033741 0.119712 0.0456417 0.0812494 0.0497239 0.0163627 0.140483 0.0933131 0.0478214 0.0224282 0.0312412 0.0391877 0.0689557 0.0321412 0.0165316 
0.0369439 0.0276352 0.0226895 0.043002 0.0198496 0.0359122 0.103781 0.043668 0.0683835 0.0499424 0.0192391 0.139755 0.124017 0.0378009 0.0250418 0.0231959 0.0378855 0.0878562 0.0376716 0.0157292 
0.0348366 0.0239339 0.0212842 0.0415527 0.0186639 0.0375913 0.0853952 0.0404832 0.0564104 0.0500379 0.0224987 0.130325 0.155395 0.0302346 0.0276433 0.0196606 0.0376866 0.107476 0.0436742 0.0152176 
0.0339909 0.020667 0.0202365 0.0399447 0.0176695 0.0385434 0.0692292 0.0372934 0.0471685 0.0500012 0.0256307 0.117159 0.18232 0.0252312 0.0299232 0.0185955 0.0380585 0.124547 0.0490176 0.0147742 
0.0937533 0.02123 0.0407152 0.0451842 0.0230274 0.0287513 0.0804081 0.0276426 0.0802817 0.0457728 0.0145839 0.0491635 0.0240127 0.0830843 0.0130922 0.190195 0.0538536 0.0290929 0.0240373 0.0321199 
0.0854104 0.023432 0.0374008 0.0443625 0.0222188 0.0278497 0.0974223 0.0303419 0.0899587 0.0458697 0.0137654 0.0639585 0.0275603 0.0818714 0.0142446 0.1611 0.0511354 0.0300699 0.0235252 0.028504 
0.0745843 0.0261394 0.0334216 0.0437541 0.0215987 0.0272564 0.116073 0.0337498 0.098242 0.0462274 0.012992 0.0846309 0.0338861 0.0781008 0.0155886 0.125457 0.0479143 0.0326223 0.0233581 0.0244043 
0.0629164 0.0285488 0.0294007 0.04337 0.0211086 0.0273296 0.131415 0.0372061 0.10182 0.0467461 0.0125944 0.108806 0.0444805 0.0710604 0.0169464 0.0897247 0.04444 0.0377775 0.0238208 0.0204887 
0.0524637 0.0297966 0.0259884 0.0431687 0.0206067 0.0282938 0.138272 0.0397669 0.0987819 0.0473128 0.0128726 0.131356 0.06091 0.061451 0.0182413 0.0603522 0.0412474 0.04654 0.0251743 0.0174038 
0.0444876 0.0294239 0.0234242 0.0429382 0.0198993 0.0300765 0.134226 0.0407273 0.0897955 0.0478601 0.0139792 0.146701 0.0844361 0.0508951 0.0195485 0.0401247 0.0388681 0.0596092 0.027614 0.015365 
0.0391499 0.0275164 0.0215275 0.0423595 0.0188801 0.0322876 0.12061 0.0399735 0.0773574 0.0483731 0.0158789 0.151335 0.114861 0.0409881 0.0209661 0.0281782 0.0375936 0.0768344 0.0311645 0.0141652 
0.0360063 0.024615 0.0200275 0.0412576 0.0176486 0.0343586 0.101696 0.038006 0.0644725 0.0488438 0.0183186 0.145411 0.149061 0.0328323 0.0224676 0.0221726 0.0373855 0.0964871 0.0354825 0.0134507 
0.0344305 0.0215081 0.018816 0.0397906 0.0164654 0.0358372 0.0827409 0.0356745 0.053543 0.0492323 0.0208868 0.132796 0.18147 0.0269118 0.0239229 0.0197795 0.0378909 0.115497 0.0398615 0.0129471 
0.0337907 0.0188875 0.0179389 0.0383325 0.0155644 0.03663 0.0675552 0.0337214 0.0456506 0.0494779 0.0232322 0.118841 0.207039 0.0231022 0.0252522 0.0191956 0.0386179 0.131034 0.0436022 0.0125361 
