20 hexa 10 10 gaussian
#SNAPSHOT FILE
#iterations: 20000 (200000 total)
0.0290842 0.0849503 0.052478 0.0930034 0.127515 0.0360852 0.0165723 0.024026 0.0242689 0.0404539 0.0211736 0.0176623 0.0170652 0.0296824 0.0368867 0.0267735 0.0597448 0.0214012 0.0338551 0.207319 
0.0282335 0.119808 0.0556781 0.079514 0.115283 0.0401308 0.0196043 0.0289361 0.025754 0.0398046 0.0221391 0.0203889 0.0182293 0.0366619 0.0371108 0.0268283 0.0593151 0.0222321 0.0320181 0.17233 
0.0269965 0.160366 0.0595173 0.0621595 0.0989421 0.0493387 0.0231838 0.0393885 0.0273458 0.0386975 0.0237832 0.0239821 0.019997 0.044628 0.0378041 0.0267292 0.0572431 0.0230219 0.0297214 0.127156 
0.0258898 0.186858 0.0633796 0.0451641 0.0829799 0.0670086 0.0255536 0.0569434 0.0281598 0.0379692 0.0277388 0.027117 0.0219846 0.0497034 0.0398487 0.0264515 0.0524503 0.023451 0.0280394 0.0833091 
0.0255322 0.181637 0.06637 0.0329846 0.0724685 0.0918032 0.0251989 0.0785322 0.0273927 0.0384551 0.0380486 0.028504 0.0235032 0.048754 0.0446059 0.0258756 0.0451626 0.0235228 0.0283985 0.0532519 
0.0259227 0.147406 0.0675205 0.0263209 0.0679131 0.1141 0.0227021 0.0960664 0.02514 0.0398208 0.0611804 0.0283437 0.0243392 0.0429472 0.0542181 0.0246582 0.0370755 0.0235965 0.0319649 0.0387633 
0.0263694 0.102458 0.0662316 0.0234135 0.0660317 0.120201 0.0201773 0.100594 0.0222446 0.0407303 0.101493 0.0277914 0.0249039 0.0362428 0.0713481 0.0224415 0.030177 0.0239053 0.0394872 0.0337599 
0.0261843 0.0652825 0.0631687 0.0227579 0.0638471 0.105465 0.0191425 0.089822 0.0196582 0.040208 0.15181 0.0275046 0.0256557 0.0317194 0.0956958 0.0194131 0.0255159 0.0244118 0.0504163 0.0323213 
0.0254299 0.0432936 0.0600226 0.0234498 0.0609441 0.0810088 0.0193611 0.0715058 0.0178154 0.0385336 0.195012 0.0272941 0.026618 0.0297873 0.121698 0.0163994 0.0228531 0.0250402 0.0622709 0.0316633 
0.0246455 0.0329967 0.0577728 0.0247402 0.0583409 0.0599936 0.0198658 0.0547421 0.0165349 0.0365206 0.221171 0.0268758 0.027563 0.0293859 0.143899 0.0140603 0.021437 0.0257345 0.0725392 0.031182 
0.0358649 0.0894545 0.0573262 0.0906287 0.127202 0.0357817 0.0193838 0.0250029 0.0265934 0.0431683 0.0202333 0.0180897 0.0175718 0.0375843 0.0370864 0.0301977 0.0706096 0.0245368 0.0333866 0.1603 
0.0338585 0.123109 0.0605026 0.0752144 0.111316 0.0412596 0.0230273 0.0343099 0.0301863 0.0421809 0.0214159 0.0212145 0.0189551 0.0464795 0.0368135 0.0297747 0.0665444 0.0250259 0.0309112 0.127902 
0.0311549 0.1549 0.0641716 0.0571906 0.0922359 0.0527837 0.0265673 0.0520563 0.033856 0.0409935 0.0236299 0.0250096 0.0210783 0.0541613 0.0374913 0.0287467 0.059924 0.025246 0.0282938 0.0905102 
0.0287674 0.165626 0.0675019 0.0416345 0.0761389 0.0717767 0.027945 0.0774075 0.0356104 0.040652 0.029036 0.0280695 0.0234215 0.055779 0.0405619 0.027159 0.0511329 0.0252174 0.0271466 0.0594172 
0.0275283 0.147561 0.0693861 0.0318427 0.0670689 0.0934813 0.0264247 0.102341 0.0342632 0.0415421 0.0420843 0.0295689 0.0252852 0.0503015 0.0479546 0.0252193 0.0418142 0.0254548 0.0293194 0.0415597 
0.0272535 0.111596 0.068772 0.0270778 0.0635067 0.107179 0.0235032 0.115224 0.0304222 0.0427369 0.068168 0.0299746 0.0265438 0.0416264 0.0623992 0.0229512 0.0336949 0.0264898 0.0364934 0.0343884 
0.0271525 0.0748881 0.0655285 0.0253104 0.0617192 0.103719 0.0212304 0.10869 0.0256991 0.0429252 0.107382 0.029981 0.0275802 0.0343563 0.0857242 0.0202953 0.0277758 0.0283188 0.0495379 0.0321869 
0.0267216 0.0490809 0.0611926 0.0252205 0.0595586 0.0857906 0.0203929 0.087477 0.0216941 0.0416599 0.148291 0.0297067 0.0287047 0.0304687 0.114269 0.0175369 0.0241123 0.0304237 0.0663747 0.0313247 
0.0261214 0.0355667 0.0576447 0.02601 0.0571793 0.0654998 0.0204126 0.0644426 0.0190522 0.0395437 0.177121 0.0290669 0.029878 0.0292038 0.140495 0.0151966 0.0220914 0.0322853 0.0824967 0.0306938 
0.0256948 0.0296371 0.0553372 0.0271063 0.0553487 0.0507233 0.0205761 0.04739 0.0174434 0.0372832 0.191055 0.0281823 0.0309759 0.0291816 0.160556 0.0134958 0.021078 0.0337358 0.0949593 0.030243 
0.0492616 0.0640828 0.0601472 0.0985579 0.131305 0.0323859 0.0202375 0.0208772 0.0276226 0.0463156 0.0182089 0.0164003 0.0169349 0.0423336 0.0363085 0.0369098 0.0873452 0.0283505 0.0342215 0.132196 
0.0464708 0.0865973 0.0619185 0.0866166 0.11805 0.0356132 0.0238638 0.0283703 0.0334233 0.0459414 0.0190061 0.0188019 0.017809 0.0524144 0.0352372 0.0360334 0.0807745 0.0284383 0.0319388 0.112682 
0.04195 0.113673 0.0643114 0.0704256 0.0992642 0.042219 0.0284109 0.044213 0.0411102 0.0449986 0.0202817 0.0227125 0.0196302 0.0630146 0.0345538 0.0339332 0.0712171 0.0282397 0.0289189 0.0869237 
0.0365997 0.132447 0.0669109 0.0534211 0.0796639 0.0544182 0.0319309 0.070564 0.0477817 0.044192 0.0229052 0.0274071 0.0224486 0.0681825 0.0357169 0.0305434 0.0593627 0.0278451 0.0264654 0.0611923 
0.0322198 0.130178 0.0689397 0.0404483 0.0657236 0.0713028 0.0323494 0.101755 0.0496266 0.0443549 0.029266 0.0314574 0.0255616 0.0637141 0.0406936 0.0266734 0.0475663 0.0280221 0.0268158 0.0433321 
0.0297082 0.108262 0.0692174 0.0331492 0.0591722 0.0866657 0.0298333 0.124835 0.0456816 0.0453276 0.0433952 0.0340718 0.0282077 0.0524424 0.0518771 0.0232108 0.0378362 0.0298396 0.0324069 0.0348596 
0.0286009 0.0786679 0.0667312 0.0299138 0.0569673 0.0919915 0.0263566 0.127543 0.0380742 0.0460172 0.0684686 0.0352708 0.0303023 0.040702 0.0719975 0.0203596 0.030823 0.0337589 0.0455239 0.0319299 
0.0280444 0.0532004 0.0619913 0.0288121 0.05573 0.0837172 0.0236832 0.108081 0.0300271 0.0453863 0.10065 0.0351183 0.0321654 0.0328524 0.100393 0.0179571 0.0263476 0.0389813 0.0660381 0.0308229 
0.0275842 0.0375036 0.057153 0.0287535 0.0541655 0.0681785 0.0222854 0.0792238 0.0240693 0.0433651 0.128362 0.0338522 0.0339318 0.0294155 0.129797 0.0159673 0.0237999 0.0438021 0.0887781 0.0300134 
0.0272407 0.0300631 0.0537505 0.02917 0.052611 0.0543395 0.0217003 0.0552018 0.0206429 0.0407073 0.144175 0.0321161 0.0355302 0.0285864 0.153047 0.0144423 0.0224824 0.0472114 0.107622 0.0293609 
0.0654915 0.0571951 0.0632439 0.0926712 0.112792 0.0320592 0.0259186 0.0228356 0.036646 0.0486878 0.0168977 0.0173569 0.0169963 0.0618729 0.0325139 0.0485729 0.0971102 0.0327332 0.0320842 0.0863216 
0.0591363 0.0743551 0.0634904 0.080547 0.0974719 0.0355989 0.0315092 0.034909 0.0482697 0.0485105 0.0174903 0.0210466 0.0182953 0.0753362 0.0308214 0.045024 0.0849021 0.032033 0.0292478 0.0720064 
0.0504772 0.0912894 0.0639485 0.0655233 0.0786567 0.0420197 0.0375891 0.0576297 0.0615916 0.0479801 0.0185897 0.0270174 0.0209749 0.0850878 0.0301794 0.0389567 0.069732 0.0310799 0.0261784 0.0554994 
0.0417493 0.0983818 0.0646684 0.0514103 0.0622992 0.0522904 0.0412393 0.0897 0.070255 0.0477509 0.021157 0.0342621 0.024922 0.0837132 0.0325229 0.0315711 0.0545858 0.0308461 0.0248527 0.0418227 
0.0353072 0.0908152 0.0651406 0.041708 0.0528727 0.0644719 0.0405949 0.120593 0.069286 0.0482891 0.0273645 0.0408099 0.0292307 0.0707908 0.0399815 0.0250412 0.042513 0.0330689 0.0280025 0.0341192 
0.0316109 0.073004 0.0639912 0.0366314 0.0495094 0.0733955 0.036582 0.135631 0.0596145 0.0492142 0.0401548 0.0450903 0.0332438 0.0534606 0.0550753 0.0204985 0.0343157 0.0391976 0.0386935 0.031086 
0.0298394 0.0530999 0.0603135 0.0343483 0.0488292 0.0738973 0.0314778 0.125618 0.0460444 0.0494504 0.0602705 0.0461599 0.0370042 0.0391098 0.0793632 0.0177579 0.0293667 0.0490409 0.0591131 0.0298955 
0.0290642 0.0378671 0.055268 0.033225 0.048392 0.0661504 0.0272338 0.0967057 0.033998 0.0480497 0.0821577 0.044037 0.0405445 0.0309979 0.108617 0.0161697 0.0267083 0.0597211 0.0861538 0.0289394 
0.0287125 0.029443 0.0510246 0.0325663 0.0476091 0.0560971 0.0245928 0.0665259 0.026373 0.0452263 0.0978493 0.0402972 0.0435681 0.0279859 0.134207 0.0151513 0.0253933 0.0678004 0.111535 0.0280427 
0.0285946 0.0257154 0.0483428 0.0321995 0.0467912 0.048436 0.0232163 0.0457184 0.0225154 0.0419592 0.105367 0.0366883 0.0460197 0.0274395 0.151925 0.0143806 0.0248054 0.0725838 0.129908 0.0273956 
0.0882553 0.0373417 0.0632437 0.0912305 0.0950161 0.0303162 0.0288464 0.0191925 0.0393404 0.049836 0.0155968 0.0171789 0.0169546 0.0714546 0.02875 0.0715898 0.108605 0.0363742 0.0310733 0.0598062 
0.080135 0.0459117 0.0614603 0.0835775 0.0845591 0.0323535 0.0356138 0.0270678 0.0530525 0.0502306 0.0155889 0.0205779 0.0178619 0.0862931 0.0266765 0.0662377 0.095424 0.0352521 0.0287693 0.0533581 
0.0685774 0.0564276 0.0593076 0.0729773 0.0701181 0.0352347 0.0445212 0.0430559 0.0716434 0.0502361 0.0157595 0.0273149 0.0200673 0.0997874 0.0249489 0.0566358 0.0787791 0.0337772 0.0258749 0.0449564 
0.055586 0.064694 0.0574261 0.0610332 0.0553641 0.0398736 0.0526858 0.0689665 0.0887855 0.0501095 0.0164158 0.0376281 0.0240596 0.103469 0.025068 0.0440008 0.0614434 0.0329226 0.023663 0.036805 
0.0445222 0.0659701 0.0564978 0.0508439 0.045042 0.0467374 0.0562085 0.0997285 0.0953839 0.050416 0.0184496 0.0495418 0.0294759 0.0925998 0.0288209 0.0319244 0.0472225 0.0348214 0.0244324 0.0313611 
0.0371032 0.0594061 0.0559069 0.0443211 0.0405328 0.0543344 0.0536431 0.123379 0.0879347 0.0514392 0.023509 0.059702 0.0356139 0.0720235 0.0381253 0.0232108 0.0377446 0.0420199 0.0311298 0.0289207 
0.0329205 0.0479942 0.0540605 0.0408998 0.0397461 0.0592919 0.0465681 0.1272 0.0704782 0.0526244 0.0332795 0.0648499 0.0423896 0.0508524 0.0551224 0.0182531 0.032447 0.0559759 0.047085 0.0279617 
0.0309381 0.0362781 0.0504349 0.0388419 0.0400803 0.0589832 0.0380886 0.107754 0.0508902 0.0525921 0.0468928 0.0631068 0.0497371 0.0357683 0.0791477 0.0161311 0.030124 0.0744302 0.0727022 0.0270782 
0.0301934 0.0280145 0.0464651 0.0370355 0.0401792 0.0546957 0.0312361 0.077742 0.0361984 0.0504462 0.0596672 0.0562694 0.0565754 0.0283 0.103725 0.0155345 0.0294113 0.0910851 0.101218 0.026008 
0.0299867 0.0237664 0.0435813 0.0354332 0.039918 0.0499648 0.0270798 0.0529511 0.0280979 0.0469195 0.0678345 0.0485561 0.0619083 0.0258398 0.122338 0.0153741 0.0292721 0.101807 0.124269 0.0251047 
0.0992161 0.0293906 0.0582785 0.0788841 0.065259 0.0313195 0.0400436 0.0225054 0.0544336 0.0503397 0.0148196 0.0212966 0.0186248 0.0906989 0.0227412 0.101349 0.0971079 0.0364757 0.0276125 0.0396064 
0.0859569 0.0347237 0.0544627 0.0729387 0.0563347 0.0324989 0.051735 0.0319343 0.0743065 0.0504153 0.0143741 0.0281881 0.0204415 0.104998 0.0208703 0.0877571 0.0819661 0.0347916 0.0253321 0.0359752 
0.0701305 0.0405897 0.05019 0.0651726 0.0458896 0.0338731 0.0650746 0.0487549 0.0968685 0.0503219 0.014067 0.0405239 0.0240462 0.112802 0.0199148 0.0683132 0.065336 0.0334774 0.0231126 0.0315426 
0.0553398 0.0445123 0.0468377 0.0570076 0.0371439 0.036305 0.0749898 0.0719426 0.112253 0.0504928 0.0142641 0.0576795 0.0296973 0.107108 0.0210418 0.0479195 0.0507347 0.0345224 0.0224428 0.0277647 
0.0444113 0.0444808 0.0451082 0.0505184 0.032336 0.0403685 0.0770115 0.0949867 0.112194 0.0514756 0.0157005 0.0758017 0.0372004 0.0885964 0.0254367 0.0318893 0.0405414 0.0409056 0.0254354 0.0256017 
0.0375476 0.0403121 0.0440755 0.0465219 0.0309977 0.0452205 0.0703854 0.107819 0.0966749 0.0532921 0.0194773 0.089111 0.0469245 0.0648682 0.0346976 0.0219451 0.0348431 0.0556559 0.0349318 0.0246986 
0.0337465 0.0334801 0.0423597 0.0440212 0.0312855 0.0488101 0.0578436 0.102295 0.0727797 0.054861 0.0263008 0.0919027 0.0595216 0.0440737 0.050033 0.01718 0.0327543 0.0792522 0.0534552 0.0240437 
0.0320397 0.0266757 0.0398303 0.0415843 0.0317178 0.0497348 0.044567 0.0812617 0.0505274 0.0544686 0.0347869 0.0831825 0.0735692 0.0309107 0.0689554 0.0158778 0.0329379 0.105684 0.0786023 0.0230861 
0.0315182 0.0220555 0.0374741 0.0389563 0.0318079 0.0487444 0.0349142 0.0580508 0.0361484 0.0517615 0.0420133 0.0692879 0.0857931 0.0249845 0.0857384 0.0161035 0.0338374 0.126202 0.102546 0.0220626 
0.0314808 0.0196811 0.0358205 0.036658 0.0316274 0.047327 0.02945 0.0417408 0.0289085 0.0480442 0.046594 0.0569602 0.0947979 0.0231088 0.0971595 0.0165374 0.0346023 0.138253 0.119968 0.0212826 
0.110188 0.021265 0.0546129 0.0689305 0.0467629 0.0314799 0.0439931 0.0210399 0.0531436 0.0498603 0.0150323 0.0228876 0.020201 0.0869367 0.0193706 0.149832 0.0888779 0.035292 0.0263093 0.0339866 
0.0973244 0.0238262 0.0505772 0.0664108 0.0423575 0.0317604 0.0579426 0.0257322 0.0704317 0.0493914 0.0142197 0.0292339 0.0218076 0.0990921 0.0179429 0.13336 0.0776368 0.0338216 0.0246716 0.0324593 
0.0811925 0.0274888 0.0452355 0.0627706 0.0364965 0.0316218 0.0762345 0.03494 0.0930652 0.0488973 0.0134037 0.0419448 0.0250274 0.108125 0.0169917 0.107047 0.0645982 0.0325197 0.0228946 0.0295065 
0.0647346 0.0313164 0.0398797 0.05796 0.0306565 0.0315906 0.0937567 0.0491447 0.113527 0.048713 0.0127968 0.0623712 0.0304578 0.107367 0.0170769 0.0760672 0.0520441 0.0328567 0.021798 0.0258856 
0.0515012 0.0337161 0.03614 0.0530727 0.0266563 0.0326912 0.103183 0.0655977 0.121648 0.0493804 0.0128266 0.0878011 0.0383475 0.0943367 0.0186784 0.0491683 0.0423886 0.037385 0.0226098 0.0228717 
0.0426494 0.0335766 0.0343292 0.0494368 0.0249799 0.0354567 0.100464 0.0786702 0.113146 0.0511857 0.0140969 0.111388 0.0496035 0.0735861 0.0225124 0.0310438 0.0364657 0.0493704 0.0269371 0.0211008 
0.0373088 0.0307414 0.0334197 0.0470928 0.0247237 0.0392951 0.0865229 0.0819727 0.0917266 0.0536087 0.0172933 0.124007 0.0663092 0.0521479 0.02982 0.0211077 0.0340403 0.0716207 0.0370308 0.0202108 
0.0344662 0.0261215 0.0323543 0.0448414 0.0247648 0.0427689 0.0667529 0.0728285 0.0663336 0.0550907 0.0224428 0.118938 0.0887956 0.0355515 0.0408438 0.0171139 0.0344617 0.102236 0.0537963 0.0194987 
0.0333649 0.0215791 0.0309781 0.0419724 0.0246027 0.0447694 0.0489614 0.0569459 0.0462458 0.0542693 0.02811 0.100095 0.11232 0.0259409 0.0528621 0.0166175 0.03633 0.131995 0.0733578 0.0186843 
0.0332053 0.0184679 0.0296682 0.0390391 0.0242911 0.045394 0.037411 0.0429389 0.0345681 0.0516038 0.0326083 0.0790833 0.131339 0.0217563 0.0623793 0.0173693 0.0381782 0.152868 0.0899074 0.0179234 
0.0998477 0.0192358 0.0482189 0.0568029 0.0318973 0.0318225 0.0617354 0.023209 0.0635905 0.0480742 0.0148506 0.0301998 0.0232807 0.0862222 0.0157633 0.187462 0.068151 0.031449 0.0240959 0.0340938 
0.0861306 0.0215196 0.0431084 0.0558733 0.0292491 0.0309312 0.083514 0.0275261 0.0821517 0.0468883 0.0138199 0.0416021 0.0261885 0.0939111 0.0153008 0.157543 0.0598834 0.0305244 0.022782 0.0315535 
0.0707337 0.0246916 0.0368365 0.0541966 0.026127 0.0297596 0.108371 0.0350975 0.102541 0.0461451 0.0128349 0.0623287 0.0312945 0.0959478 0.0154437 0.116814 0.0511138 0.0306678 0.0217835 0.027272 
0.0569175 0.027719 0.0313037 0.051712 0.0235062 0.0291992 0.126957 0.0449459 0.11573 0.0463306 0.0122516 0.0919426 0.0390271 0.0885003 0.0161687 0.0764049 0.0433709 0.0336501 0.0217791 0.0225832 
0.0469665 0.0293162 0.0279744 0.0492986 0.0220531 0.0301543 0.1311 0.0541755 0.114831 0.0477125 0.0125545 0.124115 0.05031 0.0732499 0.0174979 0.0465529 0.03778 0.0419267 0.0234354 0.0189965 
0.0406996 0.0288113 0.026647 0.0475977 0.0214619 0.0327962 0.119345 0.0592911 0.100319 0.050041 0.0142397 0.148393 0.068029 0.0554169 0.020051 0.0288915 0.0347202 0.0584788 0.0277965 0.0169743 
0.0370545 0.0262049 0.0261699 0.0460602 0.0209608 0.0364277 0.0960461 0.0576403 0.0780663 0.0523786 0.0176213 0.153585 0.095464 0.0395548 0.0247706 0.0202977 0.0343206 0.0849895 0.0363352 0.016051 
0.0353337 0.0223236 0.0255751 0.04378 0.0201555 0.0397469 0.0700349 0.0499178 0.0563093 0.0533578 0.0221611 0.1364 0.130276 0.0283293 0.0313937 0.0175066 0.0361094 0.11698 0.0487542 0.0155559 
0.0349506 0.0186653 0.0246388 0.0409359 0.0192615 0.0417867 0.0499592 0.0406549 0.0410482 0.0524726 0.0264519 0.108062 0.163373 0.0220786 0.0378985 0.0176774 0.0386757 0.144704 0.0615857 0.0151183 
0.0351832 0.0161751 0.0235732 0.0383769 0.0185482 0.0425511 0.0380525 0.0336144 0.0325558 0.0505594 0.0295476 0.0825133 0.188288 0.0192854 0.0425481 0.018688 0.0407968 0.162884 0.0715795 0.0146824 
0.0950358 0.0177682 0.0472795 0.0477705 0.0257917 0.032229 0.0625661 0.0225637 0.0572229 0.0467726 0.0157738 0.031082 0.0241455 0.0724677 0.0140458 0.239097 0.0577829 0.0286634 0.023694 0.0382497 
0.085015 0.0192042 0.0431463 0.047879 0.0247606 0.0308904 0.0851956 0.0242293 0.070329 0.0449139 0.0147362 0.0401328 0.0267014 0.077649 0.0140544 0.21075 0.0534685 0.0281362 0.0226761 0.0361325 
0.0728232 0.0216804 0.037024 0.0480356 0.023366 0.0291497 0.114973 0.0278648 0.0870301 0.043586 0.0136351 0.058375 0.0313766 0.0802492 0.0146295 0.165816 0.0486446 0.028388 0.0218578 0.0314965 
0.0603455 0.024706 0.0303608 0.0477069 0.0219749 0.0277119 0.142917 0.0332917 0.101408 0.043294 0.0127181 0.0881171 0.0387207 0.0767781 0.0155078 0.113306 0.0436611 0.0305545 0.0216845 0.0252367 
0.0502245 0.0270398 0.0254056 0.0469466 0.0210424 0.0275613 0.156397 0.0389889 0.106014 0.0442671 0.0124769 0.12508 0.0493057 0.0667911 0.0162411 0.0690897 0.0391224 0.0361543 0.0224021 0.0194494 
0.0434197 0.027729 0.0230155 0.0462611 0.0205168 0.0291171 0.150093 0.0430153 0.0987302 0.0461968 0.0133867 0.158874 0.0656385 0.0536625 0.0168943 0.0408385 0.0356863 0.0471648 0.0241694 0.0155904 
0.0392658 0.0265097 0.0223485 0.0456034 0.0198372 0.0320649 0.127278 0.0439166 0.0828288 0.0484735 0.0157954 0.176802 0.092663 0.0409276 0.0182429 0.0259189 0.034035 0.0660327 0.027752 0.0137062 
0.0370359 0.023578 0.022086 0.0442767 0.0185783 0.0354757 0.0961134 0.0412485 0.0638344 0.0502751 0.0196203 0.169178 0.132809 0.0306035 0.0209913 0.0195107 0.0346328 0.0929198 0.0341087 0.0131239 
0.0363271 0.0198506 0.0214174 0.0420697 0.0169949 0.0381471 0.0673263 0.0364295 0.0475428 0.0509068 0.02387 0.140002 0.178667 0.0235869 0.0246787 0.0179978 0.0369273 0.121738 0.0424559 0.0130645 
0.0365626 0.0166402 0.0203446 0.0397242 0.015674 0.0395001 0.0477667 0.031842 0.0368401 0.0504707 0.0272948 0.106087 0.217808 0.0196651 0.0279686 0.0186291 0.0395071 0.144366 0.0502963 0.0130154 
0.0803005 0.0185384 0.0441995 0.0413814 0.0224509 0.0312399 0.0821342 0.0229682 0.0613247 0.0431417 0.0157216 0.0385592 0.0263833 0.064522 0.0129721 0.257172 0.0474938 0.0258984 0.0225836 0.041015 
0.071815 0.0203684 0.0389677 0.0420153 0.0218629 0.0292023 0.112837 0.0245537 0.0733091 0.0413387 0.0146804 0.0528103 0.030432 0.0664279 0.0138811 0.215012 0.0455552 0.02625 0.0218449 0.0368371 
0.0619994 0.0230992 0.032047 0.04283 0.0212208 0.0271993 0.14769 0.0274556 0.0860394 0.0406029 0.0136275 0.0790823 0.0371486 0.0649979 0.0151984 0.156844 0.0432986 0.0280284 0.0216192 0.0299715 
0.0527036 0.0257695 0.0256962 0.0434805 0.0207543 0.0262614 0.171995 0.0309161 0.0935091 0.0412873 0.0129831 0.116599 0.0468654 0.0588667 0.0162222 0.0990849 0.0404056 0.0321584 0.0220957 0.0223473 
0.0456588 0.0271831 0.0218985 0.0439564 0.0204677 0.0270292 0.174433 0.0336845 0.0918308 0.0430059 0.0132854 0.156387 0.0610768 0.0496822 0.0165252 0.0576665 0.0371631 0.0396298 0.0230532 0.0163793 
0.0410569 0.0268706 0.0205374 0.0442366 0.0199444 0.0293136 0.155803 0.0349237 0.0821605 0.0450592 0.0149214 0.185554 0.0844735 0.0401632 0.0165585 0.0342996 0.0345228 0.0521196 0.0245339 0.0129477 
0.0383558 0.0248472 0.0202496 0.0438802 0.0186832 0.0324115 0.123681 0.0343404 0.0679246 0.0469463 0.0180487 0.191528 0.122876 0.0318354 0.017214 0.0230954 0.0335551 0.0715315 0.0273579 0.0116391 
0.0372172 0.0214825 0.0197764 0.0425134 0.0167211 0.0352615 0.0886025 0.0322603 0.0531438 0.0483135 0.0221644 0.169706 0.174798 0.0253232 0.0189129 0.0189485 0.0346833 0.0964226 0.0321413 0.0116082 
0.0372887 0.0178499 0.0187195 0.0405982 0.0147715 0.0369891 0.0608118 0.0297218 0.0414273 0.0490235 0.0260141 0.132317 0.226909 0.0209277 0.0210685 0.0184906 0.0370442 0.120196 0.0378697 0.0119628 
0.0378885 0.0150549 0.017408 0.0389557 0.0134221 0.0375569 0.0438227 0.0276855 0.0338844 0.049282 0.0286879 0.0976299 0.266581 0.0184636 0.0227911 0.0193781 0.0392873 0.137254 0.0428061 0.0121628 
