20 hexa 10 10 gaussian
#SNAPSHOT FILE
#iterations: 16000 (40000 total)
0.0362071 0.106846 0.063691 0.0691352 0.108024 0.0555174 0.02372 0.0486542 0.0297288 0.0420938 0.0258098 0.0228032 0.0141013 0.041601 0.0369417 0.0431674 0.0594439 0.0250947 0.0319605 0.11546 
0.0357882 0.104048 0.0649284 0.064878 0.103375 0.0596854 0.0248894 0.0549428 0.0301506 0.042378 0.0301136 0.0244482 0.0156259 0.0416402 0.0414241 0.0401212 0.0563365 0.0259039 0.0342647 0.105059 
0.0352076 0.0994053 0.0659608 0.0600374 0.0974199 0.0640289 0.0260777 0.0618299 0.0304083 0.0425502 0.0366452 0.0264565 0.0177644 0.041426 0.0476929 0.0366453 0.0526767 0.027085 0.0375965 0.093086 
0.0344686 0.0926747 0.066461 0.0548177 0.0903139 0.0679248 0.0271406 0.0685514 0.0303763 0.0425368 0.0459561 0.0287781 0.0206395 0.0408331 0.0560836 0.0328418 0.0485224 0.0287514 0.0421242 0.0802044 
0.0336085 0.0840097 0.0661411 0.0495621 0.082443 0.0706374 0.0279183 0.0740899 0.0299484 0.0422805 0.0582377 0.0312596 0.0242834 0.0397944 0.0665916 0.0289449 0.0440757 0.0309485 0.047818 0.0674075 
0.0326975 0.074064 0.0648892 0.044697 0.0743904 0.0715873 0.0282908 0.0774992 0.0290892 0.0417759 0.0730251 0.0336577 0.028576 0.0383492 0.0786767 0.0252793 0.0396743 0.0336005 0.0543645 0.0558167 
0.0318197 0.0638557 0.0628446 0.0405936 0.0667942 0.070621 0.0282378 0.0783082 0.0278693 0.0410848 0.0891633 0.035721 0.0332457 0.0366501 0.0913146 0.0221452 0.0356882 0.0365124 0.0612128 0.0463179 
0.0310438 0.0544111 0.0603395 0.0374362 0.060155 0.0680746 0.0278565 0.076713 0.0264495 0.0403115 0.105161 0.0372955 0.0379588 0.0349059 0.103334 0.0197032 0.0323809 0.0394417 0.0677608 0.0392685 
0.0304028 0.0464209 0.0577471 0.0351932 0.0547145 0.0645775 0.0273174 0.0734145 0.0250188 0.0395586 0.119702 0.0383773 0.0424392 0.0332987 0.11381 0.0179414 0.0298365 0.0421907 0.073555 0.0344837 
0.0298962 0.0401243 0.0553482 0.0336971 0.0504636 0.0607714 0.0267954 0.0692701 0.0237323 0.0388943 0.131967 0.039089 0.0465439 0.0319336 0.122259 0.0167317 0.0279869 0.0446609 0.0783737 0.0314617 
0.0401464 0.0994928 0.0629899 0.066749 0.0988482 0.0551987 0.0281253 0.050471 0.0336201 0.0430392 0.0264502 0.0256505 0.0156034 0.0457796 0.0363139 0.0491394 0.0603385 0.0269647 0.0323034 0.102776 
0.0393696 0.0962137 0.0637652 0.0623595 0.0938375 0.0592225 0.0298326 0.0568918 0.0342815 0.0432948 0.031266 0.0280923 0.0177451 0.0454717 0.0411898 0.0449258 0.0568735 0.0281182 0.0349623 0.0922871 
0.0383411 0.0910653 0.0641639 0.0575224 0.0876876 0.0631825 0.0314775 0.0635663 0.0346447 0.0434104 0.0383676 0.030989 0.0207426 0.0447266 0.0478934 0.0401934 0.0528478 0.0297916 0.038713 0.0806737 
0.0371023 0.0839751 0.0639088 0.0524988 0.0806538 0.0664402 0.0328279 0.069621 0.034532 0.0433159 0.0481364 0.0341895 0.0247243 0.0434391 0.0566198 0.0351821 0.0483854 0.0320902 0.0436473 0.0687105 
0.0357488 0.0753011 0.062831 0.0476618 0.0731954 0.0683543 0.033658 0.0740666 0.0338271 0.042973 0.06049 0.0374042 0.0296614 0.0416162 0.0671484 0.0302799 0.0437644 0.0350055 0.0496181 0.0573953 
0.03441 0.0658362 0.0609708 0.0433981 0.0658901 0.0685486 0.0338443 0.0761739 0.0325431 0.0424049 0.0746987 0.040278 0.0353132 0.0394097 0.0787508 0.0259124 0.0393622 0.0383763 0.0562056 0.0476734 
0.0332063 0.0565704 0.0585774 0.0399693 0.0592709 0.067088 0.0334323 0.0757934 0.0308407 0.0416934 0.0895241 0.042531 0.0412773 0.0370741 0.0903717 0.0223836 0.0355225 0.0419306 0.06283 0.0401131 
0.0322089 0.0483397 0.0559977 0.037433 0.0536768 0.0644181 0.0326179 0.0733763 0.0289675 0.0409439 0.103641 0.0440684 0.0471335 0.0348664 0.100996 0.0197761 0.0324353 0.0453908 0.0689507 0.0347615 
0.0314302 0.0415936 0.053536 0.0356766 0.0492045 0.0611318 0.0316564 0.0697034 0.0271641 0.040244 0.116051 0.0449896 0.0525793 0.0329596 0.109944 0.0179782 0.0301114 0.0485659 0.0742164 0.0312643 
0.0308411 0.0363936 0.0513726 0.0345146 0.0457592 0.0577465 0.0307727 0.0655619 0.0256007 0.0396441 0.126225 0.0455163 0.0574871 0.0314194 0.116933 0.0167876 0.0284408 0.0513843 0.0784903 0.0291097 
0.0457062 0.0925614 0.0608847 0.0679411 0.0921032 0.0507336 0.0319249 0.0461196 0.0376966 0.0437577 0.0235023 0.0269233 0.0157183 0.0510006 0.0315845 0.061239 0.0641176 0.0280547 0.030578 0.097853 
0.0447405 0.0904844 0.0612977 0.0640516 0.0880164 0.0542014 0.0342234 0.0518374 0.0388493 0.0440688 0.026884 0.0298151 0.0178296 0.0506061 0.0352416 0.0561986 0.0609086 0.0291711 0.0326179 0.0889565 
0.0433983 0.0868699 0.0614462 0.0596903 0.0828916 0.0578707 0.0365787 0.0580917 0.0397385 0.044285 0.0320284 0.0333366 0.0208874 0.049716 0.040373 0.0503817 0.0571123 0.0308314 0.0355946 0.0788781 
0.0417152 0.0814932 0.0610947 0.0550422 0.0768711 0.0612574 0.038699 0.0642098 0.0401127 0.044338 0.039376 0.0373635 0.0251214 0.0481822 0.0472705 0.0440223 0.0527852 0.0331986 0.0396753 0.0681722 
0.0398038 0.0744483 0.0600617 0.0504073 0.0702799 0.0637752 0.0402441 0.0692896 0.0397531 0.0441695 0.0491 0.0415867 0.0306284 0.0459653 0.0559576 0.0375568 0.0481251 0.0363452 0.0448568 0.0576458 
0.0378425 0.066241 0.0583193 0.0461471 0.0635888 0.0649388 0.040942 0.0724799 0.0385735 0.0437657 0.0608714 0.0455545 0.0372598 0.043195 0.0660236 0.0315421 0.04347 0.0401776 0.0508828 0.0481851 
0.0360233 0.0576938 0.0560335 0.0425656 0.0572992 0.0645796 0.0407182 0.0733357 0.036686 0.0431739 0.0738161 0.0488261 0.0446043 0.0401566 0.0766479 0.0264688 0.0391999 0.0444308 0.0572702 0.0404706 
0.034485 0.0496663 0.053499 0.0398019 0.0517993 0.0629106 0.0397387 0.0719997 0.0343718 0.0424848 0.0867705 0.051151 0.0521126 0.0371877 0.086861 0.0225833 0.0355997 0.0487574 0.0634634 0.0347566 
0.0332791 0.0427689 0.0510164 0.0378142 0.0472753 0.0603907 0.0383256 0.0690746 0.0319668 0.0417934 0.0986752 0.0525456 0.0592894 0.0345558 0.0958657 0.0198467 0.0327787 0.0528556 0.0690116 0.0308709 
0.0323809 0.0372481 0.0487934 0.0364504 0.0437183 0.057514 0.0368204 0.0653226 0.0297484 0.0411688 0.108839 0.0532363 0.0658239 0.0323946 0.10321 0.0180348 0.0306882 0.0565484 0.0736611 0.0283993 
0.0512872 0.0824485 0.0586165 0.0649376 0.0802022 0.0492539 0.0390809 0.0469111 0.0439505 0.0448414 0.023376 0.0315141 0.0180026 0.0567179 0.0299136 0.0706951 0.0643537 0.0301148 0.0305593 0.0832237 
0.0496523 0.0801945 0.058427 0.0611151 0.0760771 0.0523708 0.0422147 0.0524715 0.0454655 0.0451214 0.0268895 0.0356396 0.0210406 0.0557077 0.0336746 0.0637397 0.0608768 0.0317223 0.0328119 0.0747875 
0.0475083 0.0764965 0.0578584 0.0569534 0.0711391 0.0555099 0.0452483 0.0582484 0.0464842 0.0452882 0.0320881 0.0405119 0.0253975 0.0539597 0.0388595 0.0558934 0.0568302 0.0340955 0.0360209 0.0656087 
0.0449702 0.0712525 0.0567475 0.0526755 0.0655884 0.0582149 0.0477446 0.0635098 0.0466801 0.04528 0.0392644 0.0458441 0.0313111 0.0513787 0.0456339 0.0476163 0.0523308 0.0373929 0.0402838 0.0562809 
0.0422558 0.0646859 0.0550342 0.0485886 0.0597684 0.06001 0.0492636 0.0674206 0.0458333 0.0450574 0.0483873 0.0511243 0.0387818 0.0480484 0.0538532 0.0395796 0.0476425 0.0416188 0.0455002 0.0475466 
0.0396362 0.0573643 0.0528178 0.045 0.0540989 0.0605874 0.0495441 0.0693511 0.0439496 0.0446306 0.0589623 0.055749 0.0474719 0.0442558 0.0629834 0.0324832 0.0431303 0.0465629 0.0513327 0.0400891 
0.0373467 0.0500405 0.0503337 0.0421072 0.0489612 0.0599407 0.0486358 0.0691474 0.0412892 0.0440613 0.0701106 0.0592545 0.0567641 0.040408 0.0722227 0.0268072 0.0391375 0.0518449 0.0572865 0.0343006 
0.0355137 0.0433887 0.047857 0.0399424 0.0445964 0.0583408 0.0468723 0.067163 0.0382657 0.0434363 0.0808595 0.0614909 0.0659699 0.0368824 0.0807704 0.0226695 0.03587 0.0570515 0.0628711 0.0301887 
0.0341437 0.0378118 0.0456047 0.0384041 0.0410731 0.0561859 0.0447108 0.0640461 0.0352858 0.0428332 0.0904414 0.0626262 0.0745458 0.0339131 0.0880593 0.0198775 0.0333621 0.0618686 0.0677349 0.0274721 
0.0331627 0.0334157 0.0436874 0.0373379 0.0383251 0.053845 0.0425646 0.0604708 0.03264 0.0423017 0.098422 0.0630203 0.0821918 0.0315707 0.0938234 0.0180951 0.0315236 0.0661351 0.0717056 0.0257617 
0.0587183 0.0727624 0.0558113 0.0649177 0.0710479 0.0446716 0.0440902 0.0423522 0.0492621 0.0455655 0.0206291 0.033052 0.0182332 0.0634668 0.0253094 0.0880365 0.0667791 0.0308242 0.0287961 0.0756748 
0.056866 0.0715964 0.0552665 0.0616605 0.0678119 0.0470976 0.0479828 0.0470687 0.0514423 0.0458719 0.0228659 0.0376787 0.0211609 0.0623814 0.0279546 0.0800515 0.0636867 0.0323243 0.0304114 0.0688203 
0.0543157 0.0693787 0.0544251 0.0580544 0.0639126 0.0497199 0.0519737 0.0522139 0.0532104 0.046107 0.026302 0.043301 0.0254802 0.0604824 0.0316698 0.0707531 0.0600365 0.0346158 0.0328026 0.0612455 
0.0511641 0.065892 0.0531574 0.0542495 0.0594488 0.0522358 0.0555689 0.0572511 0.0541462 0.0462201 0.0312441 0.0496978 0.031561 0.0576181 0.0366689 0.0605941 0.0558799 0.0379358 0.0361202 0.0533467 
0.0476459 0.0611327 0.0513974 0.0504846 0.0546399 0.0542644 0.0581804 0.0614617 0.0538835 0.0461629 0.0378305 0.056359 0.0395856 0.0538069 0.0429824 0.0503183 0.0513936 0.0424034 0.0403835 0.0456836 
0.0441006 0.0553934 0.0492019 0.0470376 0.0497974 0.0554686 0.0593239 0.0641607 0.0522705 0.0459172 0.0458744 0.0625614 0.049374 0.0493016 0.050338 0.0408201 0.0468827 0.0479127 0.0454089 0.0388548 
0.0408739 0.0492216 0.0467523 0.0441334 0.0452493 0.0556931 0.058841 0.0649738 0.0494733 0.0455111 0.0548215 0.0676098 0.0603414 0.0445463 0.0581678 0.0328594 0.0426991 0.0541101 0.0508192 0.0333031 
0.0382037 0.0432394 0.0442896 0.0418667 0.0412484 0.0550201 0.0569793 0.0639896 0.0459284 0.0450084 0.0639011 0.0711075 0.0716623 0.0400234 0.0657784 0.0268045 0.0391188 0.0605029 0.0561532 0.0291745 
0.036167 0.0379345 0.0420248 0.0401958 0.0379177 0.0537018 0.0542623 0.0616731 0.0421653 0.0444817 0.0723814 0.0730694 0.0825453 0.036092 0.0725752 0.022584 0.036264 0.0666279 0.0610081 0.0263291 
0.034706 0.0335533 0.0400829 0.0389997 0.0352557 0.0520367 0.0512632 0.0586354 0.0386274 0.0439876 0.0797561 0.0738316 0.0924352 0.0329155 0.0781951 0.0198429 0.0341093 0.0721704 0.0651261 0.02447 
0.0645523 0.0620138 0.0521583 0.0613229 0.0589823 0.042419 0.0533874 0.0422065 0.0571635 0.0464942 0.0198411 0.0392543 0.021214 0.0692291 0.0233215 0.0984358 0.065228 0.032554 0.0284307 0.0617916 
0.0617222 0.0609609 0.0510547 0.0582911 0.0559849 0.0443968 0.0582558 0.0465722 0.0596995 0.0467517 0.0219396 0.0454233 0.0253312 0.0672672 0.02588 0.0879361 0.0620399 0.0346682 0.0301131 0.0557115 
0.0580679 0.0589959 0.0496109 0.0550229 0.0525321 0.0464649 0.0629589 0.0511012 0.061485 0.0469334 0.0250984 0.0526839 0.0313055 0.0642432 0.0293955 0.0760717 0.0583546 0.0378573 0.0325539 0.0492634 
0.05381 0.0559691 0.0477687 0.0516851 0.0487394 0.048372 0.0668145 0.0552363 0.0620224 0.0469976 0.0295166 0.0605957 0.0394979 0.0601008 0.0339809 0.0635995 0.0542678 0.0423521 0.0358457 0.0428282 
0.0493261 0.0519373 0.0455604 0.0485051 0.044808 0.0498375 0.0691297 0.0583409 0.0609764 0.0469134 0.0352039 0.0683971 0.0499439 0.0550251 0.0395516 0.0515524 0.0500008 0.0481845 0.0399335 0.0368727 
0.0450618 0.047204 0.0431261 0.0457048 0.0409853 0.0506513 0.0694779 0.0599269 0.0583476 0.046681 0.041888 0.0752021 0.0622034 0.0494505 0.0457704 0.0409661 0.0458661 0.0550964 0.0445774 0.0318132 
0.0413884 0.0422438 0.0406729 0.0434204 0.0374977 0.0507564 0.0679061 0.05986 0.0545121 0.0463357 0.0490481 0.0803269 0.0754242 0.0439349 0.0521177 0.0325322 0.0421675 0.0625815 0.0494013 0.0278728 
0.0384957 0.0375352 0.0383993 0.0416685 0.034492 0.0502523 0.0649042 0.0583923 0.0500739 0.0459323 0.0560799 0.0835345 0.0886133 0.0389668 0.0580584 0.0264102 0.039099 0.0700524 0.0540079 0.0250322 
0.0363813 0.0334157 0.0364364 0.0403721 0.0320167 0.0493279 0.0611678 0.0560141 0.0456341 0.0455235 0.0624819 0.0850419 0.100934 0.0348327 0.0631955 0.0223118 0.0367082 0.077021 0.058087 0.0230968 
0.0349184 0.0300318 0.0348313 0.0394195 0.0300407 0.0481792 0.0573424 0.0532507 0.0416287 0.0451458 0.0679502 0.0853434 0.111858 0.0316042 0.0673279 0.0197395 0.034929 0.0831842 0.0614626 0.0218134 
0.0720978 0.0525101 0.0492972 0.0602457 0.050535 0.0385663 0.0579903 0.0380998 0.0621544 0.0469649 0.0176673 0.0402526 0.0211868 0.0756954 0.0197801 0.117535 0.0654523 0.0324158 0.0268811 0.0546731 
0.0691612 0.0522602 0.0479881 0.057757 0.0482495 0.0399049 0.0635477 0.0416691 0.0653789 0.0472099 0.0188239 0.0466992 0.0249659 0.0737685 0.0215024 0.106272 0.0627317 0.0342734 0.0279914 0.0498458 
0.0651952 0.051462 0.0463987 0.0550324 0.0456441 0.041414 0.0692206 0.0455534 0.0680167 0.0474096 0.0206781 0.0545075 0.0305829 0.0707288 0.0238937 0.0931206 0.0595705 0.0371888 0.0296889 0.0446935 
0.0603749 0.0498978 0.0444822 0.0521723 0.0427586 0.0429633 0.074306 0.0493538 0.0694789 0.047539 0.0234225 0.0633599 0.038542 0.0664485 0.0270818 0.078786 0.056003 0.0414822 0.0320975 0.0394504 
0.0550731 0.0474619 0.0422568 0.0493439 0.0397 0.0443702 0.0779642 0.0525414 0.0692555 0.0475692 0.027162 0.0725506 0.0491058 0.0610215 0.0310866 0.0643504 0.052164 0.0473297 0.0352493 0.0344445 
0.0497997 0.0442357 0.039831 0.0467414 0.036629 0.0454487 0.0794979 0.0546093 0.0671364 0.0474859 0.03182 0.0810947 0.0620662 0.054825 0.0357484 0.0510651 0.048296 0.0546223 0.039029 0.0300186 
0.0450544 0.0404974 0.0373824 0.0445189 0.033721 0.0460773 0.0786644 0.0552749 0.0633474 0.0472996 0.0371053 0.0880472 0.0766783 0.0484423 0.04073 0.0399644 0.0446865 0.0629233 0.0431714 0.0264142 
0.0411697 0.036633 0.0350962 0.0427395 0.0311181 0.0462376 0.0757916 0.0545928 0.0584815 0.0470424 0.0425847 0.092856 0.0918549 0.0424704 0.0456121 0.0315371 0.0415694 0.0715869 0.0473326 0.0236939 
0.0382439 0.033 0.0331067 0.0413743 0.0288977 0.0460014 0.0716051 0.0529008 0.0532618 0.0467532 0.0478252 0.0955108 0.106511 0.0373338 0.0500251 0.0256761 0.0390581 0.079967 0.0511923 0.021756 
0.0361849 0.0298319 0.0314725 0.0403424 0.0270719 0.0454832 0.0669176 0.0506554 0.0483013 0.0464644 0.0525095 0.0964311 0.119832 0.0332123 0.0537338 0.0218919 0.0371434 0.0875789 0.0545265 0.0204156 
0.0760869 0.0441762 0.0453954 0.0566535 0.0414217 0.0363872 0.0675411 0.0376653 0.0698728 0.0474993 0.0167136 0.0471234 0.0244468 0.07954 0.0183802 0.124437 0.06228 0.0335502 0.0264138 0.0444163 
0.0720355 0.0441615 0.0437168 0.0544304 0.0394637 0.0373532 0.073938 0.0408907 0.0732579 0.0476815 0.0176838 0.0551233 0.0295264 0.0766224 0.0199922 0.110578 0.0596229 0.0360914 0.0275263 0.0403045 
0.0669038 0.0436888 0.0417617 0.0520465 0.0373097 0.0384483 0.0800825 0.0442302 0.0756483 0.0478252 0.0192446 0.0645054 0.0369221 0.0724009 0.0221588 0.0949446 0.0566045 0.0399937 0.0292013 0.0360794 
0.0610159 0.0425682 0.0395389 0.0496081 0.0349977 0.0395877 0.0850769 0.0472763 0.0764016 0.0479139 0.0215273 0.0746975 0.0470913 0.0668728 0.0249392 0.0785716 0.0532876 0.0455572 0.0315189 0.0319514 
0.0548941 0.0407184 0.0371313 0.0472672 0.0326128 0.0406533 0.08801 0.0495668 0.0750921 0.0479321 0.0245663 0.0847305 0.0600936 0.0603194 0.0282836 0.0628194 0.0498347 0.0528434 0.0344561 0.0281753 
0.0491321 0.0382257 0.0346902 0.0451727 0.0302706 0.041526 0.0883185 0.0507474 0.0717258 0.0478761 0.0282407 0.0934855 0.0754061 0.0532926 0.0320031 0.0490182 0.0464846 0.0615581 0.0378561 0.0249701 
0.0442103 0.0353319 0.0323886 0.0434171 0.0280875 0.0421265 0.0860521 0.0507186 0.0667842 0.047758 0.0322834 0.100095 0.0919895 0.0464545 0.0358078 0.0380375 0.0434759 0.0710862 0.0414552 0.0224405 
0.0403645 0.0323465 0.0303636 0.0420151 0.0261492 0.0424336 0.0818374 0.0496627 0.0610358 0.0475992 0.0363631 0.104239 0.108603 0.0403598 0.0393965 0.0300678 0.0409668 0.0806813 0.0449603 0.0205556 
0.0375811 0.0295396 0.0286855 0.0409218 0.0244969 0.0424748 0.0765797 0.0479403 0.0552497 0.0474209 0.040189 0.106156 0.12416 0.0353197 0.0425408 0.0247356 0.0390031 0.0896837 0.0481276 0.0191936 
0.0356872 0.0270818 0.0273608 0.040071 0.0231323 0.0423031 0.071135 0.0459439 0.0499908 0.0472388 0.0435743 0.10644 0.137922 0.0313987 0.0451236 0.021402 0.0375364 0.0976424 0.0508063 0.0182099 
0.0821213 0.0372768 0.0433514 0.0552184 0.0358777 0.0337857 0.0702081 0.0345502 0.0730829 0.0476545 0.0153533 0.0468328 0.0238578 0.0843368 0.0162499 0.141322 0.0610358 0.0326609 0.0253075 0.039916 
0.0781941 0.0377068 0.0416434 0.0534195 0.0343768 0.0343021 0.0770383 0.0371758 0.077029 0.0478034 0.0157632 0.0547009 0.0283088 0.0816485 0.0173615 0.127378 0.0588099 0.0347837 0.0259856 0.0365714 
0.0730166 0.0379494 0.0396935 0.0514689 0.0327642 0.0349586 0.0839689 0.0400296 0.0802362 0.0479281 0.0165442 0.0641949 0.0349311 0.0776533 0.0188428 0.111121 0.0562965 0.038178 0.0270923 0.0331318 
0.0668311 0.0377924 0.0375034 0.0494187 0.031035 0.0357448 0.0901334 0.0428143 0.0819904 0.0480281 0.0178207 0.0749214 0.0443172 0.072257 0.0207538 0.0934557 0.0535071 0.0432284 0.0287256 0.0297219 
0.0601172 0.0370619 0.0351339 0.0473723 0.0292173 0.0366171 0.0945015 0.0451413 0.0816842 0.0480959 0.0196756 0.0860294 0.0567763 0.0656258 0.0230975 0.0757274 0.0505317 0.0501557 0.0309211 0.0265171 
0.0535085 0.0356931 0.0327114 0.0454555 0.0273717 0.0375009 0.0962245 0.0466431 0.0790778 0.0481252 0.0220959 0.0963486 0.0720723 0.058229 0.025784 0.059458 0.0475453 0.0588491 0.0336102 0.0236961 
0.0476082 0.0337731 0.0303962 0.0437713 0.0255782 0.0383096 0.095008 0.0471178 0.0744512 0.0481161 0.0249462 0.104762 0.0893477 0.0507377 0.028634 0.0458819 0.0447614 0.0688105 0.0366145 0.021375 
0.0428063 0.0315146 0.028329 0.0423666 0.0239144 0.0389703 0.0912474 0.0466101 0.0685176 0.0480744 0.028001 0.110607 0.107337 0.0438076 0.031428 0.0355712 0.0423582 0.0792781 0.0396913 0.0195695 
0.0392087 0.0291717 0.0265929 0.041232 0.0224361 0.0394405 0.0858241 0.0453733 0.0621424 0.0480083 0.0310193 0.113852 0.124752 0.0378867 0.0339725 0.0283896 0.0404244 0.0894608 0.0426041 0.018209 
0.0366955 0.0269577 0.0252079 0.0403263 0.0211707 0.0397094 0.079736 0.0437497 0.0560636 0.0479237 0.0338143 0.114965 0.140584 0.0331529 0.0361452 0.0237474 0.0389547 0.0987317 0.045178 0.0171868 
0.0834595 0.0323843 0.0401585 0.0521961 0.0304689 0.0321138 0.0787089 0.0343221 0.0794252 0.047828 0.0145917 0.0535174 0.0270861 0.0857229 0.0156348 0.142755 0.0575029 0.0334673 0.0249462 0.03371 
0.0784654 0.0330243 0.0382535 0.0506079 0.0292311 0.0324115 0.0861162 0.0367211 0.0832559 0.0479209 0.0148878 0.0627687 0.0328483 0.0820715 0.0166872 0.126544 0.0554054 0.0363128 0.025634 0.0308324 
0.0722664 0.0334917 0.0361252 0.0489119 0.0279249 0.0328532 0.0931795 0.0392004 0.085913 0.0480027 0.0155093 0.0735771 0.0412235 0.076992 0.0180278 0.108301 0.0530849 0.0407194 0.0267382 0.027958 
0.065257 0.0335797 0.0338154 0.0471647 0.026542 0.0334547 0.0988544 0.0414505 0.0866701 0.0480788 0.0165525 0.0852794 0.0527145 0.0705316 0.0196754 0.0892489 0.050575 0.0470291 0.0283254 0.0252011 
0.0580494 0.0331281 0.0314268 0.0454584 0.0250997 0.0341976 0.102093 0.0431276 0.0850593 0.0481484 0.0180629 0.0967749 0.0673794 0.0630432 0.0215946 0.0709635 0.047987 0.0553183 0.0303898 0.0226984 
0.0513206 0.0320909 0.0291048 0.0438881 0.0236404 0.0350245 0.102258 0.0439734 0.0811066 0.0482084 0.019997 0.106809 0.0846346 0.0551496 0.023684 0.0549637 0.0454918 0.0652655 0.0328287 0.020561 
0.0456051 0.0305629 0.0269927 0.0425183 0.0222227 0.0358528 0.0994142 0.0439225 0.0753685 0.0482554 0.0222203 0.114412 0.103328 0.0475609 0.0257973 0.0422279 0.0432635 0.0761844 0.0354595 0.0188319 
0.0411548 0.0287397 0.0251876 0.0413679 0.0209044 0.0365991 0.094286 0.0431206 0.0687179 0.0482854 0.0245501 0.119217 0.122075 0.0408502 0.0277876 0.032964 0.0414185 0.0872243 0.0380716 0.017479 
0.0379429 0.0268387 0.0237257 0.040422 0.0197293 0.0372 0.0879201 0.0418457 0.062026 0.0482944 0.0268151 0.121478 0.139638 0.035325 0.0295462 0.0267447 0.0399884 0.0976097 0.0404836 0.016427 
0.0357673 0.0250366 0.0225942 0.0396522 0.0187215 0.037622 0.0813168 0.040398 0.0559361 0.0482798 0.0288987 0.121842 0.155144 0.031036 0.0310222 0.0228432 0.0389328 0.106784 0.0425769 0.0155958 
