20 hexa 10 10 gaussian
#SNAPSHOT FILE
#iterations: 52000 (200000 total)
0.0271956 0.082341 0.0490278 0.0930659 0.120283 0.0347067 0.0158661 0.0237702 0.0244929 0.0400662 0.021716 0.0193934 0.0158092 0.0282732 0.0353988 0.0259409 0.0551616 0.0214624 0.0335956 0.232437 
0.0267361 0.123169 0.0531763 0.0796705 0.106987 0.0376004 0.0194163 0.0266615 0.0259275 0.0398425 0.0222177 0.023057 0.0171602 0.0363567 0.0365661 0.0261915 0.0558194 0.0224789 0.0318444 0.189123 
0.0258349 0.173851 0.0586517 0.0613164 0.0888837 0.0454955 0.0240021 0.0347242 0.0277561 0.038383 0.0228767 0.0276325 0.0196724 0.0464632 0.0376692 0.0260285 0.0552724 0.0236308 0.0296818 0.132177 
0.024834 0.206686 0.0641285 0.0433642 0.0725568 0.0639428 0.0271567 0.0509413 0.0288819 0.03669 0.0251912 0.030904 0.0227542 0.0530399 0.0389474 0.0253611 0.0521538 0.0245467 0.0279298 0.0799901 
0.0242587 0.19834 0.0677013 0.0313648 0.0645004 0.0939365 0.0266314 0.0736313 0.0280838 0.0364439 0.0333693 0.0311996 0.0250379 0.0515061 0.0418012 0.0244889 0.0462538 0.0253487 0.027637 0.0484688 
0.0243608 0.155456 0.0680769 0.0254218 0.0641661 0.124095 0.0232172 0.0943573 0.0253727 0.0377383 0.0552302 0.0294672 0.0259319 0.0438556 0.0487377 0.0234148 0.039126 0.0263074 0.0298065 0.0358634 
0.0249388 0.10313 0.065433 0.0228595 0.0662351 0.134033 0.0199591 0.101712 0.0220196 0.0389099 0.0988509 0.0279861 0.0260115 0.0359072 0.0628257 0.0214972 0.0326963 0.0269597 0.0354836 0.032554 
0.0254107 0.0627712 0.0617724 0.0220423 0.0659563 0.115068 0.0190457 0.0911936 0.0193678 0.0385458 0.159194 0.027876 0.026085 0.0314269 0.0849675 0.0184212 0.027824 0.0267696 0.0445479 0.0317148 
0.0253907 0.0406768 0.0592491 0.0224988 0.06284 0.0835874 0.0198378 0.0714026 0.0176796 0.0369558 0.213478 0.0283011 0.0263386 0.0300361 0.110351 0.01517 0.0244305 0.0261627 0.054604 0.031012 
0.0250418 0.0313286 0.0581487 0.0236637 0.0592535 0.0588687 0.0206554 0.0535648 0.0164598 0.0352831 0.245617 0.0282034 0.0265851 0.0299438 0.132933 0.0128681 0.0222087 0.0258049 0.0632475 0.030324 
0.0327394 0.0886802 0.0564682 0.09039 0.130828 0.0343053 0.0186073 0.0230762 0.0250321 0.0424701 0.0205878 0.0191571 0.016545 0.0350977 0.0377398 0.0284111 0.0673314 0.0240386 0.0338308 0.174668 
0.0313484 0.128677 0.0619652 0.0756798 0.111069 0.0382407 0.0229156 0.030209 0.0288023 0.0413417 0.0213495 0.0231554 0.0182714 0.0461029 0.0376794 0.0285371 0.0637786 0.024761 0.031337 0.134781 
0.0292283 0.168154 0.0680769 0.0569694 0.0876933 0.0486701 0.0274013 0.0466808 0.0331468 0.039445 0.0225483 0.0276134 0.0212156 0.0563442 0.0377115 0.0277688 0.0579537 0.0253191 0.0285258 0.0895352 
0.0272299 0.180553 0.0725748 0.040602 0.070091 0.0693637 0.0290995 0.0736149 0.0355965 0.0384644 0.0262185 0.0303542 0.0244657 0.0586786 0.0392805 0.0261191 0.0502621 0.0256513 0.0267519 0.055029 
0.02614 0.15718 0.0736462 0.0308227 0.0630097 0.0962527 0.0269691 0.103001 0.0344471 0.0393144 0.0372382 0.0306489 0.0267311 0.0517022 0.0446623 0.0241953 0.0420479 0.0263338 0.0276478 0.0380109 
0.0260653 0.114681 0.0709863 0.0263979 0.0629073 0.115271 0.0232452 0.120301 0.0303352 0.0407915 0.0630509 0.0298983 0.027732 0.0412707 0.0568521 0.0222004 0.0348263 0.0276025 0.0329962 0.03259 
0.0265615 0.0740825 0.0659644 0.024665 0.0638406 0.112315 0.0208413 0.114494 0.0252579 0.0410545 0.107422 0.029569 0.0280483 0.0335789 0.0788256 0.0197331 0.0293172 0.028836 0.0442508 0.0313448 
0.0269528 0.0471197 0.0611818 0.0243502 0.0624841 0.0897443 0.02058 0.0899301 0.0210723 0.0395323 0.15816 0.0296579 0.0282457 0.0304337 0.10844 0.0168207 0.0253645 0.0295 0.0597748 0.0306557 
0.0269367 0.0340707 0.0583241 0.0249344 0.0595531 0.0650448 0.0211428 0.0633536 0.0183871 0.0372389 0.194558 0.0293568 0.0284736 0.0300172 0.137253 0.0143147 0.0226546 0.0297871 0.0746993 0.029904 
0.0266627 0.0290995 0.0569895 0.0258801 0.0569074 0.0488149 0.0213788 0.0448266 0.016731 0.0353152 0.21077 0.0284599 0.0287416 0.0303864 0.159891 0.0127181 0.0209346 0.0300483 0.0861466 0.0292999 
0.0447719 0.0620942 0.0600583 0.0964727 0.146243 0.0318745 0.0190219 0.0191378 0.0241828 0.045551 0.0185959 0.0159805 0.0164153 0.0377161 0.0382486 0.0332952 0.0873189 0.0274816 0.0353727 0.140169 
0.0426682 0.0864476 0.0644865 0.087412 0.128743 0.0339191 0.0227951 0.0246881 0.0298448 0.0449848 0.019344 0.0188137 0.017306 0.0500484 0.0371419 0.0335378 0.0800576 0.0275872 0.0329341 0.117242 
0.0389175 0.118233 0.0699492 0.0724739 0.103652 0.0388815 0.0279941 0.0390421 0.0384374 0.0434216 0.0202187 0.0233305 0.0193932 0.0643747 0.0357088 0.03256 0.0694712 0.0275552 0.0295737 0.0868126 
0.0343644 0.14083 0.0746417 0.0544988 0.0785599 0.0502819 0.0320985 0.0668525 0.0469676 0.0419456 0.0217843 0.0282853 0.0228341 0.0720617 0.0355568 0.0297831 0.0572158 0.0273043 0.026372 0.0577625 
0.0307319 0.137352 0.0764099 0.040202 0.0630851 0.0688444 0.0322461 0.103539 0.050369 0.0419735 0.0263991 0.0317771 0.0265232 0.0666727 0.0391206 0.0260622 0.0459593 0.0275128 0.0255083 0.0397107 
0.0288563 0.111449 0.0744561 0.0324909 0.0582913 0.0877794 0.0289724 0.133309 0.0468299 0.0432413 0.0387685 0.0333851 0.029237 0.0527854 0.0489224 0.0227488 0.0372027 0.0291973 0.0294785 0.0325984 
0.0284494 0.0788828 0.0693595 0.0293218 0.0586935 0.0957419 0.0252127 0.139141 0.03869 0.0441035 0.0643483 0.0339074 0.0307924 0.0395254 0.0683682 0.0201496 0.031044 0.0324412 0.0410774 0.0307504 
0.0287543 0.0520843 0.0629927 0.0281387 0.0591479 0.0865424 0.0230772 0.116193 0.0297407 0.0431763 0.10165 0.0337119 0.0316716 0.0320474 0.0989777 0.0178075 0.0268381 0.0361613 0.0612414 0.0300476 
0.0289952 0.0363471 0.0579872 0.0278007 0.0578658 0.0678675 0.0224869 0.0805918 0.0231064 0.040558 0.13594 0.0326311 0.0323007 0.0299287 0.133426 0.0156337 0.0238998 0.0389415 0.084433 0.0292597 
0.0288938 0.0296901 0.0552957 0.0279009 0.0558866 0.0521659 0.0222953 0.0524081 0.0194057 0.0376105 0.15492 0.0309298 0.0328507 0.0301402 0.161559 0.0139802 0.0219053 0.0403968 0.103179 0.0285881 
0.0620612 0.0551102 0.0654233 0.0921257 0.129516 0.0314931 0.0240252 0.0196927 0.0311552 0.0483868 0.0174192 0.0159324 0.017059 0.0578302 0.0351344 0.0439397 0.101376 0.0318981 0.0334168 0.0870069 
0.0561975 0.0728426 0.0684701 0.0839624 0.108486 0.0338826 0.02967 0.0299982 0.0434647 0.0475543 0.0179264 0.0196957 0.0181321 0.0762138 0.0325878 0.042354 0.0863163 0.0311359 0.0301928 0.0709186 
0.0481026 0.0916623 0.071359 0.0697109 0.0829849 0.0387295 0.0361408 0.0528363 0.0598464 0.0462331 0.0185622 0.0258155 0.0208136 0.0909805 0.0306225 0.0378919 0.0683762 0.0301755 0.0263397 0.052818 
0.0402215 0.0996957 0.0727345 0.0535563 0.0623149 0.0481246 0.0397184 0.0893927 0.072591 0.0455158 0.0200758 0.0329155 0.0251174 0.0903599 0.0318776 0.031239 0.0521058 0.0297858 0.0238129 0.0388457 
0.0348235 0.0912994 0.0717008 0.0418985 0.0524264 0.0611121 0.0383213 0.128055 0.0739021 0.0460636 0.0247076 0.0387835 0.0297238 0.0739212 0.0387246 0.0249281 0.0404712 0.0316135 0.0255611 0.031963 
0.0320825 0.0725292 0.0680101 0.0362318 0.0507561 0.071894 0.0338382 0.149398 0.0638753 0.0472062 0.036125 0.0422482 0.0334931 0.0529942 0.0537213 0.0205602 0.0332067 0.0369872 0.0350573 0.0297864 
0.0311345 0.0521701 0.0620957 0.0339825 0.0519699 0.0734691 0.0292294 0.139004 0.0482448 0.0474697 0.0569161 0.0429061 0.0363746 0.0374984 0.0801899 0.017967 0.0289442 0.0455914 0.0557964 0.0290466 
0.0309917 0.0368454 0.0559814 0.0326519 0.0525802 0.0648209 0.0260848 0.102572 0.0339164 0.0455989 0.0819972 0.0407193 0.0386983 0.0304243 0.115435 0.0163402 0.026336 0.0544536 0.0853327 0.0282225 
0.0308799 0.0289904 0.0519626 0.0314607 0.0519775 0.0534336 0.0243396 0.0651076 0.0250193 0.0420653 0.10036 0.0370122 0.0405159 0.0290214 0.147863 0.0151496 0.0244925 0.0600781 0.112863 0.0274115 
0.0305285 0.02622 0.0500774 0.0305605 0.0509862 0.0454353 0.0232743 0.0415246 0.0207572 0.0385092 0.108473 0.0335441 0.0419029 0.0294639 0.170431 0.0142421 0.0231652 0.0623426 0.131601 0.0269632 
0.0882971 0.0357612 0.0642964 0.0882374 0.110427 0.0303068 0.0262561 0.0168161 0.0328628 0.050818 0.0164187 0.0151932 0.0175461 0.0660325 0.0315802 0.0645123 0.118157 0.0359971 0.032324 0.0581611 
0.0798245 0.0428859 0.0643618 0.0863884 0.0960498 0.0319426 0.032589 0.0230786 0.0465295 0.050491 0.0163282 0.0181105 0.0180162 0.0860657 0.0287212 0.0616009 0.101339 0.034651 0.029654 0.051375 
0.0677721 0.0526177 0.0639416 0.0791932 0.0765065 0.0337922 0.0415 0.037849 0.0682196 0.0495924 0.0162402 0.0243792 0.019733 0.106429 0.0256946 0.0544002 0.0801946 0.0329892 0.0261334 0.0428252 
0.0547867 0.0609368 0.0629845 0.0663586 0.0573185 0.0368391 0.0496354 0.0652004 0.0918533 0.0485909 0.0163594 0.0343245 0.0235801 0.113771 0.0247497 0.0433078 0.0597226 0.0319011 0.0228915 0.0348881 
0.0445946 0.0627002 0.0616061 0.0531971 0.0452117 0.0425512 0.0524182 0.101425 0.104499 0.0483525 0.0174787 0.0457563 0.0291928 0.100362 0.0282025 0.0319141 0.0447493 0.0334029 0.0224241 0.0299622 
0.0383254 0.0569183 0.0594708 0.0447816 0.041288 0.0502209 0.0489787 0.132376 0.0988378 0.0493305 0.0212939 0.0552018 0.035305 0.0744409 0.0378 0.0234673 0.0358309 0.0400506 0.028114 0.0279689 
0.0349207 0.0462968 0.0557712 0.0410503 0.0420146 0.0560557 0.0419882 0.14006 0.0786816 0.0508817 0.0300789 0.0597097 0.0413635 0.0496242 0.0563925 0.0186032 0.0312946 0.0535261 0.0444377 0.0272485 
0.0332483 0.0349464 0.0507538 0.0389462 0.0436673 0.0561708 0.0346436 0.116567 0.0542798 0.0510935 0.0440024 0.0575011 0.0474802 0.0339918 0.0852393 0.0165059 0.0294414 0.0716423 0.0734114 0.0264675 
0.0324807 0.0271015 0.0464839 0.0364826 0.0444166 0.0514785 0.0292113 0.0785705 0.0359222 0.0484876 0.0579171 0.0503658 0.0530345 0.0279485 0.116716 0.0158801 0.0285872 0.0869223 0.106493 0.0255023 
0.0319695 0.0237146 0.0442273 0.0339738 0.0443253 0.0464604 0.0260602 0.0492391 0.0263565 0.0442245 0.0667005 0.0428703 0.0572023 0.0269743 0.140828 0.0156148 0.0277778 0.0947649 0.131854 0.0248641 
0.103708 0.0271931 0.0592956 0.0795348 0.0726971 0.0316241 0.0361749 0.0199697 0.0471275 0.0519762 0.0160063 0.0186857 0.0189942 0.0884822 0.024899 0.0959713 0.105619 0.0362933 0.0282103 0.037539 
0.0884962 0.0308638 0.0562399 0.0787511 0.061124 0.0325076 0.0478508 0.0278811 0.0687426 0.0510791 0.0152035 0.0245675 0.0202016 0.109389 0.0219358 0.0847185 0.0860904 0.0343563 0.0255521 0.0344501 
0.0710363 0.0355794 0.0524398 0.0722664 0.047961 0.0327836 0.0615525 0.0438639 0.0977383 0.0498926 0.0144495 0.0360122 0.0233362 0.12282 0.0199012 0.0669036 0.0653987 0.0327139 0.0226766 0.0306762 
0.0560838 0.0393592 0.049071 0.0617306 0.0375721 0.0335751 0.0711927 0.0685143 0.122131 0.0490519 0.0141197 0.0527269 0.0288606 0.117319 0.020623 0.0474745 0.0488209 0.0333668 0.0210458 0.0273609 
0.0461879 0.0402168 0.0467489 0.052524 0.0326107 0.0363924 0.0721051 0.0958469 0.128143 0.0495145 0.0148222 0.0707903 0.0362717 0.0942673 0.0252416 0.0320557 0.0384535 0.0394364 0.0230628 0.0253087 
0.0402408 0.0374207 0.0447488 0.0475401 0.0321035 0.0409932 0.0646387 0.11357 0.112245 0.0516629 0.0176253 0.0841558 0.0454022 0.0655507 0.0353736 0.0223028 0.0332171 0.0544963 0.0324092 0.0243043 
0.0365144 0.0315488 0.0420643 0.0450603 0.0334938 0.0450259 0.0522993 0.10874 0.0823729 0.0541974 0.0237047 0.086434 0.0569258 0.0421773 0.0534609 0.0174689 0.0317453 0.0798175 0.0533771 0.0235716 
0.0343013 0.0251672 0.0390625 0.0420674 0.0346991 0.0462154 0.0401724 0.0828617 0.0532874 0.0542642 0.032162 0.0762241 0.0699562 0.0292036 0.0773751 0.0162102 0.0323527 0.108084 0.0836756 0.0226595 
0.0331826 0.0211532 0.0370107 0.0382176 0.0351117 0.0451422 0.0320642 0.0550253 0.03521 0.050996 0.0396274 0.0613665 0.0812943 0.0246685 0.0988716 0.0165592 0.0330595 0.127736 0.111846 0.0218604 
0.0325384 0.0196771 0.0361033 0.0348587 0.0350097 0.043754 0.0277928 0.0374138 0.0268755 0.0464771 0.0443109 0.0495034 0.0894464 0.0238555 0.113281 0.017007 0.0331653 0.136689 0.13077 0.021472 
0.118356 0.0201961 0.0546979 0.0669957 0.0494689 0.0322988 0.0394915 0.0201379 0.0460997 0.0524172 0.0167942 0.0207002 0.020549 0.082491 0.0215554 0.147662 0.0959506 0.0351637 0.0266843 0.0322905 
0.102987 0.0214132 0.0507732 0.0696256 0.0442507 0.032695 0.05386 0.0236163 0.0632604 0.0509901 0.0155373 0.0259464 0.0216941 0.0990901 0.0194003 0.132806 0.082146 0.0336373 0.0248748 0.0313993 
0.0840021 0.0237104 0.0453303 0.0688945 0.0374868 0.0320856 0.0737215 0.0313791 0.0898312 0.0493886 0.0141191 0.0374829 0.0244896 0.113479 0.0174854 0.106893 0.0660133 0.0320935 0.0228535 0.0292625 
0.0659219 0.0267511 0.0398066 0.0633612 0.0309058 0.0307917 0.0925929 0.0447483 0.1186 0.0480602 0.0129796 0.0575404 0.0296487 0.115068 0.0169914 0.0755886 0.0512106 0.0320295 0.0212365 0.0261679 
0.0530329 0.029294 0.0358978 0.0560924 0.0266518 0.0302979 0.101516 0.0618328 0.135107 0.0479025 0.012534 0.0839577 0.0372242 0.0999156 0.0185452 0.0488734 0.0407099 0.0362212 0.0212412 0.0231516 
0.045297 0.0301012 0.0338236 0.0511099 0.0252431 0.031892 0.0970188 0.0770832 0.130082 0.0496923 0.0131569 0.109582 0.0477821 0.0752767 0.0226084 0.031157 0.0347034 0.048495 0.0248603 0.0210348 
0.0403644 0.0283576 0.0325853 0.048807 0.0255975 0.0354356 0.081444 0.082364 0.105376 0.0531291 0.015541 0.123573 0.0635827 0.0509469 0.0308413 0.0212036 0.0325737 0.0729151 0.035524 0.0198391 
0.0368886 0.0242832 0.0312694 0.0464466 0.0262094 0.0392198 0.0610056 0.0724092 0.0726465 0.0558927 0.0201975 0.11655 0.0859041 0.0334805 0.0443092 0.0171204 0.0336489 0.107944 0.0554875 0.0190877 
0.0348137 0.0200247 0.0299094 0.0424601 0.0262979 0.0413884 0.0440327 0.0540082 0.0467358 0.0553261 0.0258744 0.0936091 0.109992 0.0245837 0.0593426 0.0168821 0.0360326 0.140872 0.0793605 0.0184542 
0.0338704 0.0175023 0.0289391 0.0382054 0.0260059 0.0419602 0.0341516 0.0388373 0.0327443 0.0519722 0.0304721 0.0704761 0.129378 0.0213897 0.0707928 0.017958 0.0378247 0.161101 0.0984476 0.0179732 
0.105402 0.0182823 0.0482428 0.0569207 0.0318545 0.033399 0.0574043 0.0229501 0.0561195 0.0497929 0.0166635 0.0276561 0.0231018 0.0820127 0.0174978 0.193219 0.0704487 0.0311058 0.0244165 0.0335107 
0.0891955 0.019554 0.0426661 0.0589697 0.0291711 0.0324547 0.0820883 0.0260387 0.0753986 0.0476399 0.0149732 0.0380188 0.0258589 0.0930378 0.0163467 0.162581 0.0610501 0.0302602 0.0231279 0.031568 
0.0715898 0.0218615 0.035783 0.0579688 0.0259897 0.0305805 0.111073 0.032328 0.100513 0.0459355 0.0132924 0.058454 0.0308839 0.0978608 0.0158855 0.118865 0.0510958 0.0302299 0.0220584 0.0277521 
0.0572591 0.0245352 0.0299899 0.0542119 0.0233404 0.0287031 0.131326 0.0413056 0.120596 0.0453991 0.0122227 0.089794 0.0382722 0.0904452 0.0163634 0.0761105 0.0425552 0.0328758 0.0216238 0.0230714 
0.048321 0.0263692 0.0268314 0.0506927 0.0220035 0.0282265 0.133294 0.0504167 0.124583 0.0466208 0.0121145 0.125856 0.0486259 0.0733969 0.0175879 0.0459777 0.0364894 0.0410038 0.0224583 0.0191326 
0.0430897 0.0264974 0.0257816 0.0490918 0.0217153 0.0299204 0.117752 0.0561457 0.110418 0.0495542 0.0132161 0.154497 0.0651492 0.0540279 0.0201265 0.0285634 0.0331691 0.0584329 0.026119 0.0167328 
0.0394511 0.0243852 0.0254305 0.0479922 0.0215377 0.0333659 0.0912066 0.0549976 0.0842166 0.053115 0.0160269 0.160354 0.0926653 0.0376882 0.0254466 0.0199169 0.0329817 0.0882619 0.0352345 0.0157262 
0.0368454 0.0205791 0.0247074 0.0452783 0.0208059 0.0368227 0.0638623 0.0468951 0.0573827 0.0550334 0.0204559 0.137488 0.130082 0.0268522 0.0334136 0.0172876 0.0354631 0.125284 0.0500193 0.015444 
0.0354745 0.0170855 0.0235883 0.0413486 0.0197712 0.0387811 0.0447926 0.0371611 0.0392156 0.0540825 0.0249594 0.102238 0.166397 0.0212999 0.0409614 0.0179849 0.038609 0.155744 0.065259 0.0152464 
0.0350194 0.0151356 0.0225651 0.0379036 0.0188881 0.0394434 0.0347788 0.0302641 0.0299766 0.0514983 0.0281654 0.073745 0.193206 0.0190201 0.0458354 0.0194347 0.0408586 0.173101 0.0762062 0.0149556 
0.0973358 0.017819 0.048006 0.0462778 0.0253664 0.034128 0.0575854 0.0235158 0.0508281 0.0478821 0.0177398 0.0290003 0.0236277 0.0662745 0.0157697 0.251018 0.0574374 0.0278795 0.0242417 0.0382686 
0.0860193 0.0186972 0.0433739 0.0482206 0.0243919 0.033005 0.0832738 0.0243988 0.0625158 0.0452751 0.0162251 0.0373937 0.0262432 0.0726039 0.0154055 0.222366 0.0532315 0.0276958 0.0233225 0.0363451 
0.0722552 0.0205502 0.0362851 0.0492712 0.0230281 0.0310827 0.119314 0.0270743 0.0800157 0.0432997 0.0144022 0.0553088 0.0311538 0.0769804 0.0155368 0.173048 0.0485845 0.0281756 0.022701 0.0319341 
0.0589671 0.0231539 0.0288353 0.0485916 0.021656 0.0288599 0.152513 0.0316655 0.0977479 0.0426418 0.0128855 0.0866959 0.0384356 0.0745139 0.016156 0.114625 0.0436359 0.0302846 0.0225235 0.025613 
0.049533 0.0252909 0.0239928 0.0472865 0.0208261 0.0274789 0.165149 0.0367801 0.105997 0.0436904 0.012306 0.128159 0.0480754 0.064464 0.0166805 0.0677185 0.0387676 0.0355757 0.0226706 0.0195596 
0.0441305 0.0259983 0.0223344 0.0468496 0.0205541 0.0278549 0.153375 0.040597 0.100563 0.046077 0.0128794 0.16821 0.0627712 0.0512674 0.0170188 0.0395564 0.0347461 0.0463718 0.023392 0.0154547 
0.0408706 0.0249041 0.0222981 0.0469321 0.0201762 0.0301526 0.124733 0.04168 0.0841895 0.0491195 0.0148309 0.190493 0.0889367 0.0390089 0.0181829 0.0250038 0.0327055 0.0660731 0.0261476 0.0135635 
0.0384793 0.0218933 0.0220557 0.0458882 0.0189785 0.0334109 0.0898507 0.0392268 0.0631592 0.0517984 0.0184402 0.180023 0.131723 0.0294327 0.0212322 0.0187802 0.0335 0.0960213 0.032815 0.0132916 
0.036931 0.0179944 0.0208283 0.0432214 0.0171399 0.0359097 0.0604544 0.0343545 0.0450328 0.0528545 0.0229423 0.141321 0.183599 0.0230336 0.0254209 0.0177848 0.0364368 0.128652 0.0425129 0.0135783 
0.0363386 0.0149988 0.0192274 0.0402968 0.0155236 0.0369622 0.0426336 0.0296751 0.033733 0.0521546 0.0266752 0.09947 0.227788 0.0194904 0.0287779 0.0190961 0.0395413 0.15261 0.0513862 0.0136252 
0.0785653 0.0188643 0.0454341 0.0406762 0.022339 0.0334593 0.0785539 0.0239803 0.0546094 0.0428823 0.0172132 0.0361669 0.025532 0.0584491 0.0142718 0.272881 0.0460554 0.0251166 0.0234316 0.0415202 
0.0693923 0.020355 0.0392487 0.041641 0.0216459 0.0316453 0.115369 0.0250488 0.0651399 0.0407188 0.0156246 0.0500461 0.0299522 0.0609388 0.0149426 0.227242 0.0448606 0.0259732 0.0229291 0.0372877 
0.0590087 0.0228301 0.0310381 0.0422603 0.0208442 0.0294491 0.158371 0.0275732 0.0779731 0.0399432 0.0139456 0.0772255 0.0369706 0.0603552 0.0161473 0.161285 0.0434909 0.0281206 0.0229733 0.0301959 
0.0500685 0.0252648 0.0242097 0.0426887 0.0203299 0.0277449 0.185357 0.0308551 0.0867761 0.0410377 0.0129216 0.118558 0.0460611 0.0549496 0.0170575 0.0975018 0.0408997 0.0321725 0.0232815 0.0222661 
0.0443662 0.0263306 0.0211388 0.0435357 0.0202426 0.0274101 0.182635 0.0335458 0.086525 0.0433968 0.013034 0.164926 0.0585091 0.0465782 0.0170123 0.0550002 0.0371827 0.0391022 0.0233434 0.0161877 
0.0412129 0.0256765 0.0208596 0.0446506 0.0200964 0.0287993 0.156169 0.0348329 0.0777833 0.0460428 0.0143991 0.200859 0.0800471 0.0381289 0.0165977 0.0324478 0.0338487 0.0510469 0.0236051 0.0128974 
0.0392295 0.0233093 0.0210674 0.0449362 0.0190856 0.0314772 0.1181 0.034394 0.0638892 0.0484678 0.0172766 0.208601 0.11916 0.0309214 0.0170565 0.0218105 0.0325377 0.0709883 0.0256758 0.0120173 
0.0378517 0.019536 0.0201081 0.0436297 0.0169653 0.0340557 0.0805649 0.0322718 0.0491215 0.0502681 0.0215452 0.179421 0.177055 0.0251791 0.0189155 0.0181616 0.0338881 0.0982132 0.0307368 0.0125148 
0.0371947 0.015787 0.0181079 0.0415193 0.0146404 0.0353511 0.0536737 0.0293558 0.0375866 0.0510213 0.0258175 0.130703 0.237149 0.021101 0.0211901 0.0184709 0.0367664 0.124193 0.0372788 0.0130957 
0.037168 0.0133864 0.0162418 0.0398029 0.0130248 0.0356076 0.0390976 0.0268194 0.0305139 0.0508826 0.0287142 0.0893495 0.28142 0.0187331 0.0227409 0.0200154 0.0393799 0.141307 0.0426503 0.0131476 
