20 hexa 10 10 gaussian
#SNAPSHOT FILE
#iterations: 8000 (40000 total)
0.0381321 0.0925825 0.0650557 0.0655243 0.094749 0.0581907 0.0270384 0.0529319 0.0324418 0.0427989 0.0326406 0.0260247 0.0177143 0.0458989 0.0400654 0.049267 0.0586758 0.0253456 0.0350124 0.0999111 
0.0376563 0.0881712 0.0645117 0.0627564 0.0909822 0.0599624 0.0282202 0.0561371 0.0328219 0.0430401 0.0377926 0.0277447 0.0199237 0.0454496 0.0446603 0.0463663 0.0563157 0.0268612 0.0377049 0.0929221 
0.0370078 0.082966 0.063626 0.0594984 0.0865088 0.0615123 0.0295173 0.0593917 0.0331298 0.0431512 0.0445129 0.0297925 0.0227557 0.0447072 0.0505016 0.0430779 0.0534768 0.0287896 0.0410716 0.0850052 
0.0361928 0.0769862 0.0623673 0.0558463 0.0813923 0.0626359 0.030841 0.062439 0.0332897 0.0431189 0.052891 0.0321603 0.0262441 0.0436396 0.0575804 0.039478 0.0502279 0.0311345 0.04509 0.0764454 
0.035246 0.0703925 0.0607539 0.0519772 0.0758048 0.0631451 0.0320831 0.0649892 0.0332337 0.0429437 0.0627757 0.0347867 0.0303403 0.0422597 0.0656967 0.0357124 0.0467083 0.0338423 0.0496358 0.0676729 
0.0342273 0.0634942 0.0588635 0.0481276 0.0700164 0.0629255 0.0331409 0.0667868 0.0329231 0.0426432 0.0737335 0.0375559 0.0349004 0.0406314 0.0744483 0.0319782 0.0431168 0.0368013 0.054484 0.0592018 
0.0332086 0.0566894 0.0568211 0.0445436 0.0643446 0.061978 0.0339463 0.0676822 0.0323618 0.0422497 0.0851067 0.040321 0.0397084 0.0388593 0.0832982 0.02848 0.0396722 0.039862 0.0593498 0.0515174 
0.0322553 0.0503628 0.0547673 0.0414225 0.0590795 0.0604239 0.0344846 0.0676704 0.0315964 0.0418025 0.0961633 0.0429456 0.0445318 0.0370639 0.0917002 0.0253766 0.0365602 0.042875 0.063957 0.0449619 
0.0314116 0.0447912 0.0528215 0.0388749 0.0544199 0.058463 0.034795 0.0668763 0.0307012 0.0413375 0.106267 0.0453406 0.0491823 0.0353519 0.0992219 0.0227477 0.0338941 0.0457275 0.0681007 0.0396747 
0.0306953 0.0401013 0.051056 0.0369208 0.050448 0.0563133 0.0349529 0.0655021 0.0297587 0.0408811 0.114991 0.0474796 0.053552 0.0337963 0.105607 0.0205952 0.0317061 0.0483608 0.0716768 0.0356071 
0.0413855 0.0850516 0.0631155 0.0638503 0.0873205 0.0569624 0.0313014 0.0529192 0.0359848 0.0436546 0.0332529 0.0288197 0.0200525 0.0494389 0.0395206 0.054352 0.0590226 0.0274354 0.0354624 0.0910977 
0.0406173 0.0806199 0.0622504 0.0609247 0.0834049 0.0585349 0.0328801 0.0560813 0.0364579 0.0438619 0.0386388 0.0311242 0.0229676 0.0485969 0.0443235 0.0506159 0.0564112 0.0293616 0.038314 0.0840133 
0.0396193 0.0754698 0.0610262 0.0575854 0.0788664 0.0598118 0.0345233 0.0591925 0.036787 0.0439327 0.0455228 0.0338209 0.0266483 0.0473636 0.0502923 0.0464443 0.0533329 0.0317652 0.0417966 0.0761991 
0.0384228 0.0696739 0.059444 0.0539618 0.0738148 0.0606083 0.0361022 0.0619849 0.0368817 0.0438619 0.0538883 0.0368615 0.0310925 0.0457376 0.0573352 0.0419779 0.0498917 0.0346232 0.0458438 0.0679925 
0.0370958 0.0634437 0.0575609 0.050253 0.0684592 0.0607792 0.0374799 0.0641838 0.0366753 0.0436584 0.0634694 0.0401291 0.0361875 0.0437786 0.0651713 0.0374342 0.0462615 0.0378445 0.0502904 0.0598445 
0.0357314 0.0571074 0.0554871 0.0466921 0.0630778 0.0602684 0.0385476 0.0655792 0.0361467 0.0433465 0.0737554 0.0434551 0.0417139 0.041603 0.0733564 0.0330682 0.0426607 0.0412787 0.0548928 0.0522318 
0.0344245 0.051032 0.0533621 0.0434915 0.0579575 0.0591322 0.0392559 0.0660848 0.0353297 0.0429605 0.08409 0.0466619 0.0473937 0.0393594 0.0813766 0.0291083 0.0393015 0.0447503 0.0593819 0.0455462 
0.0332486 0.0455273 0.0513171 0.0407949 0.0533254 0.0575225 0.0396274 0.0657522 0.0343028 0.0425359 0.0938272 0.0496121 0.052963 0.0371914 0.0887704 0.0257012 0.0363407 0.048103 0.0635288 0.0400084 
0.0322428 0.040781 0.0494438 0.0386584 0.0493084 0.0556365 0.0397415 0.0647386 0.0331654 0.0421015 0.102469 0.0522399 0.0582332 0.0352071 0.0952183 0.0228917 0.033853 0.0512325 0.0671889 0.0356495 
0.0314133 0.0368455 0.0477821 0.0370626 0.0459282 0.0536627 0.0397064 0.0632507 0.032015 0.0416769 0.109726 0.0545523 0.0631122 0.0334665 0.100563 0.0206424 0.031837 0.0540946 0.0703087 0.0323541 
0.0458277 0.0807865 0.0614282 0.0644149 0.082524 0.0537698 0.0347592 0.0496324 0.0395584 0.0442962 0.0293389 0.0298444 0.0202016 0.0540539 0.0347999 0.0639502 0.0614995 0.0280495 0.0334282 0.0878368 
0.0449584 0.0770952 0.0605706 0.0618155 0.0791449 0.0552746 0.0366401 0.0526053 0.0402092 0.0445976 0.0335127 0.032397 0.0231569 0.0531366 0.0386282 0.0597508 0.0591596 0.0299476 0.0357797 0.0816195 
0.0437886 0.0727826 0.0593748 0.058818 0.0752006 0.0565965 0.0386371 0.0556548 0.0407298 0.0447694 0.0389658 0.0354221 0.0269722 0.0517626 0.0434983 0.0549762 0.0563165 0.032372 0.0387103 0.0746521 
0.0423389 0.0678527 0.0578271 0.0555076 0.0707479 0.0575702 0.0406069 0.0585526 0.0410106 0.0448026 0.0457763 0.0388904 0.0317001 0.0499097 0.0494008 0.0497528 0.0530381 0.0353352 0.0422005 0.0671797 
0.0406782 0.0624243 0.0559638 0.0520382 0.065932 0.0580432 0.0423804 0.0610324 0.0409548 0.0447001 0.0538254 0.042694 0.037278 0.0476241 0.0561684 0.0443057 0.0494648 0.0387779 0.0461452 0.0595692 
0.0389167 0.0567376 0.0538768 0.0486135 0.0609774 0.0579206 0.0438022 0.0628499 0.0405093 0.0444783 0.0627634 0.0466507 0.0435083 0.0450252 0.0634674 0.038932 0.0457982 0.0425643 0.0503545 0.052254 
0.0371807 0.0511088 0.0516974 0.045442 0.0561439 0.057201 0.0447751 0.0638497 0.0396842 0.0441653 0.0720553 0.0505425 0.0500877 0.0422847 0.0708536 0.0339346 0.0422618 0.0465052 0.0545887 0.0456381 
0.0355822 0.0458485 0.0495635 0.0426872 0.0516663 0.0559799 0.0452878 0.0640057 0.038552 0.0437942 0.0811003 0.0541753 0.0566818 0.0395862 0.0778754 0.0295453 0.0390477 0.0504047 0.0586148 0.0400017 
0.0341929 0.041185 0.047584 0.0404358 0.0477031 0.0544177 0.045411 0.0634128 0.0372247 0.043395 0.0893722 0.0574278 0.0630087 0.0370823 0.0841748 0.025878 0.0362754 0.0541065 0.0622601 0.0354523 
0.0330387 0.0372284 0.0458186 0.0386972 0.0443173 0.0526913 0.0452681 0.0622449 0.0358239 0.0429896 0.0965115 0.060269 0.0688899 0.0348692 0.0895372 0.0229297 0.0339816 0.0575185 0.0654352 0.0319402 
0.0499543 0.0725123 0.0586222 0.062162 0.0739003 0.0518574 0.0406555 0.0490855 0.044281 0.0453413 0.029149 0.0335301 0.0232896 0.0582045 0.0334937 0.0704318 0.0615799 0.0304977 0.033501 0.0779515 
0.0486401 0.0690071 0.0574509 0.0595013 0.0705314 0.053131 0.0430172 0.0519704 0.0450044 0.0456108 0.0333085 0.0368505 0.0271626 0.0567281 0.0373388 0.0650596 0.0590253 0.0328975 0.0358963 0.0718685 
0.0469566 0.0649598 0.0559429 0.0565343 0.0666973 0.0541731 0.0454081 0.0548453 0.0454968 0.0457448 0.0386338 0.0407213 0.0320763 0.0546892 0.0421163 0.0590668 0.0559867 0.0359052 0.0388118 0.0652339 
0.0449643 0.0604118 0.0541151 0.0533704 0.0624862 0.0548422 0.0476342 0.0574736 0.0456343 0.045742 0.0451178 0.0450547 0.0380324 0.0521118 0.0477507 0.0526708 0.0525666 0.0395021 0.0421944 0.0583249 
0.0427813 0.0555123 0.0520383 0.050174 0.0580618 0.0550267 0.0494945 0.0596042 0.0453272 0.045613 0.0525602 0.0496682 0.0448812 0.0491057 0.0540188 0.0461953 0.0489374 0.0435821 0.045912 0.0515059 
0.0405625 0.0505046 0.0498297 0.0471333 0.0536404 0.0546824 0.0508342 0.0610352 0.0445517 0.0453794 0.0605697 0.0543127 0.0523245 0.0458557 0.0605691 0.0400111 0.0453164 0.0479602 0.0497689 0.0451588 
0.0384619 0.0456675 0.047627 0.0444157 0.0494424 0.0538507 0.0515904 0.0616685 0.0433613 0.0450706 0.0686381 0.0587345 0.0599764 0.0425812 0.0669962 0.0344464 0.0419171 0.0524128 0.0535495 0.0395924 
0.0365956 0.0412433 0.0455523 0.0421289 0.0456415 0.0526462 0.051806 0.0615285 0.0418711 0.0447163 0.0762593 0.062743 0.0674617 0.0394849 0.0729356 0.0297088 0.0388997 0.0567317 0.0570696 0.0349763 
0.0350225 0.0373854 0.0436849 0.0403079 0.042333 0.0512194 0.0516067 0.0607395 0.0402235 0.0443403 0.0830371 0.06625 0.0744969 0.0367108 0.0781328 0.0258586 0.0363438 0.0607677 0.0602119 0.0313279 
0.0337476 0.0341471 0.0420528 0.0389278 0.0395325 0.0497155 0.0511571 0.0594796 0.0385557 0.043959 0.088736 0.0692664 0.0809232 0.0343304 0.0824606 0.0228352 0.0342523 0.0644431 0.0629308 0.0285477 
0.0554416 0.0671013 0.056475 0.0620118 0.0679633 0.0484269 0.0447358 0.0456481 0.0485189 0.0460635 0.0255287 0.0344551 0.0233378 0.0635976 0.0289808 0.0824237 0.0635418 0.0309624 0.0314997 0.0732866 
0.0540239 0.0643425 0.055326 0.0596562 0.0651224 0.0495829 0.0474445 0.0482949 0.0494428 0.0464271 0.0285823 0.0380061 0.0271808 0.0620667 0.0319214 0.0765042 0.0613132 0.0332901 0.0334042 0.0680679 
0.0521486 0.0611453 0.0538641 0.0570274 0.0618866 0.0506009 0.0502543 0.0510411 0.0501581 0.0466573 0.0325789 0.0422125 0.0321584 0.059901 0.0356608 0.0697835 0.0585764 0.0362728 0.0357667 0.0623058 
0.0498577 0.0574949 0.0520889 0.0541967 0.0582974 0.051361 0.0529579 0.0536918 0.05052 0.0467499 0.037582 0.0470177 0.0383437 0.0570954 0.0401881 0.0624582 0.0553962 0.039936 0.0385732 0.056194 
0.0472654 0.0534602 0.0500489 0.0512869 0.0544615 0.0517538 0.0553166 0.0560125 0.0504031 0.0467112 0.0435118 0.0522561 0.0456573 0.0537376 0.0453743 0.0548565 0.0519083 0.0442167 0.0417443 0.0500174 
0.0445451 0.049202 0.0478425 0.0484559 0.0505424 0.0517112 0.0571159 0.05778 0.0497426 0.046558 0.050118 0.0576639 0.0538396 0.0500103 0.0509668 0.0473997 0.0483081 0.0489539 0.0451358 0.0441086 
0.0418909 0.0449431 0.0456002 0.0458603 0.0467289 0.0512321 0.0582274 0.0588413 0.0485594 0.0463155 0.0570116 0.0629352 0.0624868 0.0461582 0.0566311 0.0405108 0.0448139 0.0539144 0.0485649 0.0387741 
0.0394704 0.040911 0.0434512 0.0436167 0.0431915 0.0503843 0.0586446 0.0591517 0.0469577 0.0460116 0.0637507 0.067803 0.0711457 0.042432 0.0620282 0.0345097 0.0416156 0.0588481 0.0518538 0.0342231 
0.0373885 0.0372819 0.0414921 0.0417794 0.0400452 0.0492829 0.0584752 0.058775 0.0450927 0.0456715 0.0699408 0.0721028 0.0794218 0.0390316 0.0668876 0.0295496 0.0388343 0.0635456 0.0548699 0.0305317 
0.0356798 0.0341507 0.0397705 0.0403434 0.0373362 0.0480554 0.0578987 0.0578516 0.0431294 0.0453135 0.0753066 0.0757923 0.0870477 0.0360759 0.0710465 0.0256206 0.0365109 0.067871 0.0575431 0.0276565 
0.059715 0.059083 0.0531003 0.0593621 0.0593264 0.0461234 0.0516812 0.0447765 0.0538473 0.0471789 0.02476 0.0388209 0.0270101 0.0675235 0.0273084 0.0889488 0.0630675 0.0335147 0.0312629 0.0635892 
0.0577071 0.0566628 0.0516902 0.0570384 0.0566362 0.0470502 0.0548727 0.0473185 0.0547803 0.0475006 0.0276393 0.0432619 0.0319213 0.0653013 0.0301468 0.0815992 0.0606739 0.0364028 0.0331248 0.0586719 
0.0551792 0.0538699 0.0499831 0.0545326 0.0536426 0.0478129 0.0580394 0.0498863 0.0553807 0.0476832 0.0313372 0.0484333 0.0381618 0.0623528 0.0336675 0.0734343 0.0578021 0.0400358 0.0353837 0.053382 
0.0522285 0.0507107 0.0480064 0.0519303 0.0504041 0.0483159 0.0609184 0.0522775 0.0554938 0.0477301 0.0358568 0.0542033 0.0457354 0.0587335 0.0378123 0.0647656 0.0545478 0.0444012 0.0380022 0.0479264 
0.049032 0.0472682 0.0458363 0.0493547 0.0470315 0.0484853 0.063243 0.0542715 0.0550114 0.0476546 0.0410674 0.0603158 0.0544526 0.0546074 0.0424175 0.0560382 0.0510739 0.0493794 0.0408854 0.0425741 
0.0458143 0.0436962 0.0435893 0.0469419 0.0436721 0.0482925 0.0648128 0.0556819 0.0539116 0.0474779 0.0467035 0.066431 0.0639317 0.0502273 0.0472297 0.0477532 0.0475867 0.054751 0.0438921 0.0376037 
0.0427943 0.0401836 0.0413949 0.0448064 0.0404773 0.0477662 0.0655528 0.0564056 0.0522715 0.0472261 0.0524141 0.0722092 0.0736743 0.0458818 0.0519583 0.0403475 0.0442904 0.0602418 0.0468657 0.0332384 
0.0401332 0.0369051 0.0393628 0.0430137 0.0375673 0.0469839 0.0655291 0.056444 0.0502455 0.0469248 0.0578438 0.0773974 0.0831857 0.0418282 0.0563426 0.0340936 0.0413411 0.0655883 0.049672 0.0295983 
0.0379098 0.0339823 0.0375596 0.0415746 0.03501 0.0460476 0.0649158 0.0558884 0.04802 0.0465941 0.0627073 0.0818775 0.092078 0.0382428 0.0602 0.0290653 0.0388192 0.0705907 0.052225 0.0266922 
0.0361263 0.0314713 0.0360047 0.0404584 0.0328197 0.0450554 0.0639385 0.054886 0.045772 0.0462477 0.0668292 0.0856594 0.100115 0.0352067 0.0634382 0.0251745 0.0367322 0.0751313 0.0544886 0.0244449 
0.065451 0.0535697 0.0508876 0.058738 0.0535202 0.0429007 0.0555129 0.0415375 0.0580245 0.0478237 0.0217627 0.0392712 0.0266593 0.072825 0.0235089 0.101915 0.0642311 0.0335595 0.0294777 0.0588234 
0.0633784 0.0518243 0.0495327 0.0566713 0.0513022 0.0436972 0.0590199 0.0438304 0.0591559 0.0482324 0.0237557 0.0438259 0.0313821 0.0706184 0.0256074 0.0940863 0.0621991 0.0362929 0.030911 0.0546769 
0.0606949 0.0498029 0.0479053 0.0544556 0.0488447 0.0443994 0.0625967 0.0462385 0.0599912 0.0485002 0.0263759 0.0492252 0.0375024 0.0676231 0.0282698 0.0852368 0.0596794 0.0398039 0.0326819 0.0501723 
0.0574693 0.0474692 0.0460136 0.0521477 0.0461693 0.0449308 0.0659747 0.0485985 0.060356 0.0486279 0.029674 0.055384 0.0451098 0.0638558 0.0314838 0.0756421 0.0567299 0.0441313 0.0347831 0.0454492 
0.0538654 0.0448425 0.0439111 0.0498383 0.043341 0.0452236 0.0688496 0.0507096 0.0601033 0.0486258 0.0336069 0.0620773 0.0541062 0.0594464 0.0351559 0.0657415 0.0534749 0.0492094 0.0371612 0.0407101 
0.0501222 0.0420073 0.0416954 0.0476383 0.040463 0.045237 0.0709534 0.052374 0.0591624 0.0485125 0.0380182 0.0689577 0.0641714 0.0546365 0.0391097 0.0560847 0.0500949 0.0548545 0.0397175 0.0361899 
0.0465011 0.0390987 0.039489 0.045652 0.0376573 0.0449724 0.0721309 0.0534472 0.0575697 0.048312 0.0426566 0.0756298 0.0748055 0.0497351 0.0431147 0.0472145 0.0467928 0.0607923 0.042325 0.0321036 
0.0432232 0.0362683 0.0374088 0.0439488 0.0350364 0.0444742 0.0723832 0.0538735 0.0554617 0.0480497 0.0472303 0.0817504 0.0854422 0.0450492 0.046939 0.0395359 0.0437475 0.0667209 0.0448606 0.0285966 
0.0404239 0.0336453 0.035538 0.0425506 0.0326788 0.0438162 0.0718548 0.0536912 0.0530342 0.0477475 0.0514728 0.0871082 0.0955777 0.0408173 0.050399 0.0332383 0.0410754 0.0723787 0.0472315 0.0257208 
0.0381437 0.0313134 0.0339143 0.0414382 0.0306202 0.0430788 0.0707795 0.0530098 0.050493 0.0474214 0.055192 0.0916442 0.104856 0.0371752 0.0533834 0.0283013 0.0388192 0.0775852 0.0493874 0.0234443 
0.0689093 0.0469419 0.0474969 0.0560562 0.046209 0.0406709 0.0625221 0.040685 0.0631208 0.0488135 0.0208021 0.0439236 0.0305941 0.0756021 0.0220007 0.106769 0.0631352 0.0359715 0.0291151 0.0506609 
0.0661592 0.0455757 0.0459545 0.054082 0.044208 0.0412763 0.0664271 0.0428857 0.0641726 0.0491626 0.0225842 0.0494004 0.0364397 0.0726543 0.0239708 0.0974393 0.0609856 0.0392849 0.0304748 0.0468626 
0.0627621 0.0439722 0.0441621 0.0520321 0.0420308 0.0417781 0.0702434 0.0451376 0.0647919 0.0493675 0.0248915 0.0557774 0.0438642 0.0688597 0.0264041 0.0871266 0.0583855 0.0434624 0.0321223 0.0428289 
0.0588536 0.0421044 0.0421515 0.0499706 0.039706 0.0421205 0.0736488 0.0472698 0.064802 0.049436 0.0277364 0.0628801 0.0528696 0.0643044 0.0292562 0.0762361 0.0554196 0.0484969 0.0340355 0.0387024 
0.0546669 0.0399965 0.0399986 0.0479835 0.0372968 0.0422622 0.0763218 0.0490913 0.0640848 0.049384 0.0310469 0.0703829 0.063228 0.0591989 0.0324145 0.0653304 0.0522342 0.054257 0.0361528 0.0346682 
0.0504903 0.0377258 0.037813 0.0461606 0.034892 0.0421895 0.0780265 0.0504349 0.0626261 0.0492338 0.0346637 0.0778616 0.0744839 0.0538515 0.0357087 0.0550306 0.0490161 0.0604937 0.0383803 0.0309176 
0.0465992 0.0354052 0.0357123 0.0445699 0.0325866 0.0419218 0.0786814 0.0511994 0.0605278 0.0490104 0.0383685 0.0848957 0.0860414 0.0486032 0.0389468 0.0458717 0.0459527 0.0668897 0.0406133 0.0276034 
0.0431927 0.0331532 0.033792 0.0432404 0.0304593 0.041507 0.0783756 0.0513715 0.0579798 0.0487371 0.0419347 0.0911727 0.0973024 0.043751 0.0419586 0.0381814 0.0431887 0.0731329 0.0427616 0.0248079 
0.0403639 0.0310662 0.0321075 0.0421623 0.0285591 0.0410057 0.0773276 0.0510176 0.0552067 0.048432 0.0451748 0.0965435 0.107788 0.0394928 0.0446262 0.0320422 0.0408016 0.0789782 0.0447665 0.0225378 
0.0381096 0.0292045 0.0306716 0.0413008 0.0269033 0.0404753 0.0758165 0.0502576 0.0524184 0.0481074 0.0479676 0.101014 0.117192 0.0359144 0.0468913 0.0273375 0.0388031 0.0842714 0.0466012 0.0207426 
0.0740913 0.0422782 0.0456659 0.055322 0.0415981 0.0380439 0.0652955 0.0379405 0.0665731 0.0492152 0.0186166 0.0436224 0.0296338 0.0800633 0.0192281 0.1192 0.0635256 0.0354878 0.0277006 0.0468989 
0.0713582 0.0414371 0.0442084 0.0535389 0.0399676 0.0385368 0.0694306 0.0399095 0.0678144 0.0496407 0.0197806 0.0490348 0.0350856 0.0772435 0.0206651 0.109623 0.0617393 0.038551 0.0287289 0.0437062 
0.0678977 0.0404411 0.0425208 0.0516999 0.0382071 0.0389747 0.0735954 0.0420017 0.0686758 0.0499207 0.0213298 0.055456 0.0421448 0.0735348 0.0224773 0.0988432 0.0595061 0.0424902 0.0299991 0.0402843 
0.0638053 0.0392349 0.0406164 0.0498494 0.03632 0.0393144 0.0774715 0.0440791 0.0689623 0.0500588 0.0233051 0.0627747 0.0509094 0.068974 0.024651 0.08721 0.0568734 0.0473536 0.0315097 0.0367269 
0.0592896 0.0377967 0.0385496 0.0480528 0.0343369 0.0395203 0.0807042 0.04597 0.0685157 0.0500685 0.0256921 0.0707134 0.0612617 0.0637256 0.0271203 0.0752622 0.0539491 0.053072 0.0332291 0.0331709 
0.0546446 0.03615 0.0364127 0.0463841 0.0323144 0.0395732 0.0829871 0.0475012 0.0672676 0.0499697 0.0284054 0.0788523 0.0728292 0.0580745 0.0297678 0.0636615 0.0508931 0.0594427 0.0350936 0.0297758 
0.0501861 0.0343619 0.0343175 0.0449069 0.0303251 0.0394767 0.0841495 0.0485408 0.0652726 0.0497866 0.0312985 0.0867182 0.0850346 0.0523747 0.0324439 0.0530523 0.0478871 0.0661585 0.0370209 0.026688 
0.0461759 0.0325254 0.0323671 0.0436549 0.0284399 0.0392578 0.0842025 0.0490304 0.062697 0.0495433 0.0341945 0.0939027 0.0972223 0.04697 0.0350013 0.0439086 0.045093 0.0728767 0.0389298 0.0240073 
0.0427703 0.0307344 0.0306321 0.0426261 0.026713 0.0389586 0.0833231 0.0489922 0.059771 0.0492604 0.0369267 0.100152 0.108804 0.0421213 0.0373252 0.0364469 0.0426192 0.0792941 0.0407587 0.0217711 
0.0400114 0.0290645 0.0291417 0.0417917 0.0251752 0.0386231 0.0817905 0.0485133 0.0567317 0.0489524 0.0393698 0.105393 0.119352 0.0379725 0.0393484 0.0306344 0.0405082 0.085194 0.0424725 0.0199604 
0.0761394 0.0375734 0.0427153 0.0529387 0.0362663 0.0362157 0.0716026 0.0373414 0.0708756 0.049919 0.01776 0.0482449 0.0335652 0.0812626 0.0182005 0.121424 0.0620077 0.0376848 0.0273853 0.0408781 
0.0727142 0.0370531 0.041131 0.0512639 0.034838 0.0365735 0.0760114 0.0392431 0.0719565 0.0502706 0.0187578 0.0545529 0.0401243 0.0777329 0.0195393 0.110448 0.0601345 0.0413258 0.0283541 0.0379758 
0.0685601 0.0363896 0.0393381 0.0495816 0.0333115 0.0368783 0.0802687 0.0412105 0.0725165 0.0504786 0.0200752 0.0618972 0.0484437 0.0732934 0.0211778 0.0983559 0.0578529 0.0459189 0.0295327 0.0349191 
0.0638456 0.0355304 0.0373707 0.0479406 0.0316935 0.0371022 0.0840106 0.0430976 0.0723674 0.0505523 0.0217313 0.0700671 0.0585179 0.0680535 0.0230822 0.085633 0.0552326 0.0514581 0.0309105 0.0318033 
0.0588486 0.0344558 0.0353024 0.0464014 0.0300135 0.0372264 0.0868791 0.0447388 0.0713901 0.0505089 0.0236946 0.0786795 0.0700851 0.0622556 0.0251759 0.0729395 0.0523994 0.0578017 0.0324499 0.0287541 
0.0539049 0.0331872 0.0332345 0.0450219 0.0283207 0.0372465 0.0886185 0.0459859 0.0695838 0.0503707 0.0258788 0.0872418 0.0826318 0.056243 0.0273487 0.0609945 0.0495174 0.0646766 0.0340906 0.0259025 
0.0493296 0.031783 0.0312719 0.043839 0.0266726 0.0371749 0.0891487 0.0467453 0.0670756 0.0501616 0.028158 0.0952689 0.0954898 0.0503877 0.0294796 0.050409 0.0467533 0.0717329 0.0357641 0.0233548 
0.0453463 0.0303215 0.0294971 0.0428583 0.0251221 0.0370374 0.0885798 0.0469977 0.0640855 0.0499039 0.0303961 0.1024 0.107988 0.0450071 0.0314644 0.041552 0.0442383 0.0786238 0.0374103 0.0211703 
0.0420548 0.028881 0.0279554 0.0420576 0.0237078 0.0368653 0.0871661 0.0467942 0.0608673 0.049615 0.0324751 0.108462 0.119583 0.0403081 0.0332332 0.0345109 0.0420458 0.0850716 0.0389888 0.0193574 
0.0394449 0.0275254 0.0266547 0.041401 0.0224511 0.0366859 0.0852275 0.0462351 0.0576549 0.0493066 0.0343147 0.113453 0.129921 0.0363758 0.0347545 0.0291442 0.0401902 0.0908951 0.0404784 0.0178864 
