20 hexa 10 10 gaussian
#SNAPSHOT FILE
#iterations: 24000 (200000 total)
0.0285526 0.0843763 0.053138 0.0933275 0.126129 0.0345546 0.0164561 0.024392 0.0237743 0.0394252 0.0212541 0.0185225 0.0165475 0.0294475 0.0356934 0.0268614 0.0580811 0.0209069 0.0337353 0.214827 
0.027666 0.119721 0.0564484 0.0800857 0.11383 0.0385464 0.0196366 0.0288588 0.0252208 0.0390543 0.0222103 0.0214192 0.0176481 0.036596 0.0357827 0.0271396 0.0580275 0.0217726 0.0317753 0.178561 
0.026408 0.161474 0.0601455 0.0628851 0.0971773 0.0478603 0.0234099 0.0388217 0.0269077 0.038349 0.0238682 0.0251993 0.0194539 0.0448849 0.0363158 0.0272743 0.0565069 0.0226558 0.02942 0.130984 
0.025314 0.189081 0.0636764 0.0458726 0.0809254 0.0659288 0.0259277 0.0562965 0.027862 0.0379314 0.0278922 0.0284216 0.021546 0.0501552 0.038178 0.0270666 0.0521992 0.0232243 0.0277533 0.0847483 
0.0250152 0.183916 0.066208 0.0335349 0.0705472 0.0915719 0.0255843 0.0784642 0.0271816 0.0385086 0.0382894 0.0296278 0.023134 0.0490831 0.042776 0.0263012 0.0452262 0.0235371 0.0281426 0.0533518 
0.0254802 0.148985 0.0669576 0.0265566 0.0665709 0.114867 0.022966 0.0970006 0.0249413 0.0397171 0.0615387 0.0290217 0.0239481 0.0431064 0.0522503 0.0247397 0.0373661 0.0239 0.0315814 0.0385061 
0.0259547 0.103387 0.0656179 0.0232091 0.0654749 0.121396 0.0202507 0.102456 0.0220246 0.0402767 0.102288 0.0279236 0.0244492 0.0365401 0.0693186 0.0222262 0.0306886 0.0243444 0.0386395 0.0335351 
0.0256996 0.0658183 0.0629932 0.0221416 0.0640766 0.106114 0.0190243 0.0921058 0.0194072 0.0393635 0.153666 0.0271696 0.0251663 0.0324109 0.0938154 0.019075 0.0262678 0.0247525 0.0487596 0.0321726 
0.0248059 0.0435699 0.0605105 0.0226081 0.0618214 0.0807684 0.0190944 0.0736333 0.0175237 0.0374441 0.198102 0.0266777 0.0261239 0.0307927 0.120098 0.0161129 0.023851 0.0252 0.0596801 0.0315826 
0.0239227 0.0331152 0.058747 0.0239075 0.0595467 0.0593523 0.0195089 0.056365 0.0162136 0.0354421 0.224992 0.0261807 0.0270522 0.0304089 0.142507 0.0139159 0.0225725 0.0257797 0.0692753 0.0311968 
0.0352428 0.0886389 0.0590284 0.0913627 0.127935 0.0345537 0.0193495 0.0249571 0.0259787 0.0418273 0.0202544 0.0189804 0.0168863 0.0369806 0.0362928 0.0297243 0.0691741 0.0236692 0.0334936 0.165673 
0.0332412 0.122768 0.0623107 0.0761282 0.111598 0.0398991 0.0231573 0.0336458 0.0296516 0.0412701 0.0215403 0.0221657 0.0182377 0.0461463 0.0358384 0.029678 0.0656759 0.0242291 0.0308357 0.131984 
0.0305613 0.155674 0.0656952 0.0581051 0.0917447 0.0514312 0.0268859 0.0509939 0.0335 0.0405464 0.0239081 0.0260474 0.0204272 0.0542377 0.0362368 0.0290343 0.0595682 0.0245563 0.0281112 0.092736 
0.028235 0.167225 0.0684234 0.0423412 0.075045 0.0708309 0.0283804 0.0767129 0.035401 0.0404653 0.0294607 0.0291486 0.0228861 0.0560296 0.0390176 0.0275817 0.0510457 0.0246765 0.026969 0.0601262 
0.027101 0.149055 0.0695681 0.0322102 0.0659398 0.0933549 0.0268563 0.102752 0.0340746 0.0413288 0.0426032 0.0305157 0.0248158 0.0504183 0.0461836 0.0254803 0.0418384 0.0251672 0.029147 0.0415906 
0.0269167 0.11257 0.0684571 0.0270105 0.0628084 0.107741 0.0238522 0.11685 0.0301745 0.0422461 0.0688607 0.0306056 0.0260562 0.0416871 0.0604982 0.0229405 0.0338736 0.0264785 0.0360792 0.0342941 
0.0268098 0.0754541 0.0652836 0.0248063 0.0616641 0.104238 0.0214503 0.11099 0.0253844 0.0420472 0.108671 0.0302205 0.0270375 0.0346728 0.0839265 0.0201013 0.0282295 0.0284506 0.048463 0.0321023 
0.0262563 0.0493767 0.0615009 0.0244314 0.060187 0.0856296 0.0204443 0.0897195 0.0213185 0.0404822 0.150596 0.0296226 0.0281025 0.0311566 0.112843 0.0173204 0.024915 0.0305639 0.0642954 0.0312387 
0.0255078 0.0356833 0.0585348 0.0251699 0.0583553 0.064796 0.0202914 0.0661997 0.018634 0.0383 0.180274 0.0288221 0.0291929 0.0300829 0.139456 0.0150775 0.0231874 0.0323969 0.0794116 0.0306278 
0.0250267 0.0296912 0.0565202 0.0264194 0.056703 0.0500041 0.0203331 0.0485132 0.0170331 0.0362182 0.194489 0.027929 0.0301808 0.0299832 0.159792 0.0135063 0.0222391 0.0338069 0.0913647 0.0302491 
0.0485399 0.0632813 0.0623579 0.0992545 0.13401 0.0317759 0.0201634 0.0208082 0.0270657 0.0446374 0.0181235 0.01715 0.0162565 0.0411762 0.0361636 0.0354836 0.08617 0.0270528 0.0348497 0.135683 
0.0458405 0.0856289 0.0646689 0.0874387 0.120325 0.0347027 0.0238926 0.0277097 0.0329305 0.0445869 0.0190966 0.0195039 0.0170487 0.0513811 0.0349557 0.0349444 0.0801404 0.0271376 0.0323014 0.115766 
0.0414444 0.113107 0.0670061 0.0713354 0.100676 0.0409869 0.0286134 0.0428996 0.0408137 0.0441537 0.0206041 0.0233486 0.0188573 0.0625101 0.0339751 0.0334317 0.0711065 0.0270502 0.0290134 0.0890674 
0.0361948 0.132725 0.0690237 0.0541915 0.0799915 0.0530523 0.0323309 0.0692164 0.0477423 0.0437448 0.0234203 0.028134 0.0217589 0.0682741 0.0347263 0.0305484 0.0594789 0.0267779 0.026423 0.062245 
0.0319117 0.130932 0.0700967 0.0408773 0.0653375 0.0702782 0.032887 0.101412 0.0496892 0.0440063 0.0298321 0.0323772 0.0250093 0.0639647 0.0393436 0.0268475 0.047624 0.0271235 0.0267906 0.0436601 
0.0295054 0.108898 0.06943 0.0331497 0.0586727 0.0862917 0.0304277 0.125996 0.0456229 0.0447869 0.0439109 0.0350892 0.0277494 0.0525041 0.0503027 0.0232941 0.0378261 0.0292214 0.0323765 0.0349448 
0.0284449 0.0790228 0.0664871 0.0294914 0.0567532 0.0920056 0.0269422 0.129738 0.0378197 0.0451331 0.0690805 0.0361784 0.0298541 0.0406975 0.0704179 0.0203135 0.0309577 0.0334714 0.0452138 0.0319772 
0.0278125 0.0533399 0.0619473 0.028093 0.0559991 0.0835264 0.024156 0.110339 0.029618 0.0442102 0.101748 0.0357758 0.0316596 0.0330423 0.0991379 0.0178703 0.026842 0.0389987 0.0650626 0.0308216 
0.0271925 0.0374952 0.0576523 0.0279515 0.0549808 0.067545 0.0225384 0.0809111 0.0235717 0.0420993 0.130108 0.0342832 0.0333039 0.0298383 0.129014 0.0159332 0.0247112 0.0440739 0.0868519 0.0299455 
0.0267293 0.0299942 0.0546692 0.0284856 0.0538315 0.0535611 0.0217237 0.0562209 0.0201337 0.039577 0.146306 0.0324419 0.0347166 0.0290886 0.152627 0.014501 0.023642 0.0476143 0.104863 0.0292759 
0.0648907 0.0564493 0.0661654 0.093248 0.116367 0.0317307 0.0258521 0.0222691 0.0362863 0.0472432 0.0169281 0.0178605 0.0162749 0.0601191 0.0328336 0.0463906 0.0969549 0.0309837 0.0329977 0.088156 
0.0588166 0.0734329 0.0666951 0.0811878 0.100302 0.0348245 0.031551 0.0336728 0.0480972 0.0474714 0.0177832 0.0213549 0.0175012 0.0740728 0.0309288 0.0434172 0.0852219 0.0303517 0.0298022 0.0735145 
0.050377 0.0906022 0.0667575 0.0661448 0.0803414 0.0407799 0.0378246 0.0559417 0.0617659 0.0473768 0.0191137 0.0272974 0.0201746 0.0848006 0.0298599 0.038119 0.0702757 0.0295548 0.0264258 0.0564668 
0.0417386 0.0981473 0.0665368 0.051797 0.0628657 0.0508557 0.0417133 0.0885117 0.070745 0.0473453 0.0217344 0.034877 0.0242304 0.0841729 0.0317262 0.0312705 0.0549908 0.0294728 0.0249897 0.0422796 
0.0353338 0.090809 0.0658528 0.0417061 0.0528157 0.0633077 0.0412605 0.120877 0.069737 0.0477645 0.0277818 0.0419306 0.0287202 0.0712591 0.0388399 0.0249313 0.042642 0.0319164 0.0281989 0.0343162 
0.0316568 0.0729702 0.0638264 0.0362218 0.0493227 0.0727092 0.0373567 0.137378 0.0597154 0.0483805 0.0403448 0.0465183 0.032882 0.0535616 0.053794 0.02042 0.0343526 0.0384298 0.0389345 0.0312251 
0.0298316 0.0529593 0.0598933 0.0336338 0.0488068 0.0734349 0.0322406 0.127809 0.0457677 0.0483397 0.0604155 0.0475349 0.0367041 0.039003 0.0782354 0.0177155 0.0296406 0.0488394 0.0592023 0.0299929 
0.0289138 0.037627 0.0551413 0.032388 0.0487181 0.0655392 0.0278123 0.0983199 0.0334899 0.046867 0.082507 0.0451509 0.0402073 0.0309295 0.107866 0.0161988 0.0274419 0.0601942 0.0857581 0.0289302 
0.0284127 0.0291618 0.0513415 0.0317968 0.0483536 0.0553216 0.0248863 0.0673488 0.025798 0.0441924 0.0984315 0.0411863 0.04308 0.0280122 0.13377 0.0152584 0.0265382 0.0688256 0.110359 0.0279263 
0.0282332 0.0254951 0.0489373 0.0316255 0.0478332 0.0477435 0.0232696 0.0459445 0.0219962 0.0411769 0.106061 0.0374552 0.0452808 0.0275158 0.151716 0.0145443 0.026066 0.0737488 0.128116 0.0272424 
0.0879095 0.0370354 0.0656112 0.0917053 0.098909 0.0304425 0.0286432 0.0187226 0.0391043 0.0487775 0.0156194 0.0175199 0.016272 0.0692057 0.0293508 0.0685131 0.109034 0.0344549 0.0324259 0.060747 
0.0801695 0.0453697 0.0643618 0.083983 0.0879015 0.0320731 0.0354491 0.0261379 0.0530227 0.0493938 0.0158399 0.0207201 0.017075 0.084329 0.0271925 0.0634875 0.0961604 0.0332617 0.0298185 0.0542539 
0.0689374 0.0557565 0.0620643 0.0733122 0.072526 0.0344345 0.0444828 0.0415794 0.0719577 0.0497054 0.0162294 0.027306 0.0192083 0.0988774 0.0251681 0.0546774 0.0796812 0.0319134 0.0265349 0.0456483 
0.0560407 0.0641177 0.0594327 0.0612157 0.0566579 0.0386225 0.0528856 0.0673755 0.089562 0.0497653 0.0169633 0.0378934 0.0232146 0.103833 0.0248374 0.0428578 0.0622223 0.0312272 0.0240616 0.0372134 
0.0449069 0.065588 0.0574144 0.0507417 0.0454695 0.0453649 0.056675 0.0989574 0.0963801 0.0499994 0.0188576 0.0505231 0.0287773 0.0935561 0.0281809 0.0312906 0.0476836 0.0333018 0.0247854 0.0315466 
0.0373948 0.0591314 0.0558109 0.0438688 0.0405195 0.0532296 0.0542885 0.124039 0.0886489 0.0507495 0.0236246 0.06139 0.0351478 0.0727079 0.0372297 0.0228312 0.0379536 0.0408258 0.0315841 0.0290242 
0.0331131 0.047691 0.0533951 0.0401484 0.0396066 0.0585536 0.0472547 0.128828 0.0706094 0.0516678 0.033111 0.0667653 0.0421587 0.050976 0.0541837 0.0180476 0.0327098 0.0554536 0.0476744 0.0280527 
0.0309911 0.0358677 0.0497316 0.0379122 0.0400264 0.058355 0.0386557 0.109195 0.0505164 0.0515756 0.0465789 0.0647381 0.0496919 0.0355412 0.0783745 0.0160876 0.0307868 0.074975 0.0732973 0.0271019 
0.0300971 0.027533 0.0460477 0.0360692 0.0403801 0.0539386 0.0315627 0.0784007 0.0356092 0.0496205 0.0593082 0.0574829 0.0566027 0.0279789 0.103092 0.0156182 0.0305918 0.0927679 0.101402 0.0258972 
0.0298045 0.0233239 0.0434778 0.0345732 0.0404409 0.0491378 0.0271681 0.0530097 0.0275262 0.0463945 0.0674754 0.049516 0.0618231 0.0255381 0.121731 0.0155314 0.030753 0.104157 0.123736 0.0248848 
0.0998412 0.0291775 0.0604319 0.0793448 0.0681929 0.0314401 0.0395852 0.0218767 0.0544879 0.0501618 0.0150771 0.0214186 0.0178271 0.0884186 0.0232997 0.0979132 0.0980552 0.0345316 0.028954 0.0399677 
0.0869327 0.0344236 0.0566432 0.0731722 0.0586936 0.0321613 0.0513501 0.0309707 0.0747272 0.050323 0.0147934 0.02813 0.0195395 0.10354 0.0213149 0.0848064 0.082959 0.0328509 0.0263406 0.0363278 
0.0711592 0.0402896 0.051874 0.0651393 0.0474301 0.0330483 0.064883 0.0474867 0.0977634 0.0502372 0.0145578 0.0406205 0.0230966 0.112705 0.0200973 0.0661589 0.066207 0.0316546 0.0237927 0.0317988 
0.0561639 0.0442989 0.0476839 0.0567035 0.0378929 0.0351823 0.0750614 0.0707761 0.113518 0.0502711 0.0146729 0.0584848 0.0287939 0.108089 0.0209173 0.0464904 0.0513595 0.0328219 0.0229528 0.0278658 
0.0449896 0.0443399 0.0450647 0.0499545 0.0325348 0.039284 0.0772817 0.0945531 0.113414 0.0509885 0.0159025 0.0775617 0.0364678 0.089798 0.0250555 0.0309664 0.0409287 0.0393988 0.0259307 0.0255853 
0.037938 0.0401268 0.0433795 0.045742 0.0308918 0.044412 0.0706908 0.108345 0.0973844 0.052551 0.0194294 0.0914378 0.0464919 0.0656073 0.0341485 0.021372 0.0351881 0.0546979 0.0355128 0.0246531 
0.0339724 0.0331167 0.0413892 0.0430762 0.0310618 0.0482018 0.0580168 0.103179 0.0727843 0.0540616 0.026022 0.0940102 0.0595074 0.0442025 0.0494406 0.0168886 0.0333988 0.0795017 0.0541787 0.02399 
0.0321126 0.0261262 0.0388962 0.0405022 0.0315494 0.0490298 0.044537 0.0817282 0.0500514 0.053882 0.0342901 0.0845633 0.0739888 0.0306476 0.0683294 0.0158166 0.034135 0.1076 0.0792613 0.0229541 
0.0314956 0.021467 0.0367233 0.0378162 0.0318412 0.0477992 0.0347353 0.0580142 0.035571 0.0515491 0.0413065 0.0701021 0.0864513 0.0245644 0.0849254 0.0161929 0.0355056 0.129474 0.102655 0.0218103 
0.0314403 0.019214 0.035293 0.0356102 0.0319212 0.0463015 0.0292106 0.0414632 0.0284399 0.0481258 0.0458101 0.0575686 0.0953496 0.0226865 0.0962261 0.0166987 0.0363586 0.141912 0.119412 0.0209595 
0.111351 0.0210634 0.0560421 0.069558 0.0486697 0.0319519 0.0431495 0.0206197 0.0531088 0.0506042 0.0153269 0.0231015 0.0194273 0.0847556 0.0197578 0.146784 0.0895954 0.0336817 0.0275966 0.0338574 
0.0988718 0.0236436 0.0520708 0.0667772 0.0440473 0.0318851 0.0571411 0.0251983 0.070834 0.0500684 0.01463 0.0293137 0.0208979 0.0973643 0.0183433 0.130298 0.0783545 0.0320906 0.0257749 0.0323951 
0.0827852 0.0274056 0.0464137 0.0627124 0.0377696 0.0312628 0.0756443 0.0342465 0.094014 0.0493257 0.0138652 0.0421007 0.0240568 0.107496 0.0173459 0.104321 0.0652259 0.0308129 0.0237057 0.0294902 
0.0660021 0.0313831 0.0404943 0.0574957 0.0314064 0.0308471 0.0934392 0.0483295 0.114929 0.048808 0.0132073 0.0631391 0.0294799 0.107896 0.0173472 0.0738644 0.0525167 0.0311992 0.0223812 0.0258352 
0.0523501 0.0338747 0.036133 0.0523483 0.0269379 0.031842 0.103028 0.0648892 0.123143 0.0491364 0.0131187 0.0895898 0.0374149 0.0954859 0.0188512 0.047551 0.0427185 0.0357785 0.0230747 0.0227339 
0.0431957 0.0336706 0.0337919 0.0486163 0.0249202 0.0347473 0.100295 0.0783734 0.11432 0.0506699 0.0142642 0.114027 0.0488468 0.0747114 0.0225536 0.0299599 0.0367652 0.0480226 0.027343 0.0209068 
0.0376608 0.0305919 0.0325358 0.0462492 0.0244536 0.0387375 0.0861708 0.082103 0.092268 0.0530055 0.017323 0.126697 0.0660025 0.0528494 0.029704 0.0204483 0.0345646 0.0711877 0.0374309 0.0200177 
0.0346578 0.0256506 0.0313093 0.0439025 0.0244257 0.0421195 0.0661478 0.0729973 0.0662125 0.0546774 0.0222477 0.120722 0.0892372 0.0357616 0.0405568 0.0167987 0.0355095 0.103578 0.0541906 0.0192973 
0.0334326 0.0209271 0.0299026 0.0408481 0.0243455 0.0437687 0.0482391 0.0568904 0.0457952 0.0542657 0.0275667 0.100762 0.113475 0.0258084 0.0522867 0.0165725 0.037972 0.135275 0.0734524 0.0184157 
0.0332244 0.0178773 0.0286739 0.0378111 0.0242265 0.0440782 0.0367641 0.0427664 0.0341281 0.0520101 0.0317399 0.0792239 0.132779 0.0214539 0.0614475 0.0174928 0.0401213 0.157228 0.0893773 0.0175783 
0.101507 0.0189376 0.0492192 0.0572819 0.0327228 0.0323935 0.0604796 0.0229127 0.0637349 0.0495562 0.0152434 0.030482 0.0224459 0.0844463 0.01602 0.185556 0.0682848 0.0300584 0.0250144 0.0337062 
0.0879821 0.021376 0.0438806 0.0559166 0.0299492 0.0310642 0.082516 0.0272154 0.0829204 0.0479562 0.0142755 0.0419167 0.0252964 0.0928087 0.0156442 0.155406 0.0600378 0.0290945 0.0234999 0.0312447 
0.0723057 0.0248009 0.0371981 0.0537201 0.0265769 0.0294264 0.107784 0.034744 0.103946 0.04665 0.0132666 0.0631368 0.0304168 0.0958074 0.0159122 0.114516 0.0512577 0.0292407 0.022279 0.0270135 
0.0579644 0.0280342 0.031256 0.0508844 0.0236443 0.0286256 0.126547 0.0445419 0.11742 0.0463612 0.0126086 0.0937415 0.0381403 0.0891033 0.0167682 0.0742576 0.0434851 0.03219 0.0221118 0.0223149 
0.0475789 0.0296372 0.0276076 0.0484207 0.0219076 0.0296014 0.130519 0.0538026 0.116347 0.047435 0.0128681 0.126906 0.0494065 0.0741922 0.0181427 0.0449033 0.0379023 0.0404742 0.0236383 0.0187094 
0.041068 0.028899 0.026028 0.0468769 0.0211144 0.032317 0.118463 0.0590751 0.101361 0.0496284 0.0145385 0.151547 0.0673335 0.0563651 0.0205892 0.0278013 0.0350012 0.057422 0.0278741 0.0166973 
0.0372702 0.0258992 0.0253345 0.0454457 0.0205216 0.0358295 0.0948737 0.0575867 0.0784839 0.0520652 0.0178014 0.156041 0.0954934 0.0402751 0.0250731 0.0196706 0.0350191 0.0852009 0.0363155 0.0157989 
0.0353974 0.0216767 0.0245504 0.0430343 0.0197518 0.038759 0.0687117 0.0499146 0.0562067 0.0534017 0.0219915 0.137366 0.131408 0.0287337 0.0313546 0.0172664 0.0374107 0.119191 0.0485775 0.0152968 
0.034889 0.0179536 0.0235049 0.039937 0.0190078 0.0403394 0.048773 0.0406871 0.0407541 0.0529845 0.0257836 0.107883 0.165293 0.0222161 0.0374154 0.0177367 0.0404527 0.148569 0.0610086 0.0148125 
0.0350817 0.0156462 0.0225048 0.0372711 0.0184924 0.0409116 0.0371781 0.0337254 0.0323066 0.0513764 0.0285419 0.0820887 0.190293 0.0192557 0.0417056 0.0189145 0.0426371 0.167197 0.0705299 0.0143448 
0.0962785 0.0173526 0.0480235 0.0482113 0.0259966 0.0330784 0.0609674 0.0223674 0.0570112 0.0486749 0.0160803 0.0314823 0.02346 0.0708681 0.0141792 0.238897 0.0573728 0.0276129 0.0242901 0.0377976 
0.0866355 0.0188981 0.0437436 0.0480041 0.02494 0.0314375 0.0837731 0.0240579 0.0706603 0.0464536 0.0151357 0.040539 0.0259483 0.0762825 0.0142998 0.21018 0.0531393 0.0270148 0.0231553 0.0357024 
0.0743986 0.021645 0.0372791 0.0476587 0.0234413 0.0292211 0.114133 0.0277305 0.0880941 0.0444583 0.0140635 0.0591047 0.0306871 0.0794814 0.0151026 0.164515 0.0484602 0.0272654 0.0221528 0.0311098 
0.0614623 0.0249777 0.0302588 0.0469111 0.0218536 0.0274241 0.142498 0.0331697 0.103042 0.0435696 0.0131058 0.089719 0.0380821 0.0766604 0.016292 0.111314 0.043593 0.0293948 0.0218118 0.0248606 
0.0508219 0.0274507 0.0250912 0.0460549 0.0206974 0.0271775 0.155733 0.0388548 0.107743 0.0442056 0.0128412 0.127742 0.0485742 0.0671599 0.0172794 0.0670779 0.0391153 0.0348991 0.0223869 0.0190945 
0.0436925 0.0280058 0.0225899 0.0456137 0.0200052 0.0287495 0.148851 0.0429023 0.100167 0.0460008 0.0137935 0.162141 0.0648146 0.05436 0.0179866 0.0393298 0.0357676 0.0459274 0.0240122 0.0152895 
0.0393863 0.0264181 0.0217905 0.045282 0.019266 0.0315677 0.125627 0.043898 0.0837712 0.0482928 0.0162022 0.179775 0.0921764 0.0417779 0.0191554 0.0249683 0.0343647 0.0653495 0.0274705 0.0134626 
0.037019 0.023041 0.0213237 0.0440408 0.0180594 0.0345952 0.0943101 0.0413676 0.0642185 0.0503149 0.0197969 0.17083 0.133384 0.0314018 0.0215489 0.0190347 0.0354173 0.0936526 0.0337308 0.012913 
0.036121 0.019061 0.020432 0.0416087 0.0166238 0.0367634 0.0656549 0.0366954 0.0475316 0.0513549 0.0235459 0.140026 0.180496 0.024204 0.0247659 0.0179339 0.0382129 0.124219 0.0419061 0.0128448 
0.0362066 0.0159308 0.0192604 0.0389862 0.0155014 0.0377911 0.0464922 0.0322493 0.0367024 0.0513078 0.0264484 0.105337 0.220181 0.0200792 0.0275766 0.0188583 0.0410433 0.147845 0.0494399 0.0127647 
0.0813988 0.018151 0.0447567 0.0415296 0.0223652 0.0319621 0.0804505 0.0228095 0.0612072 0.0447154 0.0159945 0.0389201 0.0257889 0.0632462 0.0131024 0.258123 0.0469115 0.0250669 0.0228229 0.0406817 
0.0730929 0.0201798 0.0392826 0.0417818 0.0217133 0.0295567 0.11169 0.0244378 0.0737885 0.0423599 0.0150265 0.0532996 0.0299047 0.0653709 0.0142191 0.215267 0.0451636 0.0254185 0.0219435 0.0365042 
0.0630246 0.0232339 0.0320066 0.0421917 0.020927 0.0271642 0.147304 0.0274014 0.0871911 0.041019 0.0139801 0.0801726 0.0367608 0.064336 0.0158995 0.155861 0.0431492 0.0271978 0.0215683 0.0296121 
0.0532354 0.0261625 0.0254016 0.0426734 0.0202657 0.0260416 0.171673 0.0309127 0.0950513 0.041354 0.0133169 0.118696 0.0464693 0.0586251 0.0173141 0.0972574 0.0404093 0.031251 0.0219169 0.0219754 
0.0457948 0.0275913 0.0215286 0.0433444 0.0198222 0.0267908 0.173378 0.033725 0.0933524 0.042975 0.0136543 0.159298 0.0604717 0.0498568 0.0178412 0.0559288 0.0372224 0.0386021 0.0227538 0.0160702 
0.0410124 0.0270201 0.0201398 0.0440413 0.0192541 0.0289821 0.154044 0.0350376 0.0833805 0.0450402 0.0153461 0.188589 0.0837904 0.0407145 0.0178302 0.0330843 0.0346668 0.0511645 0.0241322 0.0127307 
0.0382204 0.0245497 0.0197457 0.0439918 0.018068 0.0317585 0.121669 0.0345824 0.0686853 0.0470316 0.0183872 0.193777 0.12278 0.0326163 0.0182009 0.0223951 0.0339224 0.0712281 0.026902 0.0114881 
0.0369171 0.0207664 0.0190718 0.0425888 0.0162606 0.0341335 0.0866789 0.0326782 0.0534395 0.048665 0.022151 0.170393 0.17602 0.0261391 0.0194586 0.018706 0.0353979 0.0973994 0.0316524 0.0114831 
0.0367659 0.0170112 0.0178298 0.0403906 0.0145064 0.0354743 0.0592514 0.0303177 0.0414373 0.0497315 0.0254855 0.13168 0.229225 0.0216429 0.0211115 0.0186342 0.0380518 0.122354 0.0372751 0.0118246 
0.0372552 0.0144035 0.0164992 0.0385118 0.0133389 0.0359665 0.0427543 0.0283813 0.0338127 0.0502132 0.0277955 0.09669 0.269052 0.0190091 0.0224285 0.0197419 0.0403378 0.139759 0.042051 0.0120023 
