20 hexa 10 10 gaussian
#SNAPSHOT FILE
#iterations: 20000 (40000 total)
0.034685 0.106402 0.0637536 0.0744187 0.112118 0.0545107 0.0207927 0.0455962 0.0274924 0.0419055 0.0250209 0.0206007 0.0137512 0.0400355 0.0351534 0.0400508 0.0626597 0.024323 0.0311079 0.125622 
0.0340747 0.108272 0.0659166 0.0687885 0.106438 0.0597589 0.021835 0.0531519 0.0279576 0.0422596 0.0286848 0.0222859 0.0148017 0.0407542 0.0391 0.0368235 0.0592407 0.0248204 0.0325965 0.11244 
0.0332986 0.107998 0.0679405 0.0621946 0.0993857 0.065476 0.0229224 0.062006 0.0283194 0.0425378 0.0347038 0.0243471 0.0163107 0.0412183 0.0450739 0.0332272 0.0549574 0.0256251 0.0350849 0.0973726 
0.0323861 0.104282 0.0692927 0.0551406 0.091346 0.0707469 0.0238916 0.0710585 0.0284125 0.0426446 0.0440822 0.0266813 0.0184304 0.0411955 0.0537111 0.0293836 0.0499102 0.0268499 0.0389931 0.0815624 
0.0314125 0.0965413 0.0694394 0.0483023 0.0829021 0.0743559 0.024566 0.0786051 0.0280797 0.0424782 0.057543 0.0290822 0.0212639 0.0405373 0.0652763 0.0255581 0.0444373 0.0285591 0.04456 0.0665006 
0.0304856 0.0853882 0.0681127 0.0423606 0.0747324 0.0752775 0.0248252 0.0829229 0.0272502 0.0419838 0.0749073 0.0312657 0.0247867 0.0392632 0.0792625 0.0221048 0.0390791 0.030709 0.0516175 0.0536653 
0.029709 0.0725333 0.0655074 0.0377684 0.0674273 0.0732601 0.0246785 0.0831375 0.0260022 0.0411964 0.0947474 0.0329755 0.0288045 0.0375778 0.0943133 0.0193251 0.0343881 0.0331349 0.0595353 0.0439785 
0.0291405 0.0600294 0.0622039 0.0346086 0.0613236 0.068992 0.0242713 0.0796826 0.0245417 0.0402329 0.114775 0.0341043 0.0330135 0.0357766 0.108698 0.0173358 0.0307075 0.0356229 0.0674489 0.0374911 
0.028778 0.0493905 0.0588615 0.0326524 0.0564715 0.063684 0.0238085 0.0739466 0.0231046 0.0392386 0.132759 0.0347311 0.0371301 0.0341041 0.121014 0.0160561 0.0280859 0.0380112 0.0746109 0.0335615 
0.0285813 0.041217 0.055938 0.0315474 0.0527121 0.0584603 0.0234626 0.0674974 0.0218649 0.0383368 0.147259 0.0350577 0.0409976 0.0326787 0.130573 0.015298 0.0263602 0.0402455 0.0805934 0.0313198 
0.0387291 0.100922 0.0639922 0.0718525 0.102163 0.0545031 0.0247444 0.0478757 0.031188 0.0430964 0.0255106 0.023067 0.0148634 0.0449742 0.0341169 0.0462525 0.0648714 0.0262843 0.0311442 0.10985 
0.0376937 0.102193 0.0655911 0.0659112 0.0961944 0.0596423 0.0264258 0.0559373 0.0320082 0.04344 0.0297131 0.0256256 0.0163893 0.0453606 0.0385537 0.0416582 0.060813 0.0270472 0.0329962 0.0968065 
0.0364012 0.100821 0.0667709 0.0592543 0.0891374 0.0649089 0.0280836 0.0648504 0.0325751 0.0436727 0.0364858 0.0286755 0.0186232 0.0452068 0.045177 0.0366074 0.0558249 0.028267 0.0360472 0.08261 
0.0349378 0.0958014 0.067054 0.0524804 0.0814474 0.0693091 0.0294348 0.0732303 0.032634 0.0436919 0.0466967 0.0319884 0.0217678 0.0443062 0.0544777 0.0314052 0.0501345 0.0300759 0.0406724 0.0684544 
0.0334552 0.0870522 0.0660878 0.0462777 0.0737222 0.0717393 0.0302016 0.0793081 0.0319922 0.0434077 0.0607043 0.0351746 0.0259115 0.0426211 0.0664197 0.0265135 0.0442248 0.0325079 0.0469634 0.0557156 
0.0321293 0.0756696 0.0638683 0.0412117 0.0665575 0.0715239 0.0302464 0.0816934 0.0306391 0.042796 0.0778346 0.0377939 0.0309205 0.0403457 0.0801539 0.0224013 0.0387159 0.0354384 0.0545492 0.0455115 
0.0310915 0.0635285 0.0607945 0.0375281 0.060376 0.0688264 0.0296649 0.0801177 0.0287869 0.0419248 0.0963428 0.0395557 0.0364347 0.0378427 0.0941784 0.0193423 0.0341243 0.0386117 0.0626585 0.0382699 
0.0303813 0.0524266 0.0574692 0.0351207 0.0553388 0.0645404 0.0287385 0.0755144 0.0267747 0.0409254 0.11405 0.0404529 0.0420067 0.0354733 0.106937 0.0173226 0.0306768 0.0417573 0.0704258 0.0336681 
0.0299553 0.0434207 0.0544097 0.0336768 0.0513802 0.059774 0.0277844 0.0694059 0.0249105 0.0399382 0.129187 0.0407243 0.0472859 0.0334563 0.11739 0.0161203 0.0283082 0.0447022 0.0772023 0.030968 
0.0297333 0.0367378 0.0518854 0.0328618 0.0482981 0.0553808 0.0270352 0.0631872 0.0233796 0.0390748 0.140831 0.0407145 0.0521212 0.0318453 0.125175 0.0154573 0.0267925 0.0474067 0.0826616 0.0294215 
0.0449585 0.0910364 0.0619959 0.0738338 0.0950483 0.0493594 0.0283411 0.0429066 0.0351797 0.0439739 0.0229497 0.0239688 0.0150288 0.0505866 0.0294377 0.0598492 0.0702235 0.0278604 0.0298287 0.103633 
0.0436773 0.0931979 0.0630226 0.0687657 0.0902446 0.0536032 0.0307295 0.0498433 0.0365622 0.0443538 0.0257219 0.0270232 0.0165584 0.0509001 0.0325954 0.0540947 0.0665341 0.0285731 0.0311508 0.0928487 
0.0419728 0.093645 0.063781 0.0627992 0.0843651 0.058332 0.0332821 0.0580213 0.0377675 0.0446773 0.0303131 0.0308536 0.018875 0.0506156 0.0374253 0.0475425 0.0618085 0.0297669 0.0334153 0.0807409 
0.0399234 0.0911985 0.0639035 0.0564179 0.0777257 0.0628579 0.035628 0.0664666 0.0384442 0.0448595 0.037531 0.0352623 0.0222856 0.0494637 0.044477 0.0405294 0.0561647 0.0316451 0.0370423 0.0681738 
0.037712 0.0852432 0.0630509 0.0502592 0.0708029 0.0662236 0.0373078 0.0736321 0.0382473 0.0447992 0.047999 0.0397939 0.0270271 0.0473304 0.0540247 0.0336314 0.0499777 0.0343455 0.0423092 0.0562832 
0.0355951 0.0761709 0.0611055 0.04494 0.0641371 0.0675705 0.0379455 0.0779084 0.0370066 0.0444261 0.0616659 0.0438073 0.0331016 0.0443654 0.0657208 0.0275315 0.0438515 0.0378342 0.0491264 0.0461897 
0.0338153 0.0653663 0.0582908 0.0408436 0.058182 0.0666052 0.0374587 0.0784142 0.0348601 0.0437474 0.0774882 0.0467269 0.0401706 0.040975 0.0784915 0.0227544 0.0384216 0.0418646 0.0569439 0.03858 
0.0325051 0.0546006 0.0550889 0.0380095 0.0531838 0.0637714 0.036121 0.0754586 0.0322154 0.0428523 0.0936787 0.0483218 0.0476409 0.037652 0.0908843 0.0194539 0.0341062 0.0460638 0.064924 0.0334684 
0.0316556 0.0452619 0.052005 0.0362082 0.0491686 0.0599619 0.0344055 0.0702667 0.0295491 0.0418727 0.108415 0.0487795 0.0549085 0.034765 0.101652 0.0174262 0.0309948 0.0500952 0.072266 0.0303428 
0.031165 0.0379739 0.0493687 0.0351164 0.0460092 0.0560526 0.0327545 0.0642865 0.0272133 0.0409378 0.120462 0.0485489 0.0615742 0.0324632 0.110122 0.0162989 0.0289238 0.0537691 0.0784368 0.0285233 
0.0512484 0.0816871 0.0602466 0.0702644 0.0816551 0.0477698 0.0356907 0.0440496 0.04186 0.0452029 0.0225531 0.0284835 0.0168034 0.0576882 0.027256 0.0710975 0.0712993 0.0299846 0.0295077 0.0856522 
0.0491687 0.0832727 0.0604525 0.065232 0.077015 0.0515854 0.0392696 0.0510606 0.0438349 0.0455728 0.0254344 0.0330558 0.0191408 0.0573137 0.0305943 0.0629281 0.0670453 0.0311104 0.0310834 0.0758298 
0.0465131 0.0829059 0.0601909 0.0595653 0.0716063 0.0556381 0.042873 0.0588693 0.0453456 0.0458713 0.0301398 0.0386104 0.0227122 0.0559618 0.0356203 0.0538096 0.0617449 0.0329862 0.0337424 0.0652939 
0.0434688 0.0796857 0.0591987 0.053797 0.0657625 0.0592444 0.0458834 0.0663067 0.0458914 0.0460093 0.0373204 0.0447074 0.0279177 0.0534264 0.0427363 0.0444097 0.055644 0.0358645 0.037849 0.0548768 
0.0403577 0.0733994 0.0573357 0.048527 0.0599212 0.0616042 0.0476368 0.0718488 0.0450868 0.0458962 0.0472951 0.0505549 0.034963 0.0497746 0.0519664 0.0356405 0.0492552 0.0398524 0.0435401 0.0455448 
0.0375514 0.0647786 0.0547086 0.0442235 0.0545072 0.0621698 0.0477311 0.074253 0.0428917 0.0454867 0.059664 0.0552458 0.0436449 0.045407 0.0627188 0.028363 0.0432431 0.0447909 0.0505455 0.0380758 
0.0353288 0.0552499 0.0516671 0.0410653 0.0498105 0.0609513 0.0462685 0.0732059 0.039692 0.044811 0.0732365 0.0581701 0.0533142 0.0409304 0.0738674 0.0230376 0.0381781 0.050262 0.0582007 0.0327529 
0.0337782 0.0462818 0.0486483 0.0389367 0.0459332 0.0584836 0.0438003 0.0694357 0.0361182 0.0439637 0.0864462 0.059293 0.0631058 0.0368977 0.084181 0.0195952 0.0343326 0.0557536 0.0656858 0.0293298 
0.0328134 0.0388232 0.0459907 0.0375641 0.0428238 0.0554974 0.0410211 0.064226 0.0327514 0.0430662 0.0979585 0.059082 0.0722771 0.0336161 0.0927776 0.0176077 0.0316622 0.0608559 0.0723128 0.027273 
0.0322676 0.0331684 0.0438465 0.0366711 0.0403421 0.0525914 0.0384844 0.0588011 0.0299417 0.0422307 0.107033 0.0582146 0.0804117 0.0311317 0.0992934 0.0165651 0.0299339 0.0653587 0.0776656 0.0260477 
0.0599776 0.0688849 0.0572969 0.0701051 0.0712367 0.0425649 0.040937 0.0388888 0.0475233 0.0459018 0.0200844 0.0299037 0.0171095 0.0651716 0.0226904 0.0921696 0.0742519 0.0310393 0.0280833 0.0761802 
0.0576416 0.0709234 0.0569541 0.0661307 0.0677412 0.0453023 0.0455352 0.0445193 0.0503166 0.046268 0.0217162 0.0350547 0.0193784 0.0647779 0.0248794 0.0825761 0.0706308 0.0320445 0.0290827 0.0685274 
0.0544699 0.0719347 0.0562226 0.0614168 0.0635786 0.0484802 0.0505004 0.0511937 0.0528024 0.0466182 0.0244996 0.0416124 0.0229494 0.0633335 0.0282522 0.0713768 0.0659384 0.0338141 0.0308775 0.060129 
0.0506188 0.0709759 0.054927 0.0563534 0.0589409 0.0517047 0.0551305 0.0581502 0.0543543 0.0468908 0.0289704 0.0492479 0.0283665 0.0605383 0.0331984 0.0592742 0.0602995 0.0367052 0.0338317 0.0515216 
0.0464366 0.0674544 0.0529641 0.0514576 0.0541349 0.0543899 0.0585019 0.0641595 0.0543561 0.047002 0.0355694 0.0571372 0.0360696 0.056342 0.0399341 0.0473663 0.0540884 0.0409904 0.0382114 0.0434344 
0.042407 0.0614837 0.0503963 0.047215 0.049509 0.0559666 0.0598063 0.0679178 0.0525003 0.0468796 0.0443296 0.0640971 0.046105 0.0510765 0.0482594 0.0368816 0.0479059 0.0466799 0.0439969 0.0365869 
0.0389847 0.0539435 0.0474757 0.0439067 0.045347 0.0561664 0.0587788 0.0686678 0.0490173 0.0465003 0.0546545 0.0690503 0.0579238 0.0454034 0.0574671 0.0287178 0.0423904 0.0534177 0.0507802 0.0314073 
0.0364219 0.0460967 0.0445543 0.041539 0.0417982 0.0551521 0.0558623 0.0665822 0.0446038 0.0459034 0.0654374 0.0715332 0.0704961 0.0400539 0.0665515 0.0231118 0.0379751 0.0605751 0.0578665 0.0278855 
0.0347138 0.0390323 0.0419389 0.03992 0.0388778 0.0533827 0.0519458 0.0625874 0.0400817 0.0451744 0.0754929 0.0718447 0.0827032 0.0355436 0.0745994 0.0196948 0.0347699 0.0674953 0.0645255 0.0256763 
0.0336828 0.0333323 0.0397958 0.0388027 0.036512 0.0513536 0.0479229 0.0578343 0.0360651 0.0444143 0.0839735 0.0707701 0.0937168 0.0320582 0.0810728 0.0178234 0.0326231 0.0737053 0.0702076 0.0243339 
0.0666245 0.0582732 0.0535038 0.0654089 0.0577676 0.0400228 0.0513926 0.0388907 0.0565349 0.0467105 0.019014 0.0366306 0.0195669 0.0721692 0.0204316 0.105067 0.0719656 0.032406 0.0274637 0.060156 
0.0631292 0.0599477 0.0523562 0.061736 0.0547064 0.0421848 0.0575959 0.0442169 0.0599994 0.0470451 0.0204619 0.0438611 0.0229548 0.0707627 0.0225902 0.0922173 0.0680397 0.0339656 0.0285486 0.0536807 
0.0586477 0.0605344 0.0507328 0.0575775 0.0512264 0.0446394 0.0638747 0.0501858 0.0626946 0.0473672 0.0229476 0.0527145 0.0282633 0.0679138 0.0258313 0.0776703 0.063147 0.0366726 0.0304878 0.0468716 
0.0535025 0.0593065 0.0485802 0.0533223 0.0475051 0.0470525 0.0691523 0.0559356 0.0638114 0.0476179 0.0268719 0.06248 0.0361419 0.0634387 0.0304124 0.062606 0.0575167 0.0409501 0.0335815 0.0402148 
0.0482358 0.0559432 0.0459642 0.0494063 0.0437856 0.0489959 0.0722382 0.0603329 0.0627372 0.0477281 0.0324656 0.0718564 0.0469459 0.0575391 0.036366 0.0485595 0.0516193 0.0470226 0.0379738 0.0342846 
0.0434624 0.0507572 0.0430891 0.0461557 0.0403038 0.0501249 0.0723662 0.0624332 0.0594177 0.0476456 0.0395642 0.0793457 0.0603964 0.0508449 0.0433509 0.0369236 0.0460643 0.0547135 0.0435066 0.0295344 
0.0396395 0.0446029 0.040241 0.0436801 0.0372191 0.0503425 0.0696292 0.0619554 0.0544644 0.0473594 0.0475446 0.0839199 0.0754957 0.044207 0.0506859 0.0284125 0.0413784 0.0634094 0.0497008 0.0261127 
0.0369176 0.0384806 0.0376815 0.0418847 0.0345933 0.0498144 0.0649201 0.0593841 0.0488676 0.0469029 0.055535 0.0854679 0.0908462 0.0383578 0.0575953 0.0229003 0.0378202 0.0722665 0.0559093 0.023855 
0.0351705 0.0331352 0.0355667 0.0405788 0.0324123 0.0488372 0.059438 0.0556404 0.0435421 0.0463416 0.0627557 0.0846987 0.10516 0.0336821 0.063492 0.0197096 0.0353547 0.0805133 0.0615358 0.0224353 
0.034139 0.0289002 0.0339328 0.0395832 0.0306171 0.0476875 0.054192 0.0516387 0.039044 0.0457516 0.068747 0.0826807 0.117604 0.0302163 0.0681098 0.01804 0.0337644 0.0876448 0.0661723 0.0215348 
0.0751968 0.046884 0.0503297 0.0633742 0.0484169 0.0360198 0.056261 0.0344568 0.0618586 0.0469185 0.0171527 0.0376711 0.0197133 0.0786695 0.0172442 0.128152 0.0710628 0.0321992 0.026251 0.0521686 
0.0716193 0.0486646 0.0489041 0.0606679 0.0462136 0.0372525 0.0633713 0.0384827 0.0661527 0.0471846 0.0177588 0.0451453 0.0227673 0.0774037 0.0186017 0.114401 0.0679173 0.0334806 0.0267984 0.0472137 
0.0667883 0.0500727 0.0470429 0.0574574 0.0437065 0.0388303 0.0710353 0.0432741 0.0699492 0.047477 0.0189451 0.0546837 0.0276726 0.0747038 0.0206573 0.0981064 0.0638947 0.0358409 0.0279351 0.0419274 
0.0609539 0.0504313 0.0447249 0.0539879 0.0409668 0.0406237 0.0781688 0.0482985 0.0723253 0.0477663 0.0210125 0.0658047 0.0352163 0.0702613 0.0236258 0.0803969 0.0590986 0.0398025 0.0299352 0.0365989 
0.0546458 0.0492116 0.0420292 0.0505964 0.0381332 0.0423979 0.0833332 0.0526982 0.0723968 0.0480052 0.0242259 0.0772905 0.0460419 0.0641097 0.0276281 0.0629665 0.0538472 0.0457916 0.0330124 0.031639 
0.048577 0.0462902 0.0391452 0.0475952 0.0353676 0.0438819 0.08526 0.05556 0.0697515 0.048143 0.0286517 0.0874053 0.0602444 0.0567578 0.0325593 0.047642 0.0486467 0.0538839 0.0371887 0.0274489 
0.0434015 0.0420579 0.0363244 0.0451561 0.0328056 0.0448807 0.0835018 0.0563376 0.0647498 0.0481414 0.034035 0.0945715 0.0770821 0.0490787 0.0380372 0.0357113 0.0440326 0.0636325 0.0422091 0.0242537 
0.0394767 0.0372495 0.0337952 0.0432754 0.0305279 0.0453473 0.0786853 0.0551157 0.0583988 0.0479887 0.0398442 0.0980849 0.0951002 0.0419765 0.0435065 0.0274901 0.0403676 0.0741517 0.0475902 0.0220278 
0.0368011 0.0326074 0.0316974 0.0418345 0.0285643 0.0453634 0.0721424 0.0525043 0.0518684 0.0477027 0.0454793 0.098326 0.112641 0.036059 0.0484477 0.0224415 0.0377408 0.0844295 0.0527837 0.0205653 
0.0351351 0.0286255 0.0300685 0.0406928 0.0269089 0.0450655 0.065262 0.0492905 0.046033 0.0473246 0.0504907 0.0963878 0.12838 0.0315283 0.0525423 0.0196496 0.0360157 0.0936457 0.0573391 0.0196145 
0.0792091 0.0392397 0.0460491 0.0586433 0.0389888 0.0337664 0.0674765 0.034163 0.0708158 0.0471378 0.0160563 0.0455216 0.0224811 0.0827317 0.0160116 0.135837 0.0660266 0.0325633 0.0255872 0.0416941 
0.0743305 0.0409122 0.0440858 0.0562833 0.0372092 0.0345713 0.0760632 0.0378403 0.0755099 0.047349 0.0164735 0.0551641 0.0267918 0.0803174 0.0173281 0.11874 0.0628378 0.0344952 0.0261439 0.0375537 
0.0681608 0.0421627 0.0416978 0.0536088 0.0352565 0.0356623 0.0846929 0.0419708 0.0790915 0.0475952 0.01739 0.0669372 0.0336109 0.0761706 0.0192296 0.0992894 0.0589447 0.0379274 0.0273131 0.0332882 
0.0611534 0.0424366 0.0389646 0.0508387 0.0331844 0.036968 0.0918655 0.0459698 0.0804944 0.0478558 0.0190317 0.0798741 0.0437839 0.0701522 0.0218387 0.0791529 0.0545254 0.0434259 0.0293141 0.0291701 
0.0540357 0.0413619 0.0360673 0.0482244 0.0310798 0.0383508 0.0959441 0.0490766 0.0789557 0.0480998 0.0215492 0.0922455 0.0577801 0.0625858 0.0251635 0.0604253 0.0499491 0.0513191 0.0322653 0.0255207 
0.0476014 0.0389406 0.0332436 0.0459521 0.0290314 0.0396451 0.0958861 0.0506585 0.0744661 0.0482901 0.0249044 0.102095 0.0752687 0.054261 0.0290274 0.0449395 0.0456895 0.0614306 0.036086 0.0225825 
0.0424215 0.0355697 0.0307089 0.044083 0.0271115 0.0407131 0.0918099 0.0505176 0.0678629 0.0483914 0.0288325 0.108086 0.0949976 0.0461647 0.033087 0.0335934 0.0421512 0.0730056 0.040472 0.0204203 
0.0386784 0.0318489 0.0285957 0.0425702 0.0253715 0.0414792 0.0849112 0.0489574 0.0604411 0.0483816 0.0329342 0.110049 0.115156 0.0391057 0.0369503 0.0261966 0.0395256 0.084934 0.0449839 0.0189296 
0.0362178 0.0283214 0.0269419 0.0413233 0.023845 0.0419299 0.0768226 0.0465757 0.0533807 0.0482599 0.0368379 0.108865 0.133993 0.0334893 0.0403169 0.0218655 0.0377713 0.0961261 0.0491905 0.0179264 
0.0347236 0.0253219 0.0257172 0.0402667 0.0225476 0.0420944 0.0689565 0.043981 0.0473982 0.0480464 0.0403159 0.105896 0.150275 0.029336 0.0430534 0.0195652 0.0366977 0.105793 0.0527751 0.0172397 
0.0855155 0.0320534 0.0438317 0.0561712 0.0333761 0.0314981 0.0700214 0.0311235 0.07396 0.0470196 0.0150328 0.0452285 0.0221927 0.0866686 0.0144324 0.15496 0.0631125 0.0314655 0.0248136 0.0375235 
0.0808451 0.0336495 0.0418847 0.054478 0.0320866 0.0317278 0.0790164 0.0338775 0.0792546 0.0471305 0.0150328 0.0544927 0.0258428 0.0845845 0.0153261 0.13802 0.0606165 0.0329703 0.0249803 0.0341838 
0.0746803 0.0352626 0.0395332 0.0525013 0.0307028 0.0322082 0.0886134 0.0371558 0.0838276 0.047289 0.0152964 0.0662358 0.0317368 0.0808888 0.0165868 0.117883 0.0575488 0.0357904 0.0255677 0.0306915 
0.0673599 0.0364147 0.0368393 0.0503498 0.0292215 0.032971 0.0974224 0.0405906 0.0865445 0.0474958 0.0159972 0.0798317 0.0408141 0.0752954 0.018305 0.0960265 0.0539791 0.0405516 0.0267721 0.0272179 
0.0595481 0.0366495 0.0339657 0.0481904 0.0276679 0.0340003 0.103644 0.043606 0.0863715 0.0477437 0.0172957 0.0937763 0.0538342 0.0679189 0.0205219 0.0745953 0.0501409 0.047775 0.0287474 0.0240074 
0.0520951 0.0357149 0.0311394 0.0461825 0.0260799 0.0352194 0.105735 0.0456 0.0828895 0.0480139 0.0192559 0.105991 0.0709153 0.0593801 0.0231729 0.0558206 0.0464057 0.0575786 0.0315212 0.0212893 
0.0457477 0.0336946 0.0285761 0.0444164 0.0245007 0.0365012 0.103181 0.046218 0.0766061 0.0482722 0.0217823 0.114622 0.0912068 0.050644 0.0260688 0.0412132 0.0431614 0.0694691 0.0349384 0.0191807 
0.040897 0.0309682 0.0264154 0.0429004 0.0229804 0.0377001 0.0967658 0.0455157 0.0687588 0.048476 0.0246397 0.118847 0.113009 0.0426572 0.0289474 0.0311052 0.0406637 0.0824121 0.038686 0.0176546 
0.0375331 0.0280246 0.024703 0.0415948 0.0215736 0.0386916 0.0881329 0.0438883 0.0607431 0.04859 0.0275507 0.119099 0.134327 0.0360311 0.0315676 0.0248365 0.0389613 0.0951699 0.0423937 0.0165885 
0.0353874 0.0252705 0.0234155 0.0404573 0.0203302 0.0394011 0.079013 0.0418504 0.0535926 0.0485985 0.0303027 0.116648 0.153481 0.0309543 0.0337867 0.0213164 0.0379306 0.106679 0.045743 0.0158425 
0.0862018 0.0282747 0.0403392 0.0524414 0.0283009 0.0299579 0.080323 0.0311377 0.0814196 0.0469307 0.0142264 0.0531089 0.0249851 0.0876745 0.0141654 0.154961 0.0579025 0.031522 0.0242781 0.0318496 
0.0803138 0.0299146 0.0381036 0.0510054 0.0272913 0.029989 0.0903383 0.0336989 0.0866809 0.0469903 0.0141437 0.0642929 0.0299258 0.0844709 0.0150665 0.135141 0.055502 0.0337541 0.0244803 0.0288969 
0.0730299 0.0314761 0.0355219 0.0493938 0.0262299 0.0302742 0.100253 0.0365639 0.0905289 0.0471078 0.0143162 0.077816 0.0377221 0.0794619 0.0162582 0.11264 0.0526852 0.0377021 0.0251313 0.0258874 
0.0648984 0.0325239 0.0327255 0.0476899 0.0251 0.0308777 0.108312 0.0393227 0.0917776 0.0472953 0.0148885 0.0925375 0.0493043 0.0725667 0.0177777 0.089449 0.0495716 0.0439922 0.0263875 0.023002 
0.0567427 0.0326843 0.0299216 0.0460007 0.0238962 0.0318145 0.112663 0.0414599 0.0896445 0.0475555 0.0159635 0.10651 0.0651764 0.0641908 0.019607 0.0679807 0.0464198 0.0529917 0.0283332 0.0204448 
0.0494181 0.031807 0.0273278 0.044412 0.0226258 0.0330216 0.112177 0.0425608 0.0842129 0.0478709 0.0175405 0.117592 0.0849743 0.0551825 0.021649 0.0502684 0.0435599 0.0645214 0.0309177 0.0183602 
0.0435122 0.0300385 0.0250999 0.0429615 0.0213192 0.0343603 0.107043 0.0425061 0.0764802 0.0481986 0.0194972 0.124347 0.107334 0.0465395 0.0237426 0.0372622 0.0412684 0.0777681 0.033942 0.0167792 
0.0391986 0.0277408 0.0233018 0.0416497 0.0200325 0.0356557 0.0986404 0.0415065 0.0679035 0.0484844 0.0216385 0.126599 0.130256 0.0390472 0.025715 0.0287159 0.0396657 0.0915027 0.0371129 0.0156335 
0.0363089 0.0253208 0.021923 0.0404676 0.0188355 0.0367531 0.0888402 0.0399642 0.0597887 0.0486838 0.0237804 0.125301 0.151742 0.0330843 0.0274416 0.0236415 0.0387 0.104474 0.0401362 0.0148132 
0.0345137 0.0230948 0.0209146 0.0394186 0.0177902 0.0375601 0.0792855 0.0382889 0.0529277 0.0487742 0.0258088 0.121946 0.170305 0.0286565 0.0288789 0.0208903 0.0382078 0.115728 0.0427895 0.0142204 
