20 hexa 10 10 gaussian
#SNAPSHOT FILE
#iterations: 36000 (200000 total)
0.0268967 0.0858339 0.051141 0.0932081 0.125587 0.0339047 0.0154657 0.0243781 0.0237223 0.0394275 0.0216953 0.0185739 0.0156038 0.0287008 0.0366929 0.0270241 0.0585742 0.0210936 0.0333248 0.219154 
0.0262008 0.123435 0.0548041 0.0793844 0.112822 0.0377909 0.0186077 0.0278863 0.0253803 0.0393672 0.021974 0.021723 0.0168459 0.0361091 0.0378826 0.0272318 0.0584429 0.0217461 0.0315534 0.180815 
0.0252798 0.168569 0.0594399 0.0613669 0.0950082 0.0468239 0.0225499 0.0366883 0.0274441 0.0385021 0.0227027 0.0261003 0.0191022 0.0450794 0.0389436 0.0269465 0.0565225 0.022453 0.0293453 0.131133 
0.0244373 0.198294 0.0641117 0.0439135 0.0779967 0.0649214 0.0253182 0.0535266 0.0286998 0.0375227 0.025785 0.0298852 0.0220634 0.0509911 0.0402573 0.0261257 0.051999 0.0230829 0.0274687 0.0836003 
0.0241397 0.191801 0.0672521 0.0318322 0.0683043 0.0916846 0.0251121 0.0762969 0.0279699 0.0375124 0.0354683 0.0311006 0.0247154 0.0499445 0.043464 0.0250469 0.0451823 0.0238133 0.0271855 0.0521734 
0.024529 0.15303 0.0676451 0.0254522 0.0663379 0.116817 0.0225124 0.0962878 0.0252915 0.0384055 0.0588508 0.0298894 0.0262489 0.043448 0.051444 0.0237766 0.037685 0.0247906 0.0297735 0.0377879 
0.0252071 0.103805 0.0652496 0.022678 0.0674673 0.123901 0.0198868 0.102567 0.0218256 0.0389239 0.101779 0.0280435 0.0266875 0.0364682 0.0673559 0.0218556 0.0312959 0.0256347 0.0362148 0.0331554 
0.0255045 0.0645494 0.0616078 0.0221194 0.0672652 0.106984 0.0189352 0.0916242 0.0188256 0.0381312 0.157458 0.0268988 0.0266582 0.0324846 0.0911833 0.0190446 0.0268627 0.025934 0.0459702 0.0319599 
0.025187 0.0422259 0.0586857 0.0230305 0.0648617 0.0797604 0.0192825 0.0721124 0.0167337 0.0364725 0.206055 0.0264149 0.0266702 0.0313428 0.117273 0.0160492 0.0241411 0.0258385 0.0564157 0.0314486 
0.0246137 0.032237 0.0571325 0.0245565 0.061648 0.0577779 0.0197985 0.0544963 0.0153165 0.0348463 0.235259 0.0260853 0.0268486 0.0312491 0.139856 0.0137193 0.0224976 0.0256978 0.0653359 0.0310321 
0.0329736 0.0902565 0.0585647 0.091036 0.131087 0.0340648 0.0181477 0.0240862 0.0251618 0.0421967 0.0206368 0.0185011 0.0162799 0.0355846 0.0382603 0.0297462 0.0709163 0.0238104 0.0331419 0.165548 
0.0313386 0.126241 0.0628232 0.0752609 0.113272 0.039214 0.0218212 0.0319085 0.0291053 0.0416745 0.02121 0.0219547 0.0178811 0.0453765 0.0384921 0.0295597 0.0666461 0.024168 0.0307139 0.131341 
0.0291558 0.161434 0.067432 0.0565687 0.0915243 0.0504228 0.0255915 0.0489322 0.0334495 0.0404268 0.0227277 0.0263463 0.0206497 0.0544179 0.0388317 0.0284827 0.0595518 0.0243738 0.027972 0.0917093 
0.0272222 0.173329 0.0708892 0.0406036 0.0739443 0.0699114 0.0271672 0.0758119 0.0357372 0.0396494 0.0274819 0.0297409 0.0240388 0.0566653 0.0407263 0.0266105 0.0504979 0.0245996 0.0262857 0.059089 
0.0263177 0.152857 0.0716892 0.0308917 0.0657694 0.0931803 0.0256858 0.104213 0.0343917 0.0400922 0.0401051 0.0308432 0.0268362 0.0506752 0.0466965 0.0245278 0.041356 0.0254164 0.0275307 0.0409237 
0.0264263 0.113498 0.0693662 0.0263148 0.0646545 0.108211 0.0228434 0.120005 0.030151 0.0409265 0.066787 0.0303092 0.0283224 0.041412 0.0600161 0.0224692 0.0337924 0.0269844 0.033588 0.0339225 
0.0268777 0.074675 0.0648447 0.024643 0.0652575 0.10427 0.0208674 0.113556 0.0249611 0.0408083 0.108945 0.0294058 0.0287551 0.0344671 0.0830278 0.02012 0.028461 0.0287417 0.0454689 0.0318482 
0.0269913 0.0481643 0.0602165 0.0247039 0.0643243 0.0844427 0.0204175 0.0899941 0.0205575 0.0393878 0.154602 0.0286424 0.0288688 0.0316298 0.112403 0.0174596 0.0250942 0.0300665 0.0609759 0.0310579 
0.0266948 0.0347162 0.0570947 0.0257406 0.0618832 0.062923 0.0206423 0.064597 0.0176009 0.037436 0.187263 0.0279433 0.0291127 0.0312581 0.140053 0.0150742 0.0230589 0.0308398 0.07558 0.030488 
0.0263051 0.0291623 0.0555331 0.0270343 0.0590445 0.0482981 0.0207633 0.0464231 0.0158284 0.035651 0.202735 0.0272644 0.0295456 0.0313621 0.161496 0.0133626 0.0218271 0.0313377 0.0869944 0.0300321 
0.0460025 0.0636647 0.0627602 0.0990697 0.139964 0.0315764 0.0191715 0.0199669 0.0253549 0.0450403 0.0189496 0.016261 0.0161221 0.0389416 0.0377824 0.0350062 0.0896375 0.0274441 0.0343476 0.132939 
0.0435704 0.0863215 0.0659766 0.0872158 0.125048 0.0344693 0.0225101 0.0262092 0.0311892 0.0453025 0.0195175 0.0185073 0.0170438 0.0497291 0.0371817 0.0346455 0.0828834 0.0274453 0.03197 0.113264 
0.0396256 0.114932 0.0694806 0.0706391 0.103427 0.0404672 0.0269248 0.0411858 0.0395769 0.0445327 0.0204156 0.0225146 0.0190893 0.0621462 0.0363801 0.0330741 0.072205 0.027204 0.0288213 0.087359 
0.0349115 0.135566 0.0723238 0.0528752 0.0807927 0.0521377 0.0304757 0.068898 0.0473743 0.043357 0.0225763 0.0275468 0.022567 0.069 0.0367456 0.0299563 0.0590474 0.0268074 0.0258988 0.0611449 
0.0311431 0.133121 0.0731744 0.0394547 0.0657125 0.0691884 0.0308995 0.104269 0.0498907 0.0430135 0.0283799 0.0317156 0.0265752 0.0645157 0.0406836 0.0261413 0.046504 0.0271348 0.0254287 0.0430552 
0.0292598 0.109485 0.0712976 0.0321784 0.0603278 0.0851676 0.02847 0.13185 0.0458348 0.0436239 0.0420518 0.0339307 0.0297064 0.0521746 0.0510143 0.0228517 0.0368591 0.0292178 0.0300257 0.0346724 
0.0288356 0.0785639 0.066906 0.0290701 0.0602172 0.0907343 0.0254118 0.136122 0.0377541 0.0440609 0.0676434 0.0344471 0.0314649 0.0400404 0.0708499 0.0203469 0.030473 0.0330925 0.042174 0.0317927 
0.0289149 0.0525336 0.0613394 0.0280767 0.0605878 0.0818502 0.0234045 0.11424 0.0291627 0.0432586 0.102267 0.0337508 0.0323915 0.0329956 0.100278 0.0181924 0.0266105 0.0376144 0.0618712 0.0306632 
0.0288431 0.0367357 0.0566835 0.0281926 0.0595059 0.0654912 0.0225537 0.0813565 0.0226671 0.0412266 0.133223 0.0322993 0.0331645 0.0308091 0.131936 0.0162182 0.024334 0.0412216 0.0836827 0.0298582 
0.0285825 0.0295213 0.0539122 0.0288233 0.0574054 0.0515724 0.0221471 0.0546367 0.0188246 0.0387968 0.151083 0.0307137 0.0339996 0.030742 0.157547 0.0146111 0.0229718 0.0433522 0.101529 0.0292309 
0.0633399 0.0558646 0.0676687 0.0934529 0.121897 0.0318375 0.0246988 0.0210861 0.0335854 0.0480425 0.017846 0.0165715 0.0167543 0.0576182 0.0346813 0.0452665 0.101508 0.0316472 0.0323849 0.0842527 
0.0574871 0.0727307 0.0691187 0.0813671 0.104501 0.0348866 0.0297783 0.0321716 0.0456429 0.0482902 0.0183459 0.0198136 0.0179611 0.0730784 0.0329507 0.0426783 0.088063 0.0310181 0.0293725 0.0707452 
0.049312 0.090355 0.0699296 0.0656572 0.082751 0.0404666 0.0355516 0.0553698 0.0605451 0.0476006 0.0192457 0.0256298 0.0207883 0.0857568 0.0317136 0.0375869 0.0708155 0.0300689 0.0258987 0.0549589 
0.0410751 0.0982114 0.0696954 0.0505753 0.0640596 0.0499729 0.0390464 0.0909775 0.0709404 0.0468178 0.0214573 0.0329874 0.0253247 0.0856804 0.0333105 0.030786 0.0538429 0.0297361 0.0238475 0.0416561 
0.0352713 0.0906192 0.06809 0.0403947 0.0543918 0.0618395 0.0383183 0.127221 0.0704865 0.0468679 0.0271057 0.0394414 0.030232 0.0715761 0.0403016 0.0245983 0.0409881 0.031904 0.0261653 0.0341882 
0.0323059 0.0725737 0.0647837 0.035341 0.0523499 0.0707563 0.0345891 0.14586 0.0602881 0.0475319 0.0393697 0.0432434 0.0342055 0.052715 0.0553051 0.0204429 0.0329967 0.0379429 0.0361758 0.0312235 
0.0311603 0.0525775 0.059857 0.0332076 0.0531665 0.0712559 0.0302593 0.135066 0.0458853 0.0476737 0.0597773 0.0437944 0.0371994 0.0381956 0.0803982 0.0180823 0.0286879 0.0473816 0.0564088 0.0299657 
0.0307357 0.0372725 0.0546958 0.0322031 0.0534849 0.0633347 0.0269186 0.101738 0.0329902 0.0462634 0.0831119 0.0414677 0.0397453 0.0311178 0.111848 0.0166859 0.0265422 0.0572004 0.0836902 0.0289534 
0.0304433 0.0289484 0.051025 0.0316673 0.0525488 0.0532647 0.0248595 0.0673094 0.0246576 0.0434923 0.100327 0.0379263 0.0419766 0.0292706 0.140142 0.0156609 0.025383 0.0640246 0.108994 0.0280807 
0.0301648 0.0255969 0.0490834 0.0314645 0.0509356 0.0459753 0.0235993 0.0444431 0.0203645 0.0403496 0.108525 0.0347976 0.0437966 0.0292823 0.160168 0.014781 0.0246929 0.0674687 0.127022 0.0274903 
0.0882523 0.0362483 0.0667441 0.0923379 0.103278 0.0305899 0.0276639 0.018079 0.0359529 0.0492653 0.0167783 0.0162983 0.0170528 0.0660408 0.0311754 0.0660651 0.114472 0.0352327 0.0316229 0.0568511 
0.0805469 0.0440238 0.0661415 0.0849487 0.0914643 0.0324321 0.0336889 0.02511 0.0496524 0.0501968 0.0168358 0.0189766 0.0177105 0.0824486 0.029149 0.061788 0.100404 0.034316 0.0291019 0.0510656 
0.0691004 0.0541515 0.0643745 0.0738173 0.0751054 0.0347376 0.0419692 0.0407429 0.0697326 0.0503252 0.0169424 0.0250147 0.0196765 0.0994352 0.0269331 0.0537016 0.0816161 0.0329972 0.025889 0.043738 
0.056038 0.0627369 0.0618266 0.0606379 0.0582144 0.0384583 0.0498169 0.0683429 0.0896121 0.0497877 0.0174404 0.0349925 0.0238258 0.106192 0.0263687 0.0423165 0.0618121 0.0320379 0.0230791 0.0364635 
0.0451584 0.0646468 0.0593085 0.0493764 0.0468714 0.0444601 0.0531265 0.103327 0.0981316 0.0495284 0.0191705 0.0467128 0.0297548 0.0953403 0.029806 0.0309901 0.0459497 0.0336941 0.0231174 0.0315297 
0.0382391 0.0586485 0.0568781 0.0425231 0.0428592 0.0515678 0.050521 0.131581 0.0906588 0.0502247 0.0237418 0.0563801 0.0361296 0.072642 0.0392883 0.0227995 0.0359647 0.0407795 0.0293066 0.0292669 
0.0345054 0.0475563 0.0537223 0.0392597 0.0432027 0.0564362 0.0439299 0.137022 0.0719629 0.0513885 0.0330542 0.0608566 0.0424066 0.0498404 0.0570164 0.0183052 0.0309382 0.0548433 0.0454947 0.0282587 
0.0326463 0.0358354 0.0497106 0.0373506 0.044315 0.0562294 0.0364185 0.114668 0.050861 0.0514711 0.0466887 0.0587231 0.0487921 0.0347509 0.0826889 0.016554 0.0291503 0.0734619 0.0723982 0.0272867 
0.0317479 0.0275653 0.0461497 0.0355262 0.0444659 0.0520546 0.0305637 0.0799788 0.0349728 0.0493582 0.0598852 0.0520679 0.0547683 0.0282842 0.109409 0.0161644 0.0287802 0.089759 0.10227 0.0262283 
0.0313052 0.0235834 0.0439786 0.0339332 0.0437103 0.047522 0.0270141 0.0522388 0.0261444 0.0457566 0.0684025 0.0450609 0.0594883 0.026743 0.129899 0.0160274 0.0286805 0.099334 0.125742 0.0254382 
0.102438 0.0281798 0.0611962 0.0810452 0.0700841 0.0317251 0.0377367 0.0216359 0.0507805 0.0504672 0.0163417 0.0198113 0.0183657 0.0857853 0.0255007 0.095336 0.102635 0.0357225 0.0281061 0.0371085 
0.088983 0.0329771 0.0577893 0.074647 0.0602111 0.0327149 0.0486788 0.0304823 0.071559 0.0507813 0.0158485 0.0257272 0.0197474 0.102966 0.0233155 0.0833414 0.0859102 0.0343511 0.0256024 0.0343683 
0.0723994 0.0387095 0.0531531 0.0654911 0.0485139 0.0334984 0.0617302 0.0474791 0.0969783 0.0504845 0.0153944 0.0372695 0.0231652 0.114661 0.0217029 0.0655087 0.0669238 0.0330308 0.0229587 0.0309485 
0.0569961 0.0430512 0.0487575 0.055772 0.0387811 0.0350616 0.0716176 0.0725591 0.115677 0.0501557 0.0154264 0.0539972 0.0290837 0.11088 0.0223981 0.0462267 0.05026 0.0337478 0.0216655 0.0278857 
0.0460399 0.0436879 0.0457414 0.048488 0.0339033 0.0383395 0.0735183 0.0989551 0.117136 0.0507992 0.0166306 0.0717379 0.0369485 0.0912429 0.0269165 0.0309169 0.0389169 0.0399223 0.0241235 0.0260348 
0.0393362 0.0399876 0.0436812 0.0445496 0.0332412 0.0427832 0.0668428 0.114529 0.100822 0.0526868 0.0200326 0.0844787 0.0465414 0.0652063 0.0368335 0.0214701 0.0329022 0.0551774 0.033768 0.0251308 
0.0353639 0.0331656 0.0415299 0.0423105 0.0342412 0.0463937 0.0546551 0.108503 0.0747431 0.0545904 0.0264462 0.0865583 0.0584313 0.0430133 0.0533899 0.0171183 0.031074 0.0802764 0.0538311 0.0243648 
0.0331364 0.0262002 0.0392112 0.0397841 0.0348859 0.0474873 0.0422464 0.0839977 0.0503681 0.0543809 0.0346401 0.077335 0.0716287 0.0299738 0.0737672 0.0162192 0.0316847 0.108258 0.0814095 0.0233861 
0.0320996 0.0217066 0.0374365 0.0368907 0.0346972 0.0465836 0.033651 0.0577072 0.0347456 0.0515233 0.0416565 0.0637747 0.0831992 0.0248636 0.0915465 0.0167347 0.032801 0.128937 0.106955 0.0224931 
0.0317574 0.019741 0.0363943 0.034566 0.034025 0.0452609 0.028905 0.040188 0.0269578 0.0474743 0.046115 0.0525018 0.0917001 0.0236278 0.103713 0.0172325 0.0336219 0.139695 0.12463 0.0218954 
0.115181 0.0206784 0.0555842 0.0716409 0.0489588 0.0320531 0.0411446 0.0212703 0.0496156 0.0503356 0.0168676 0.0218462 0.0196206 0.0819042 0.0220837 0.144539 0.0934513 0.0348174 0.0268783 0.0315318 
0.1022 0.0229439 0.0518509 0.0688846 0.0441893 0.0323958 0.0544024 0.0255625 0.0671167 0.0499392 0.0160631 0.0272438 0.0207087 0.0956412 0.0206058 0.129244 0.0814828 0.0337895 0.0251255 0.0306138 
0.085087 0.02642 0.0464371 0.0638915 0.0378721 0.0320122 0.0727169 0.0343649 0.0918342 0.0492475 0.0150212 0.0389304 0.0235444 0.107944 0.0191617 0.104257 0.0668768 0.0326237 0.0231 0.0286582 
0.0673714 0.0304292 0.0405778 0.05723 0.0315053 0.0313647 0.0908589 0.0487886 0.115828 0.0485989 0.0141742 0.0587748 0.0289792 0.11009 0.0187398 0.0741181 0.0525018 0.0326246 0.0215408 0.0259042 
0.0534665 0.0332807 0.0361311 0.0510892 0.0272937 0.0316676 0.100619 0.066474 0.126751 0.04893 0.0140585 0.0842048 0.0371409 0.0975894 0.0202307 0.0477947 0.0414286 0.0367181 0.0217834 0.023349 
0.0444708 0.0334982 0.0336987 0.0473021 0.0259168 0.0337567 0.0975693 0.0812995 0.118785 0.0508856 0.0151656 0.108131 0.0485064 0.0753489 0.0244185 0.0301009 0.0346659 0.0489803 0.0258538 0.0216458 
0.0388524 0.0306247 0.0324873 0.0453778 0.0262084 0.0372953 0.082965 0.0853207 0.0956716 0.0538953 0.0180341 0.120738 0.0649823 0.0521039 0.032487 0.0204464 0.0319994 0.0731184 0.0367736 0.0206188 
0.0352773 0.0256701 0.0315359 0.0432103 0.0265942 0.0408224 0.0629432 0.0747425 0.0676429 0.055915 0.0226969 0.11452 0.0871499 0.0347167 0.0444639 0.0168157 0.0326787 0.106996 0.055794 0.0198159 
0.0333086 0.0210057 0.0305531 0.0399098 0.0263915 0.0428839 0.0459086 0.0566604 0.0456149 0.0551198 0.0278109 0.0943477 0.110363 0.0253973 0.0569889 0.016815 0.0349031 0.139191 0.0777447 0.0190829 
0.0325917 0.0181756 0.029676 0.0366298 0.025793 0.0434726 0.0355933 0.0414945 0.0330345 0.0520671 0.0318447 0.0732866 0.129123 0.0217768 0.0664312 0.0179443 0.0369763 0.160222 0.0953747 0.0184955 
0.104351 0.0190562 0.0476597 0.0593782 0.031919 0.0328341 0.0577839 0.0242118 0.0599604 0.0488911 0.0171447 0.0290542 0.0218499 0.082114 0.0182005 0.1862 0.070882 0.0317201 0.024651 0.0321394 
0.0901463 0.021238 0.0425619 0.0574375 0.0291582 0.0319074 0.0799036 0.0281287 0.0794699 0.0472679 0.0159169 0.0394362 0.0242764 0.0917024 0.0175138 0.157021 0.0620683 0.0311214 0.0232408 0.0304847 
0.0735967 0.0244973 0.0361942 0.0539619 0.0258817 0.0303719 0.106331 0.0352905 0.102485 0.0458901 0.0145527 0.0594397 0.0291964 0.0963449 0.017259 0.116167 0.0523055 0.0310746 0.0219645 0.0271968 
0.0587642 0.0278306 0.0304814 0.0499231 0.0231696 0.0291576 0.126298 0.0451036 0.11856 0.0456275 0.0137197 0.0893127 0.0370116 0.0904353 0.0177739 0.0753052 0.0434329 0.0334949 0.0214602 0.0231393 
0.0483899 0.0296666 0.0270265 0.0470543 0.0218933 0.0293662 0.130253 0.0547582 0.11905 0.0471662 0.0139547 0.122871 0.0483598 0.0750065 0.0191993 0.0453808 0.0367993 0.0414879 0.0225763 0.0197407 
0.041905 0.0290557 0.0256974 0.0458222 0.0217252 0.0313997 0.116915 0.0603236 0.103997 0.0502534 0.0155301 0.148846 0.0660435 0.0561261 0.0220985 0.0277797 0.0329849 0.0589987 0.0268883 0.0176117 
0.0377153 0.025986 0.0253718 0.0447155 0.0216195 0.0347303 0.0918202 0.058418 0.0798884 0.0535022 0.0185433 0.154028 0.0937513 0.0394627 0.0273155 0.0193154 0.0323483 0.0884142 0.0365155 0.0165398 
0.0350741 0.0216741 0.0250059 0.0421832 0.0209532 0.0379642 0.065298 0.0497291 0.0562003 0.0549464 0.0224443 0.134331 0.129313 0.0281633 0.0342498 0.0169619 0.0343445 0.124176 0.0509537 0.016036 
0.0338444 0.0180321 0.0242649 0.0388021 0.0199709 0.0399442 0.0463281 0.0396743 0.0397853 0.0538965 0.0260227 0.103476 0.163072 0.0222538 0.0404966 0.0177455 0.0372296 0.154081 0.065393 0.0156878 
0.0336947 0.0158875 0.0233725 0.0360948 0.0190611 0.0407436 0.0359478 0.0324011 0.0308423 0.051477 0.0286158 0.0772074 0.188407 0.0197316 0.044587 0.0191934 0.0396935 0.172001 0.0757341 0.01531 
0.097236 0.018064 0.0457168 0.0497854 0.0249378 0.0335565 0.0584081 0.0242315 0.0535709 0.0478897 0.0182789 0.0307282 0.0225894 0.0685607 0.0158982 0.241644 0.0592003 0.0289742 0.0242678 0.0364629 
0.0873781 0.0195019 0.0413958 0.0493715 0.0237746 0.0323035 0.0813137 0.0257662 0.0666592 0.0453799 0.0172581 0.0389654 0.024615 0.0744106 0.0159156 0.213793 0.0550179 0.0289349 0.0232725 0.0349711 
0.0747748 0.0220237 0.0352968 0.0481059 0.0222774 0.0304023 0.113242 0.028981 0.0846462 0.0431483 0.0157773 0.0563306 0.0289938 0.0786215 0.0162921 0.168 0.0500993 0.0292783 0.0223525 0.0313565 
0.0615414 0.0252731 0.0287264 0.0462188 0.0208336 0.0285148 0.143956 0.0340218 0.101127 0.0421384 0.0144549 0.0861452 0.0362832 0.0767561 0.0170344 0.113498 0.0447103 0.0310297 0.0218448 0.0258932 
0.0509028 0.0278097 0.0240183 0.0447282 0.0200513 0.0277117 0.158086 0.0395761 0.107176 0.0431293 0.0140785 0.124858 0.0467816 0.067472 0.0177982 0.0679821 0.0393942 0.0360383 0.0219729 0.020435 
0.0439142 0.0283864 0.0220148 0.0443796 0.0199263 0.028558 0.149681 0.0436688 0.100055 0.045889 0.015023 0.161671 0.0628962 0.0542665 0.0185913 0.0393853 0.034979 0.046951 0.0232008 0.0165618 
0.0395567 0.0266583 0.0217325 0.0443958 0.0197076 0.0308989 0.123667 0.0445874 0.0834058 0.0493464 0.0173095 0.181787 0.0900822 0.0413263 0.0201434 0.0244111 0.0325559 0.0670272 0.02685 0.0145522 
0.0367668 0.0230629 0.0216986 0.0432016 0.0187186 0.033915 0.0903997 0.0416678 0.0633572 0.0520561 0.0206495 0.172896 0.131557 0.0310719 0.0230565 0.0182236 0.0328743 0.0967037 0.0342015 0.0139223 
0.0352205 0.018999 0.0210346 0.0405489 0.0171708 0.036403 0.0618381 0.0364469 0.0462109 0.0529445 0.0241389 0.139665 0.179535 0.0243228 0.026598 0.0173253 0.0352961 0.128494 0.0439312 0.0138783 
0.0348016 0.0159464 0.0198855 0.0378589 0.0157671 0.0377858 0.0440231 0.0315425 0.0350382 0.0522067 0.0268407 0.10245 0.220357 0.0206013 0.0293447 0.0186571 0.038187 0.152373 0.0525492 0.0137848 
0.0804756 0.019129 0.0422039 0.0425062 0.021328 0.0328277 0.0780509 0.0248147 0.0574209 0.043718 0.0182287 0.038114 0.0244045 0.0614175 0.0142518 0.263057 0.0483217 0.0265341 0.0232013 0.0399984 
0.0722182 0.0210081 0.0368554 0.0422306 0.0205422 0.0308026 0.11063 0.0262272 0.0695859 0.0409356 0.016994 0.0514826 0.0280928 0.0640063 0.0151122 0.220098 0.046765 0.0272316 0.0225032 0.0366797 
0.0622242 0.0239024 0.029997 0.0417429 0.0197355 0.0285872 0.149137 0.028843 0.0833483 0.0392415 0.0155064 0.0773532 0.0347009 0.0636571 0.0164108 0.159024 0.0448058 0.0289307 0.0221615 0.0306912 
0.0525768 0.0267725 0.0239231 0.0415292 0.0192959 0.027214 0.175621 0.0321457 0.091846 0.0396571 0.0145964 0.116163 0.0442906 0.0584208 0.0175275 0.0983901 0.0417474 0.032564 0.0222028 0.0235158 
0.045362 0.0281132 0.0206995 0.0420906 0.0193428 0.0273748 0.176413 0.0349449 0.090491 0.0420829 0.0149308 0.159211 0.0580866 0.049738 0.0179378 0.0558796 0.0377453 0.0394552 0.0224802 0.0176225 
0.0407688 0.0273077 0.0199972 0.0430554 0.0193297 0.0289775 0.153715 0.036311 0.0806593 0.0454347 0.016638 0.192134 0.0811284 0.0405535 0.0180431 0.0323827 0.0341179 0.0518395 0.0234797 0.0141254 
0.0379695 0.0245026 0.0201475 0.0431487 0.018474 0.031455 0.118002 0.0357792 0.066201 0.0485463 0.0195553 0.199363 0.120298 0.0326201 0.0187503 0.0212935 0.0324087 0.0722264 0.0264597 0.0128019 
0.0363562 0.0204868 0.019704 0.0416079 0.0166507 0.0338894 0.081823 0.0335479 0.0512616 0.0505782 0.0230957 0.174465 0.174832 0.026501 0.0203928 0.0176029 0.0332428 0.0991442 0.0320185 0.0128014 
0.0357405 0.0167356 0.0184004 0.0393215 0.0146643 0.0355202 0.0553776 0.0306502 0.0394085 0.0512969 0.0262042 0.132111 0.230127 0.0223248 0.0222267 0.0179096 0.0356794 0.124696 0.0385316 0.0130774 
0.0359182 0.0142432 0.0169016 0.0376678 0.0132327 0.0363035 0.0405246 0.0281139 0.0318082 0.0511155 0.0283043 0.0940773 0.271907 0.0198303 0.0234339 0.0194925 0.0382407 0.142121 0.0437167 0.0130499 
