20 hexa 10 10 gaussian
#SNAPSHOT FILE
#iterations: 19000 (40000 total)
0.0348785 0.106894 0.0638557 0.072909 0.110482 0.0547622 0.0213144 0.0461948 0.027997 0.041584 0.0252261 0.0212004 0.0136563 0.0407402 0.0354821 0.0408476 0.0625758 0.0247404 0.0314205 0.123239 
0.0343223 0.107079 0.0659485 0.067732 0.105059 0.0598444 0.0223932 0.0533751 0.0284708 0.04193 0.0290321 0.0228704 0.0148554 0.0411716 0.0396929 0.0376415 0.0591683 0.0252851 0.0331743 0.110955 
0.0336135 0.105221 0.0678943 0.0616993 0.0982988 0.0653099 0.0235303 0.0616695 0.0288125 0.0422117 0.0351985 0.0249235 0.0165661 0.0412942 0.0459148 0.0340399 0.0549309 0.0261306 0.0359346 0.0968066 
0.0327628 0.100411 0.069173 0.0552009 0.0905205 0.0702853 0.0245594 0.0700762 0.0288609 0.0423192 0.0446426 0.0272758 0.0189256 0.0409296 0.0546874 0.0301618 0.0499781 0.0273999 0.0400539 0.0817767 
0.0318251 0.0923327 0.069282 0.0488025 0.0822554 0.0736597 0.0252934 0.0770842 0.028473 0.0421482 0.0579551 0.029732 0.0220103 0.0399778 0.0661701 0.0262745 0.0446368 0.0291606 0.0456963 0.0672309 
0.0308939 0.0816089 0.0679797 0.0431187 0.0741634 0.074533 0.0255972 0.0811893 0.0275962 0.0416559 0.0748514 0.0320074 0.0257613 0.0384849 0.0798042 0.0227387 0.0394129 0.0313628 0.0526464 0.0545938 
0.0300722 0.0696944 0.065453 0.0385994 0.0668528 0.0727091 0.0254652 0.0816312 0.0263198 0.0408957 0.0939293 0.0338323 0.0299581 0.0366552 0.0942951 0.0198645 0.0348205 0.0338332 0.0602892 0.0448301 
0.0294309 0.058263 0.0622361 0.035378 0.0606981 0.0688153 0.0250348 0.0787656 0.0248484 0.0399956 0.113076 0.0350771 0.0342901 0.0347703 0.108067 0.0177787 0.031182 0.0363539 0.0678325 0.0381069 
0.0289885 0.0485273 0.0589397 0.0332941 0.0557813 0.0639274 0.0245145 0.0737652 0.0234096 0.0390975 0.130288 0.0357962 0.0384842 0.0330688 0.119872 0.0164081 0.0285507 0.0387648 0.074612 0.0339101 
0.0287219 0.0409641 0.0560047 0.0320501 0.0519619 0.0590487 0.0240915 0.0679793 0.0221701 0.0383084 0.144279 0.036175 0.0423963 0.031675 0.1291 0.0155689 0.0267819 0.041015 0.0802557 0.0314531 
0.0388571 0.100648 0.063879 0.0704708 0.100771 0.0547379 0.0253984 0.048326 0.0317555 0.042633 0.0257057 0.0237966 0.0148615 0.045491 0.0346034 0.0470826 0.0643376 0.0266926 0.0315776 0.108376 
0.0379042 0.100301 0.0654508 0.0650214 0.0950516 0.0596952 0.0271101 0.0558963 0.0325478 0.0429784 0.0300591 0.0263383 0.0165777 0.0455637 0.0392907 0.0425537 0.0603573 0.0275075 0.033678 0.0961181 
0.0367016 0.0975965 0.0666068 0.0589146 0.0882491 0.0647032 0.0288066 0.0641638 0.0330569 0.0432204 0.0369631 0.0293736 0.0190516 0.045075 0.0461072 0.0375362 0.0555161 0.0287739 0.0369447 0.0826393 
0.0353098 0.0918621 0.0668807 0.0526338 0.0807643 0.068833 0.0302053 0.0718949 0.0330464 0.043243 0.0471803 0.0326942 0.0224592 0.0438739 0.0554424 0.032324 0.0500337 0.0306262 0.0416804 0.0690128 
0.0338564 0.0831647 0.0659407 0.0467753 0.0731592 0.0710967 0.0310243 0.0775453 0.0323499 0.0429592 0.0609446 0.035928 0.0268486 0.041962 0.0671752 0.0273746 0.0443549 0.0330917 0.0479106 0.0565383 
0.0325059 0.0724797 0.0637899 0.0418689 0.0660266 0.070918 0.0311161 0.0799136 0.0309757 0.0423631 0.0775303 0.0386439 0.0320489 0.039542 0.0804553 0.0231624 0.0390455 0.0360354 0.0552456 0.0463333 
0.0313965 0.0613536 0.0608013 0.0381875 0.0598147 0.0684652 0.0305607 0.0787569 0.0291344 0.0415418 0.0952853 0.0405418 0.0376859 0.0369595 0.0938912 0.019977 0.0345802 0.0391987 0.0629637 0.0389043 
0.03059 0.0512334 0.0575342 0.0356889 0.0547179 0.0645384 0.029625 0.0748488 0.0271471 0.0406339 0.112229 0.0415853 0.0433252 0.0345566 0.106089 0.0178248 0.031177 0.0423206 0.0702891 0.0340456 
0.0300698 0.0429645 0.0544793 0.0341234 0.0506932 0.0601211 0.0286246 0.0694747 0.0253035 0.0397705 0.126778 0.0419775 0.0486397 0.0325489 0.11613 0.0165001 0.0287903 0.0452433 0.0766522 0.0311154 
0.0297751 0.0367312 0.0519119 0.033195 0.0475525 0.0559798 0.0278038 0.0638445 0.02378 0.0390408 0.138098 0.0420384 0.0534919 0.0309993 0.123684 0.0157322 0.0272219 0.0479384 0.0817708 0.0294102 
0.0448651 0.0916806 0.0616842 0.0723007 0.0938646 0.0497253 0.029077 0.0435591 0.0357692 0.0433999 0.0230235 0.0248307 0.0149994 0.0510592 0.0298601 0.060407 0.0691327 0.0281697 0.0301505 0.102442 
0.0436776 0.0923684 0.0627214 0.0675966 0.0892409 0.0538646 0.0314641 0.0501064 0.0371096 0.0437642 0.0259338 0.0278708 0.0166959 0.0511033 0.0332417 0.0548166 0.065534 0.0289539 0.0316859 0.0922505 
0.0420936 0.0914199 0.0635107 0.0621014 0.0835731 0.0584029 0.0340106 0.0576998 0.0382334 0.0440936 0.0306857 0.0316546 0.0192351 0.050516 0.0382799 0.0484149 0.0609958 0.0302074 0.0341528 0.080719 
0.0401633 0.0879927 0.0636758 0.0561973 0.0771309 0.0626778 0.0363574 0.0654645 0.0388115 0.0442824 0.0380172 0.0360044 0.0228991 0.0490844 0.0454433 0.0415114 0.0556312 0.0321315 0.0379107 0.0686136 
0.0380364 0.0817112 0.0628817 0.0504202 0.0703479 0.065815 0.0380598 0.0720481 0.0385366 0.0442212 0.0484422 0.0404984 0.0278804 0.0467439 0.0549142 0.0346549 0.0497762 0.0348522 0.0431675 0.0569919 
0.0359436 0.0729901 0.0610164 0.0453248 0.0637431 0.0670623 0.0387515 0.0760638 0.0372722 0.0438506 0.061817 0.0445358 0.0341318 0.0436641 0.0662978 0.0285139 0.0439685 0.0383198 0.0497883 0.046945 
0.0341203 0.0629974 0.0582912 0.0412927 0.0577772 0.0661845 0.0383413 0.0767514 0.0351626 0.0432003 0.0771071 0.0475655 0.0412884 0.0402336 0.0785709 0.0236216 0.038778 0.0422811 0.0572384 0.0391966 
0.0327154 0.0531711 0.0551578 0.0384125 0.0527243 0.0635898 0.0370741 0.0743518 0.0325889 0.0423771 0.0926571 0.0493426 0.0487714 0.0369111 0.0904171 0.0201618 0.034591 0.0463786 0.0647554 0.0338517 
0.0317526 0.0446277 0.0520943 0.0365178 0.0486364 0.0600723 0.0353923 0.0698802 0.0299904 0.0415148 0.106821 0.050005 0.0560165 0.0340448 0.10073 0.0179666 0.0315081 0.0503065 0.0716302 0.0304935 
0.0311628 0.0378755 0.0494281 0.0353324 0.0454028 0.0564128 0.0337257 0.0645649 0.0276954 0.0407267 0.118483 0.0499456 0.062659 0.031786 0.108908 0.0166885 0.0294016 0.053906 0.077395 0.0285004 
0.050926 0.0819426 0.0597662 0.0690387 0.0810017 0.0482111 0.0364338 0.0445959 0.0423648 0.0445242 0.022659 0.029442 0.016916 0.0577412 0.027839 0.0712556 0.0697662 0.0302656 0.0299284 0.0853824 
0.0489906 0.0822499 0.0600433 0.0643425 0.0765061 0.0519225 0.0399396 0.0511371 0.0442231 0.0448818 0.0257037 0.0339459 0.0194467 0.0571032 0.0313707 0.0633794 0.0657045 0.0314745 0.0316846 0.0759501 
0.0465047 0.0808031 0.0598822 0.0590645 0.0712525 0.0557898 0.0434588 0.0583179 0.0455874 0.0451805 0.0305828 0.039369 0.0232448 0.0555062 0.0365458 0.0545495 0.0607225 0.0334132 0.0344825 0.0657424 
0.0436164 0.0769682 0.059004 0.0536468 0.0655375 0.0591713 0.0464093 0.0651122 0.0460064 0.0453136 0.0378698 0.0453096 0.0286634 0.0528007 0.0436885 0.0453788 0.0550309 0.0363149 0.038627 0.0555307 
0.0406075 0.0706635 0.0572593 0.048615 0.0597671 0.0613512 0.0481698 0.0702082 0.0451503 0.0451902 0.0477888 0.051046 0.0358463 0.0490848 0.0527558 0.0367266 0.04907 0.0402595 0.0441983 0.0462426 
0.0378225 0.0625413 0.0547428 0.0444114 0.0543565 0.0618613 0.0483591 0.072543 0.0430057 0.0447829 0.0598918 0.0557457 0.044546 0.0447458 0.0631529 0.0294311 0.0434188 0.0450704 0.0509091 0.038662 
0.0355406 0.0537764 0.051784 0.0412423 0.04961 0.0607307 0.0470545 0.0718346 0.0399333 0.0441463 0.0730398 0.05883 0.0541207 0.0403441 0.0738397 0.0239748 0.0385876 0.0503427 0.0581386 0.0331296 
0.033879 0.0455594 0.0487997 0.039048 0.0456543 0.0584424 0.0447474 0.0686715 0.0365047 0.0433891 0.0857948 0.0602242 0.0637629 0.0363878 0.0837147 0.0203419 0.0348398 0.0556091 0.0651505 0.0294791 
0.0327939 0.0386656 0.0461247 0.0376052 0.0424575 0.0556478 0.0420763 0.0641221 0.0332487 0.0426285 0.0969451 0.0603103 0.0727971 0.0331687 0.0919932 0.0181574 0.0321652 0.0605171 0.0713356 0.0272401 
0.0321544 0.0333498 0.0439274 0.0366636 0.0398928 0.0528858 0.0395718 0.0592389 0.0304945 0.041955 0.105806 0.0596849 0.0808445 0.0307438 0.0983376 0.0169426 0.0303779 0.0649002 0.0763259 0.0259026 
0.0592687 0.0700651 0.0566767 0.0690887 0.0710705 0.0431291 0.0416537 0.039656 0.0479484 0.0451985 0.0201146 0.0309297 0.0172206 0.0649834 0.0232246 0.0913725 0.0723715 0.0312282 0.0284185 0.0763816 
0.0570839 0.0710822 0.0564154 0.0653021 0.0676521 0.0458505 0.0461028 0.0449642 0.0505838 0.0455244 0.0218934 0.0360118 0.0196518 0.0643525 0.0255737 0.0821886 0.0689027 0.0323452 0.0295769 0.0689423 
0.0541199 0.0710893 0.055824 0.0608434 0.063585 0.048934 0.0508727 0.0511337 0.0528613 0.0458582 0.0248682 0.0423827 0.0234163 0.0626908 0.0290987 0.071468 0.064517 0.034209 0.0315108 0.0607175 
0.0504953 0.0693806 0.0546995 0.0560376 0.059039 0.0519932 0.0553117 0.0574877 0.0542114 0.046118 0.029531 0.0497379 0.0290124 0.0597583 0.034135 0.059839 0.0593121 0.0371494 0.0345415 0.0522099 
0.0465086 0.0655433 0.0529103 0.0513348 0.054292 0.0544897 0.0585744 0.0629656 0.0540978 0.0462083 0.0362493 0.0573381 0.0368077 0.055547 0.0408349 0.0483023 0.0535946 0.0413988 0.0388839 0.0441186 
0.0425959 0.0597271 0.0504941 0.0471829 0.0496726 0.0559239 0.0599229 0.0664551 0.052272 0.0460644 0.0449886 0.0641257 0.0467806 0.0503854 0.0489644 0.0380075 0.0478692 0.0469304 0.0444818 0.0371557 
0.0391883 0.0526768 0.0476823 0.043871 0.0454659 0.0560751 0.0591023 0.0673043 0.0489584 0.0456859 0.0551406 0.0691248 0.0583688 0.0448825 0.0578484 0.0298359 0.0426885 0.0533855 0.0509356 0.0317793 
0.0365512 0.0454296 0.0448128 0.0414492 0.0418383 0.055103 0.0564871 0.0656356 0.0447824 0.0451352 0.0656612 0.0718805 0.0706054 0.0397015 0.066574 0.0240754 0.0384497 0.0601836 0.0576071 0.0280375 
0.0347228 0.0388814 0.0421919 0.039774 0.0388235 0.0534233 0.0528603 0.0622062 0.0404778 0.0445078 0.0754587 0.0725994 0.0824776 0.0353152 0.0743266 0.0204391 0.0352831 0.0667488 0.0638407 0.025642 
0.0335749 0.0335265 0.0400018 0.0386273 0.0363609 0.0514824 0.049036 0.0579871 0.0366041 0.0438953 0.0837498 0.0719379 0.0932436 0.0319077 0.0806185 0.0183497 0.0330884 0.0726865 0.0691438 0.0241779 
0.0657027 0.0593565 0.0528815 0.0648834 0.0581095 0.0406857 0.051863 0.0396085 0.0566848 0.0459848 0.0191128 0.037628 0.0198242 0.0715375 0.0210274 0.103557 0.070128 0.0326744 0.0278734 0.0608768 
0.0624281 0.060232 0.051877 0.0613355 0.0550897 0.042843 0.0577637 0.0445879 0.05988 0.04628 0.0207367 0.0446559 0.0233777 0.0699199 0.0233151 0.0913185 0.066449 0.0343665 0.0290936 0.0544501 
0.0582211 0.0600957 0.0504563 0.057316 0.0516558 0.0452187 0.0637018 0.0500717 0.0622867 0.0465782 0.0234381 0.0531419 0.028839 0.0669419 0.0266666 0.0774735 0.0619555 0.0371693 0.0311342 0.0476385 
0.0533534 0.0583929 0.0485264 0.053167 0.0479667 0.0474926 0.0687034 0.05531 0.0631927 0.0468022 0.0275731 0.0624478 0.0367818 0.0624734 0.0312926 0.0630733 0.0568207 0.0414558 0.034259 0.0409155 
0.0483061 0.0549031 0.0461115 0.0492894 0.0442466 0.0492779 0.0717016 0.0593342 0.0620817 0.0468775 0.0333125 0.0714282 0.0474713 0.0567273 0.0371835 0.0495108 0.0514221 0.0473926 0.038574 0.0348484 
0.0436455 0.0499129 0.0433837 0.0460077 0.040724 0.0502775 0.0720026 0.0613372 0.0589313 0.0467648 0.0404503 0.0787609 0.0605801 0.0502851 0.0439926 0.0380927 0.0462697 0.0547728 0.0439045 0.0299046 
0.0398177 0.0441384 0.0406137 0.0434632 0.0375667 0.0504214 0.0696595 0.0610644 0.0542903 0.0464776 0.0483699 0.0835076 0.0751537 0.0439144 0.0510869 0.0295487 0.0418273 0.0630133 0.0497948 0.0262708 
0.0370044 0.0384135 0.0380657 0.0416048 0.0348508 0.049871 0.0654308 0.0589011 0.049032 0.0460708 0.0562486 0.0855032 0.0899232 0.0382765 0.0577675 0.0238456 0.0383514 0.0713602 0.0556513 0.0238277 
0.035134 0.0333711 0.0359133 0.0402722 0.0325729 0.0488998 0.0603685 0.0556134 0.0439716 0.0456153 0.0633582 0.0853006 0.103745 0.0337305 0.0635064 0.0204104 0.0358522 0.0791524 0.0609319 0.0222804 
0.0339967 0.0293122 0.0342168 0.0392933 0.0306814 0.0477608 0.0553956 0.0519904 0.0396246 0.0451739 0.0692613 0.083805 0.115875 0.0303281 0.0680494 0.0185119 0.0341699 0.0859707 0.0652651 0.0213179 
0.0740291 0.048491 0.0496891 0.0632861 0.0490732 0.036691 0.0566799 0.0353162 0.0619378 0.0462742 0.0171883 0.0386727 0.0199575 0.077956 0.0177231 0.125503 0.0694164 0.0324653 0.026588 0.0530621 
0.0706609 0.0497275 0.0483716 0.060619 0.0468767 0.0379856 0.0634149 0.0391487 0.0659209 0.0464773 0.0179354 0.0459759 0.0231595 0.0764648 0.0191725 0.112391 0.0664341 0.0339129 0.0272664 0.048085 
0.0661189 0.0505539 0.0467041 0.0574491 0.0443785 0.0395652 0.0706137 0.0436037 0.0693533 0.0467322 0.0193164 0.0551256 0.0282062 0.0736144 0.0213248 0.0969372 0.062732 0.0364227 0.0285157 0.0427328 
0.0606103 0.0504223 0.0446274 0.053995 0.041643 0.0412928 0.0772984 0.0482091 0.071414 0.0469929 0.0216103 0.0656788 0.0358147 0.0691596 0.0243675 0.0801394 0.058376 0.0404649 0.0305894 0.0372947 
0.054601 0.0489166 0.0421693 0.0505711 0.038796 0.0429471 0.0821906 0.0522266 0.0713447 0.0471966 0.0250407 0.0765683 0.0465266 0.0631623 0.0283868 0.063502 0.0536051 0.0463944 0.0336729 0.0321818 
0.0487392 0.0459566 0.0394731 0.0474874 0.0359914 0.0442869 0.0841634 0.0548756 0.0688119 0.0472914 0.0296293 0.0862827 0.0603499 0.0560985 0.0332564 0.0486863 0.0488261 0.0542261 0.0377639 0.0278037 
0.0436423 0.0418826 0.0367647 0.0449408 0.0333675 0.0451499 0.0827949 0.0556817 0.0641475 0.0472554 0.0350984 0.0934265 0.0765409 0.0487563 0.038607 0.036926 0.0444946 0.0635081 0.0426056 0.0244094 
0.0396786 0.037319 0.0342724 0.0429671 0.0310143 0.0455099 0.0785908 0.0546972 0.0582347 0.0471015 0.0409265 0.0973212 0.0937603 0.0419476 0.0439298 0.0286077 0.0409466 0.0734277 0.047741 0.0220067 
0.0368948 0.032903 0.0321541 0.0414791 0.0289685 0.0454535 0.0726869 0.0524233 0.0521019 0.0468659 0.0465422 0.0982083 0.110534 0.0362269 0.0487573 0.0233242 0.0383004 0.0830965 0.0526616 0.0204171 
0.0351084 0.0290727 0.0304723 0.0403463 0.0272271 0.0451104 0.0663108 0.0495311 0.0465371 0.0465919 0.0515173 0.0969728 0.125698 0.031795 0.0527962 0.0202708 0.0364759 0.0918152 0.0569507 0.0194002 
0.0781437 0.0406673 0.0455083 0.0589935 0.0397809 0.034464 0.0674938 0.0349699 0.0705584 0.0465331 0.0161455 0.046372 0.0228398 0.0818643 0.0164233 0.132839 0.0648647 0.0330253 0.0259831 0.0425306 
0.0735417 0.0419397 0.0436931 0.0566241 0.037989 0.0353265 0.0755455 0.0384508 0.0748433 0.0466916 0.0167153 0.055671 0.0272922 0.0792607 0.0178059 0.116599 0.0619018 0.0351495 0.0266554 0.0383045 
0.067708 0.0427818 0.0415259 0.0539054 0.03602 0.0364179 0.0835942 0.0422819 0.0780223 0.0469068 0.0178281 0.0668565 0.0341987 0.0750485 0.0197743 0.0981987 0.0583592 0.0387364 0.0279168 0.033919 
0.06104 0.0427302 0.0390376 0.0510453 0.0339224 0.0376622 0.0903085 0.045953 0.0791681 0.0471405 0.0196855 0.0790747 0.0443061 0.0691356 0.022429 0.0791028 0.0543569 0.0442796 0.0299706 0.0296519 
0.0541954 0.0414819 0.0363546 0.0482975 0.031778 0.0389318 0.0942443 0.0488103 0.0776393 0.0473478 0.0224027 0.0908283 0.0579701 0.0618352 0.0257556 0.0611769 0.0501765 0.052026 0.0329157 0.0258322 
0.0479136 0.0390502 0.0336766 0.0458709 0.0296779 0.0400836 0.0944652 0.0503072 0.0734482 0.0474937 0.0259112 0.100412 0.0748022 0.0538648 0.0295716 0.0461136 0.0462066 0.0617542 0.0366587 0.022718 
0.0427547 0.0357819 0.0312099 0.0438644 0.0277007 0.041007 0.0910265 0.0502617 0.0673304 0.0475612 0.0299352 0.106616 0.0936142 0.0461118 0.0335535 0.034825 0.0428061 0.0727416 0.0409009 0.0203978 
0.038935 0.0322003 0.0291015 0.0422649 0.0259019 0.0416491 0.0849215 0.0489174 0.0604174 0.0475523 0.0340844 0.109197 0.112778 0.0393086 0.0373462 0.0272481 0.0401751 0.083988 0.0452248 0.0187893 
0.0363552 0.0287883 0.0274132 0.0409974 0.0243137 0.0420078 0.077559 0.0467804 0.053755 0.0474809 0.038001 0.108823 0.130759 0.0338363 0.0406783 0.022645 0.0383185 0.094542 0.0492252 0.0177209 
0.0347484 0.0258551 0.0261361 0.0399802 0.0229484 0.0421116 0.0702084 0.0443858 0.048006 0.0473654 0.0414633 0.10663 0.146477 0.0297351 0.04342 0.0200794 0.0370998 0.103725 0.052605 0.0170212 
0.0844789 0.033514 0.0433364 0.0568458 0.0341668 0.0320944 0.0700769 0.0319454 0.0737434 0.0465417 0.0150547 0.0460507 0.0225029 0.0860254 0.0147061 0.151254 0.0623727 0.0319353 0.0251398 0.0382152 
0.0800592 0.034874 0.0414749 0.0551413 0.0328572 0.0324112 0.0785281 0.0346125 0.0786207 0.0465853 0.015163 0.0550578 0.0262989 0.0837166 0.0156348 0.135078 0.0600145 0.0336517 0.025422 0.0347985 
0.0742146 0.0361956 0.039294 0.0531055 0.0314467 0.0329373 0.0874765 0.0377046 0.0827392 0.0467068 0.0155768 0.0662714 0.0323105 0.0798902 0.01694 0.116003 0.0571992 0.0366798 0.0261066 0.031202 
0.0672386 0.0370608 0.0368199 0.0508411 0.0299316 0.0336922 0.0956829 0.0408924 0.0850981 0.0468944 0.0164565 0.0791237 0.0413929 0.0743214 0.0187011 0.0953254 0.0539596 0.0415827 0.0273819 0.027603 
0.0597312 0.0370778 0.0341627 0.0485201 0.0283363 0.0346565 0.101561 0.0436749 0.0848111 0.0471215 0.0179379 0.0923085 0.0541859 0.0671401 0.0209429 0.0749319 0.0504611 0.0487953 0.0293902 0.0242529 
0.0524812 0.0360355 0.0315032 0.0463236 0.0267023 0.035762 0.103743 0.0455312 0.081534 0.0473578 0.0200578 0.104026 0.0707041 0.0589187 0.0235881 0.0568357 0.0469963 0.0583606 0.0321471 0.0213918 
0.0462073 0.0340143 0.0290367 0.0443783 0.0250801 0.0369022 0.101735 0.0461483 0.0757184 0.0475745 0.0227033 0.112637 0.0900899 0.0505305 0.0264511 0.0424816 0.0438968 0.0697693 0.0354929 0.0191532 
0.0413176 0.0313521 0.0269091 0.0427295 0.0235231 0.0379588 0.096163 0.0455619 0.068444 0.0477492 0.0256363 0.117344 0.110779 0.0428335 0.02929 0.0322938 0.0414071 0.082057 0.0391228 0.0175275 
0.037849 0.0284877 0.0251863 0.0413598 0.0220827 0.038831 0.0884192 0.0441049 0.0609382 0.0478679 0.0285873 0.118413 0.13101 0.0363922 0.0318889 0.0257726 0.039607 0.0941169 0.0426832 0.0164034 
0.0355826 0.0257937 0.0238651 0.0402281 0.0208005 0.0394551 0.0800236 0.0422263 0.0541343 0.0479258 0.0313502 0.116861 0.149323 0.0313973 0.0341182 0.0219625 0.0384222 0.105016 0.0458718 0.0156436 
0.0854944 0.0294586 0.039964 0.0533153 0.0289949 0.0305251 0.0799302 0.0318801 0.0808815 0.0465117 0.0142738 0.0536787 0.0253769 0.0871034 0.0143464 0.151485 0.0576548 0.0321803 0.0246508 0.0322945 
0.0798983 0.0309154 0.0378375 0.0518408 0.0279563 0.0306269 0.089294 0.0343458 0.0856769 0.0465254 0.0142976 0.0644378 0.0304605 0.0837157 0.0152695 0.132627 0.0554175 0.0346411 0.0249511 0.029265 
0.0729423 0.0322589 0.0354282 0.0501299 0.0268575 0.0309429 0.0985261 0.0370451 0.0891003 0.0466252 0.0146049 0.077275 0.0383314 0.0786446 0.0164902 0.111322 0.0528398 0.0387948 0.0256773 0.0261643 
0.0651201 0.0331019 0.0328256 0.0482689 0.0256838 0.0315273 0.106072 0.0396149 0.0901186 0.0468059 0.0153234 0.0911889 0.0498108 0.0718479 0.0180358 0.0893105 0.0499944 0.0451912 0.0269802 0.0231778 
0.0571944 0.0331178 0.0301908 0.0463836 0.0244353 0.0323929 0.110295 0.0416051 0.0880655 0.047051 0.0165347 0.104492 0.065277 0.0637121 0.0198767 0.0687384 0.047075 0.0541098 0.0289362 0.0205165 
0.049982 0.0321793 0.0277118 0.0445928 0.0231284 0.0334864 0.110175 0.0426515 0.0830251 0.0473353 0.0182207 0.115311 0.0842934 0.0550134 0.0219107 0.0514888 0.0443538 0.0653158 0.031489 0.0183359 
0.0440729 0.030422 0.025541 0.0429728 0.0217992 0.0346912 0.105817 0.0426422 0.0758698 0.0476259 0.0202523 0.122334 0.105555 0.0466619 0.0239844 0.0385408 0.0420819 0.0780151 0.0344403 0.0166797 
0.0396765 0.0281746 0.0237565 0.0415533 0.0205013 0.0358597 0.0983742 0.0417528 0.0678781 0.0478889 0.0224382 0.125302 0.127261 0.0393803 0.0259422 0.0297957 0.0403932 0.0910766 0.0375065 0.0154886 
0.0366698 0.0258098 0.022365 0.0403356 0.0192939 0.0368571 0.0894631 0.0403332 0.0602152 0.0480972 0.0246007 0.124939 0.147669 0.0335288 0.0276751 0.0244257 0.0392753 0.103383 0.0404067 0.0146566 
0.0347601 0.0236227 0.0213295 0.0393136 0.0182281 0.037597 0.0805591 0.0387516 0.0536164 0.0482345 0.0266288 0.122489 0.165497 0.029132 0.0291426 0.0213891 0.038607 0.114089 0.0429309 0.0140825 
