20 hexa 10 10 gaussian
#SNAPSHOT FILE
#iterations: 25000 (40000 total)
0.0328897 0.100332 0.0616674 0.0799218 0.119578 0.0519101 0.0181884 0.0406132 0.0259425 0.0413721 0.0228718 0.0181442 0.0136498 0.0377252 0.0342137 0.0368477 0.0645556 0.0235308 0.0303537 0.145693 
0.0320809 0.11012 0.0642222 0.0721459 0.111632 0.0587339 0.0192955 0.0495971 0.0265839 0.0416273 0.0253814 0.0200031 0.0144808 0.039578 0.0367249 0.0341201 0.0612494 0.0238464 0.0305626 0.128015 
0.0310862 0.11841 0.0671969 0.0627936 0.101785 0.0669544 0.0204621 0.0614474 0.0271347 0.0418245 0.0301268 0.0222378 0.0156984 0.0412442 0.0413946 0.0310421 0.0565186 0.0243485 0.0315015 0.106793 
0.0299533 0.121346 0.069875 0.0530206 0.0911844 0.0750794 0.0214309 0.0746042 0.0273523 0.0418865 0.0386223 0.0245914 0.0173712 0.0421411 0.0494439 0.0277084 0.0505351 0.0251551 0.0339009 0.0847989 
0.0287905 0.116103 0.0712661 0.0441919 0.081168 0.0808494 0.0219982 0.0860315 0.0270267 0.0417037 0.0525216 0.0267668 0.0195436 0.0418579 0.0617713 0.0243789 0.0439275 0.026408 0.0385198 0.0651754 
0.0277313 0.102726 0.0706154 0.0373297 0.0727452 0.0822116 0.022113 0.0923074 0.0260794 0.0411768 0.0726001 0.0285119 0.0222291 0.0403781 0.078221 0.0213518 0.0375757 0.0281766 0.0457543 0.050166 
0.0268946 0.0844527 0.0679334 0.0327651 0.0663071 0.0785834 0.0218947 0.0915351 0.0246364 0.0402896 0.0974736 0.0296882 0.0253477 0.0381005 0.097063 0.0188386 0.0322591 0.030363 0.0552221 0.0403521 
0.0263551 0.0659669 0.0640542 0.0301993 0.0617093 0.0713531 0.0215532 0.0846184 0.0229962 0.039151 0.123432 0.0303175 0.0286833 0.0356209 0.115413 0.0169141 0.0283699 0.0327211 0.0657203 0.034851 
0.0261272 0.0508312 0.0600892 0.0290326 0.0585154 0.0629961 0.0212711 0.0745845 0.0214799 0.0379521 0.146193 0.0305711 0.0319768 0.0334246 0.130637 0.0155424 0.0258568 0.035009 0.0757647 0.0321458 
0.0261751 0.0402237 0.0567891 0.0286945 0.0562054 0.0555976 0.0211444 0.0645802 0.0202843 0.0368793 0.163071 0.0306942 0.0351038 0.031723 0.141511 0.0146381 0.0243996 0.0371331 0.0842629 0.0308887 
0.0375374 0.0977352 0.0632186 0.0770728 0.107853 0.0525432 0.0216343 0.0434132 0.0293932 0.0431734 0.0229988 0.019981 0.0144318 0.044514 0.0324467 0.0427092 0.0688155 0.0259967 0.0298018 0.124731 
0.03618 0.106972 0.0653119 0.0686301 0.0994395 0.0595268 0.0234756 0.0538042 0.0306095 0.0434565 0.0260256 0.0226596 0.0156782 0.0462823 0.0354406 0.0383879 0.0643433 0.0264325 0.0303311 0.107013 
0.0344831 0.113175 0.0674214 0.0591218 0.0898076 0.0673314 0.0252841 0.0665472 0.0315633 0.0436194 0.0316625 0.0258222 0.017494 0.0472411 0.0409938 0.0336136 0.0582541 0.0271889 0.0319618 0.0874137 
0.0326043 0.112881 0.068803 0.0498707 0.0801589 0.0742187 0.0266502 0.0793395 0.0318503 0.0435698 0.0414329 0.0291059 0.0199927 0.0468208 0.0502376 0.0287761 0.0510374 0.0284941 0.0355267 0.0686298 
0.0307764 0.104438 0.0686556 0.0421348 0.0716328 0.078055 0.0272553 0.0887438 0.0311746 0.0431953 0.0566545 0.0320399 0.0232593 0.0448541 0.0637157 0.0243756 0.043601 0.0305358 0.0417603 0.0531423 
0.0292292 0.0893164 0.0666273 0.0365965 0.0648798 0.0774192 0.0270366 0.0917854 0.0295273 0.0424235 0.0772643 0.0341869 0.0272733 0.0417155 0.0806689 0.0207938 0.0369386 0.0333065 0.0507993 0.0422118 
0.0281184 0.0715162 0.0631384 0.0332188 0.0599655 0.0725848 0.0262311 0.0878137 0.0272517 0.0412944 0.100906 0.0353321 0.0317991 0.0381519 0.0988266 0.0181618 0.0317436 0.0365291 0.0618019 0.0356153 
0.027488 0.0552877 0.0591538 0.0314871 0.0565617 0.0654166 0.0252362 0.078955 0.0248835 0.0399736 0.123629 0.0356052 0.0364267 0.0348972 0.115302 0.0163855 0.0281969 0.039787 0.073163 0.0321653 
0.0272815 0.0430174 0.0555692 0.030785 0.0541867 0.0581532 0.0243914 0.0685746 0.0228646 0.0386786 0.142002 0.0353957 0.040811 0.0323534 0.12805 0.0152686 0.0260452 0.0427711 0.0832865 0.0305152 
0.0273935 0.0348996 0.0527952 0.0306439 0.0523539 0.0522508 0.0238714 0.0593186 0.0213851 0.0375903 0.154596 0.035143 0.0448912 0.0305587 0.136526 0.0146253 0.024867 0.0454126 0.0911964 0.0296813 
0.0452286 0.0836721 0.0624425 0.0804184 0.0999558 0.0468503 0.0246957 0.03792 0.0329257 0.0448467 0.0210944 0.0201598 0.0144164 0.0513575 0.0283284 0.0567006 0.0763058 0.0285409 0.0289808 0.11516 
0.0435673 0.0922164 0.0635468 0.0734111 0.0932931 0.0521683 0.0273225 0.0463724 0.0348961 0.0452605 0.0228739 0.0232007 0.0156606 0.0532892 0.0301082 0.0507846 0.0723822 0.0289239 0.0292582 0.101464 
0.0412628 0.0998759 0.0647089 0.0648561 0.0852099 0.0587503 0.0302585 0.0576644 0.0368217 0.0455671 0.0263192 0.0271904 0.0175863 0.0543868 0.0336216 0.0439759 0.0665773 0.0296056 0.030297 0.0854643 
0.0384852 0.103383 0.0655059 0.0558504 0.0765998 0.0655371 0.032934 0.0704076 0.038109 0.0456937 0.0326032 0.0318339 0.0204085 0.0539059 0.0399607 0.0367823 0.0591684 0.0309099 0.032858 0.0690636 
0.0355721 0.100081 0.0653227 0.0477038 0.0685313 0.0707913 0.0346797 0.0817421 0.0381608 0.0455311 0.0430773 0.0365152 0.0243326 0.0514637 0.0500359 0.030003 0.0509624 0.0331849 0.0378254 0.0544841 
0.0329217 0.0896136 0.063688 0.0413939 0.061825 0.0727937 0.0350262 0.0882949 0.0366741 0.0449708 0.0584939 0.040414 0.0294613 0.0473238 0.0639261 0.0243759 0.0430687 0.0366025 0.045784 0.0433477 
0.0308535 0.0744856 0.0606626 0.0372106 0.0567845 0.0708645 0.0339886 0.0880367 0.033878 0.0439787 0.0779266 0.0428367 0.0356113 0.0423445 0.0803101 0.0202682 0.0364752 0.0409603 0.0564523 0.036072 
0.0295098 0.0587178 0.0569013 0.0348272 0.0532496 0.0658842 0.032091 0.0816531 0.0304781 0.0426551 0.0985087 0.0436051 0.0422344 0.0375654 0.0966785 0.017608 0.0316824 0.0456963 0.0684743 0.0319803 
0.0288414 0.0455712 0.0532543 0.0336541 0.0508205 0.059719 0.0300511 0.0720225 0.0272682 0.0412121 0.116779 0.0431532 0.0486645 0.0337077 0.110534 0.0160521 0.0286188 0.0501855 0.0799686 0.0299216 
0.0286821 0.0362637 0.050278 0.033168 0.0490503 0.0540584 0.0284003 0.0622651 0.0247379 0.0398775 0.130519 0.0422176 0.0545153 0.0309663 0.12056 0.0152232 0.0268625 0.0540636 0.0894089 0.0288825 
0.0532115 0.0758349 0.0616386 0.0759311 0.0832764 0.0455007 0.0319272 0.039661 0.0399083 0.0469184 0.0204195 0.0239683 0.0156968 0.0617042 0.0253322 0.0697538 0.0790296 0.0313898 0.0282287 0.0906696 
0.050408 0.0832021 0.0617666 0.0689339 0.0770342 0.0503352 0.0361732 0.0488005 0.0429309 0.0473861 0.0222779 0.0286788 0.0176392 0.0630744 0.027359 0.0605934 0.0739622 0.031988 0.0288173 0.0786389 
0.0467099 0.0887222 0.0616216 0.0609458 0.0700029 0.0559819 0.0406189 0.0601711 0.0455551 0.0477183 0.0258777 0.0347446 0.0206746 0.0627479 0.0312905 0.0503417 0.0669691 0.033215 0.0304851 0.0656065 
0.0425066 0.0896107 0.0608752 0.053107 0.0629918 0.0613419 0.0442834 0.0718285 0.0468721 0.0478196 0.0322943 0.0415885 0.0251766 0.0600659 0.0380729 0.0400966 0.0586268 0.0355873 0.0340743 0.05318 
0.0383785 0.084237 0.0591783 0.0465185 0.0568153 0.0649362 0.0461229 0.0807255 0.0461411 0.047568 0.0425285 0.0480756 0.0314563 0.0550512 0.0482828 0.0311252 0.0499939 0.0395316 0.0404133 0.0429209 
0.0348913 0.0733477 0.056437 0.0417675 0.0519559 0.0656286 0.045579 0.084083 0.0432453 0.0468696 0.0566864 0.0528607 0.0395108 0.0485496 0.061521 0.0243069 0.0422488 0.0450768 0.0497752 0.035659 
0.0323936 0.0598543 0.0529988 0.0387875 0.0484526 0.0633587 0.0429777 0.0811058 0.0388745 0.0457366 0.0732695 0.0550786 0.0487682 0.0418827 0.0761266 0.019822 0.0362261 0.0516698 0.0613682 0.031249 
0.0309253 0.0471353 0.0495082 0.0371046 0.0460361 0.0592005 0.039368 0.0735216 0.0341788 0.0443213 0.0895584 0.0548705 0.0582052 0.0362034 0.0897622 0.0172583 0.0321444 0.0583704 0.0734385 0.0288894 
0.0302828 0.0372763 0.0465238 0.0361992 0.044333 0.0546302 0.0358805 0.064313 0.0301262 0.0428592 0.103076 0.0532156 0.0668972 0.0320307 0.100593 0.0159783 0.0296926 0.0643405 0.0840817 0.0276702 
0.0301777 0.030639 0.0442638 0.0357098 0.0429848 0.0507145 0.0332034 0.0559351 0.027136 0.0415674 0.112732 0.0512708 0.0744868 0.0292747 0.10797 0.0154377 0.028353 0.0691818 0.0920285 0.0269335 
0.064292 0.0598718 0.0593025 0.0753361 0.0706544 0.0400483 0.0369176 0.0341313 0.0452668 0.0480972 0.0185567 0.0250032 0.015893 0.070173 0.0212226 0.0951561 0.082503 0.0332155 0.0273281 0.0770309 
0.0612528 0.0657596 0.0585938 0.0701883 0.066156 0.0430691 0.0424367 0.040891 0.0493151 0.0486753 0.0193419 0.0301914 0.0177205 0.0718879 0.0223206 0.0839202 0.0784986 0.0337381 0.0275665 0.0684771 
0.0568432 0.0715077 0.0574983 0.0638187 0.0608939 0.0470148 0.0488422 0.0500238 0.0534004 0.049178 0.0210662 0.0374518 0.0207525 0.0719673 0.0245435 0.0704915 0.0725123 0.0348155 0.0284886 0.0588898 
0.0514085 0.074875 0.0559225 0.0570438 0.0553408 0.0513843 0.0550247 0.0604971 0.0564042 0.0495328 0.0244428 0.0464748 0.025541 0.0694753 0.0286452 0.056121 0.0648249 0.037081 0.0307668 0.0491935 
0.0456433 0.0737979 0.0537492 0.0508629 0.0501318 0.0552356 0.0593908 0.0700607 0.0571119 0.0496246 0.0303346 0.0560608 0.0326643 0.064071 0.0353215 0.0426295 0.0562675 0.0412182 0.0352365 0.0405875 
0.0403829 0.067646 0.0509517 0.0460195 0.045792 0.0575222 0.060536 0.0759606 0.054846 0.0493309 0.0393081 0.0642706 0.0424455 0.0563869 0.0447705 0.0316697 0.0480205 0.0476139 0.0425218 0.034005 
0.0362819 0.0578203 0.0477233 0.0426988 0.0425217 0.0576634 0.0581008 0.0764249 0.0499801 0.0485861 0.0509718 0.0692671 0.0545253 0.047867 0.0562515 0.0240254 0.0411533 0.055974 0.0524727 0.0296912 
0.0335899 0.0469952 0.0444757 0.040607 0.0402075 0.0559077 0.0530882 0.0718155 0.0438312 0.0474456 0.0637374 0.0703815 0.067693 0.04009 0.0681141 0.0194665 0.036204 0.0652533 0.0638696 0.0272272 
0.032151 0.0375684 0.0416413 0.0392956 0.0385839 0.0531343 0.0472501 0.0643188 0.037912 0.0460884 0.0755307 0.0684615 0.0803787 0.0340512 0.0785353 0.0171525 0.0330841 0.074109 0.0748449 0.0259085 
0.0315898 0.0306429 0.039453 0.0384191 0.0373713 0.050279 0.0420796 0.0564583 0.0331771 0.0447402 0.0849088 0.0651731 0.0914766 0.0299241 0.0863938 0.0161805 0.0313207 0.0815396 0.0837484 0.0251246 
0.0724203 0.0501944 0.0552908 0.0682871 0.0545277 0.0375913 0.0482219 0.0346467 0.0551821 0.0491996 0.0173702 0.0315881 0.0179384 0.0790689 0.0185585 0.112084 0.0790246 0.0343851 0.026653 0.0577681 
0.0676864 0.0549935 0.0535324 0.0637251 0.0508438 0.0398377 0.0563472 0.0413315 0.0605313 0.0497612 0.0179213 0.039542 0.0207253 0.079651 0.0197873 0.0961992 0.0743533 0.0352692 0.0269975 0.0509643 
0.0613719 0.0591219 0.0512238 0.0585001 0.0468033 0.0427045 0.0651206 0.0497264 0.065297 0.0502681 0.0193122 0.0502331 0.025379 0.0777546 0.022099 0.0779449 0.0679386 0.0372373 0.0281887 0.0437753 
0.0541572 0.0607704 0.048435 0.0533435 0.0427852 0.0457761 0.0726518 0.0584579 0.0679154 0.0506297 0.0221395 0.0627282 0.0327242 0.0726429 0.0260519 0.0594917 0.0602851 0.0411364 0.03091 0.0369683 
0.0470746 0.0586519 0.0453084 0.0489636 0.0392168 0.0484 0.076699 0.0653323 0.0670779 0.0507261 0.0270029 0.0748255 0.0434768 0.064547 0.0320421 0.0433385 0.052379 0.0477062 0.035868 0.0313636 
0.0411151 0.0528703 0.0420608 0.0457004 0.03636 0.0499668 0.0758436 0.0683169 0.0625601 0.0504535 0.0340947 0.083765 0.0577351 0.0547716 0.0399583 0.0312082 0.0453402 0.0571047 0.0433681 0.0274067 
0.0368414 0.044958 0.0389704 0.0434453 0.0342299 0.0502324 0.0704428 0.0667429 0.0554993 0.0497802 0.0428085 0.087671 0.0744923 0.0451355 0.0489637 0.0234307 0.039948 0.0685453 0.0528704 0.0249916 
0.0342636 0.036964 0.0363123 0.0418639 0.0326825 0.0494265 0.0624724 0.0617041 0.0477821 0.0487866 0.0518421 0.0866357 0.091769 0.0371186 0.0577252 0.0191965 0.0363805 0.0804548 0.0629747 0.023645 
0.0329986 0.0303728 0.0342528 0.0406659 0.0315379 0.0480614 0.0543158 0.0552525 0.041013 0.0476425 0.0598762 0.0824621 0.107536 0.0313283 0.0650526 0.0172762 0.0343118 0.0911816 0.072011 0.0228512 
0.0325487 0.0256862 0.0327954 0.0397009 0.0306315 0.0466272 0.0476006 0.0491911 0.0359187 0.0465306 0.0662242 0.0774096 0.120638 0.0275812 0.0704018 0.0166141 0.0332227 0.0996647 0.0787577 0.022256 
0.0824603 0.0381246 0.0520843 0.0639814 0.0441493 0.0339728 0.0529083 0.030279 0.0599331 0.0490229 0.0161883 0.0327772 0.0183596 0.0835567 0.0159418 0.141435 0.0759073 0.0338791 0.0261226 0.0489163 
0.0778309 0.0415774 0.0500499 0.0609844 0.0416312 0.0348962 0.062149 0.0348337 0.0660909 0.0495039 0.0160951 0.0408204 0.0207404 0.0844781 0.0167167 0.12448 0.072482 0.0345614 0.0260642 0.0440143 
0.0711554 0.0453501 0.0473439 0.0573655 0.0388635 0.0363348 0.0729776 0.0410077 0.0722879 0.0500112 0.0163529 0.0523046 0.0248929 0.0833209 0.0180729 0.103532 0.0675528 0.0361349 0.0264675 0.0386707 
0.0629739 0.0481761 0.0441034 0.0535426 0.0359982 0.0382165 0.0835636 0.0481102 0.0768493 0.0504891 0.0173363 0.0668092 0.0317883 0.079049 0.0203492 0.0807366 0.0613091 0.0394672 0.0278264 0.0333061 
0.0543713 0.0487334 0.0406047 0.0500417 0.0332954 0.0402932 0.0911419 0.0546528 0.0779602 0.050841 0.0195144 0.0823229 0.0424674 0.071414 0.0238747 0.0592224 0.0544258 0.0455137 0.0307506 0.0285588 
0.0466144 0.0463738 0.0371742 0.0472226 0.0309741 0.0421992 0.0932108 0.0588508 0.0746768 0.0509617 0.0232469 0.0955662 0.0575718 0.0613417 0.028785 0.0417985 0.0478889 0.0548802 0.0357191 0.0249435 
0.0406169 0.0415655 0.034084 0.0451065 0.0291044 0.0435955 0.0890121 0.0595688 0.0676199 0.050777 0.028486 0.103472 0.0766807 0.0506011 0.0348147 0.0297311 0.042572 0.0673077 0.0427092 0.0225749 
0.0366513 0.0356185 0.0315106 0.0434761 0.0276359 0.0443118 0.0800722 0.0569838 0.0586922 0.0502821 0.0346316 0.104871 0.097964 0.0409756 0.0412494 0.0225951 0.0388793 0.0814584 0.0509548 0.0211874 
0.0344342 0.0299323 0.0295328 0.0421093 0.0264878 0.0444 0.0692822 0.0524006 0.0500199 0.0495557 0.0407695 0.101019 0.118749 0.0335361 0.0471944 0.0190256 0.0366899 0.0953478 0.0591428 0.0203716 
0.0334196 0.0253798 0.0281341 0.0409091 0.0255906 0.044072 0.0593021 0.0474049 0.0429702 0.0487275 0.0461592 0.0945771 0.13676 0.0284486 0.0520047 0.0175792 0.0355715 0.107205 0.0659899 0.0197953 
0.0863122 0.0319941 0.0472016 0.0567006 0.0343265 0.0318988 0.0659907 0.0304988 0.0698688 0.0487229 0.0151797 0.0413878 0.0208993 0.0864295 0.0148221 0.15182 0.0681621 0.033067 0.0255953 0.0391223 
0.0797967 0.034976 0.0444554 0.0543899 0.0324612 0.0322845 0.0779805 0.0347961 0.0769312 0.0490971 0.0148727 0.0527651 0.0243709 0.0858451 0.0157736 0.129921 0.0645537 0.0342491 0.0254979 0.0349823 
0.0712559 0.0379565 0.0410681 0.0518553 0.0305271 0.0330748 0.0908544 0.0401675 0.0830651 0.049534 0.0148819 0.0680498 0.0303662 0.0826016 0.0172205 0.104295 0.0598031 0.0368959 0.0259431 0.0305845 
0.0616692 0.0398924 0.0373516 0.0493889 0.0286287 0.0342892 0.101774 0.0457189 0.086203 0.0499693 0.0155499 0.0857854 0.0400998 0.0760361 0.0193408 0.0782466 0.0542614 0.0420023 0.0273957 0.0263972 
0.052447 0.0398859 0.0337246 0.0472578 0.026886 0.0358352 0.107466 0.050097 0.0847552 0.0503148 0.0172259 0.102724 0.0546482 0.0665697 0.0222674 0.0555195 0.0486615 0.0504558 0.0303164 0.0229421 
0.0448244 0.0376991 0.0305279 0.045531 0.0253498 0.0375026 0.10595 0.0521195 0.0786363 0.0504891 0.0200781 0.115011 0.0743028 0.0556658 0.0259816 0.0385554 0.0438223 0.0625332 0.0349279 0.0204916 
0.0393866 0.0338851 0.0279247 0.0440773 0.0240043 0.0390173 0.0977397 0.0514256 0.0693996 0.0504449 0.0239279 0.120133 0.0979068 0.045145 0.0302131 0.027695 0.0402813 0.0774654 0.0409668 0.0189609 
0.0360385 0.0294472 0.0259361 0.0427317 0.0228344 0.0401439 0.085548 0.0486333 0.0593757 0.0501882 0.0282615 0.118193 0.122813 0.0364046 0.0344683 0.0217365 0.0381226 0.0934481 0.0476282 0.0180478 
0.0342775 0.0253264 0.0245122 0.0414377 0.0218553 0.0407903 0.0727542 0.0449076 0.0505136 0.0497755 0.0324761 0.111582 0.145885 0.0300163 0.0382433 0.0189867 0.037063 0.108305 0.0538494 0.0174435 
0.0335074 0.0220728 0.0235701 0.0402419 0.0210798 0.0410303 0.0618517 0.0413228 0.0437373 0.0492828 0.0361835 0.103434 0.164846 0.0258191 0.0412642 0.0180019 0.0366743 0.120362 0.0587647 0.0169546 
0.0927875 0.0257331 0.0449618 0.0521197 0.029116 0.0302387 0.0682207 0.0278607 0.0721856 0.0477929 0.0147984 0.0415029 0.0211974 0.0865106 0.0136542 0.175473 0.0629931 0.0312889 0.0253961 0.0361685 
0.086847 0.0279048 0.0424197 0.0506487 0.0277974 0.0299727 0.080453 0.0307634 0.0795342 0.047962 0.014262 0.052103 0.0239962 0.0861433 0.0144573 0.154409 0.0603449 0.032132 0.0250285 0.0328219 
0.0785269 0.0305538 0.0391628 0.0491076 0.0265058 0.0299763 0.0945522 0.0346681 0.0866761 0.0482494 0.0138114 0.0670357 0.0289435 0.0837739 0.0155617 0.1279 0.056863 0.0341365 0.0249334 0.0290614 
0.0685748 0.0329775 0.0354503 0.0475838 0.0252453 0.0303959 0.108008 0.0390974 0.0915649 0.0486296 0.0137047 0.0855661 0.0372764 0.0784769 0.0170183 0.09891 0.0526442 0.0382102 0.025457 0.0252083 
0.0583749 0.0343308 0.0317238 0.046201 0.0240392 0.0313299 0.117252 0.0431122 0.0921714 0.049038 0.0142487 0.104953 0.0503114 0.0701769 0.0188717 0.0716687 0.0481331 0.0453306 0.0269784 0.0217547 
0.0493948 0.0340308 0.0284009 0.0449995 0.022879 0.0327453 0.119293 0.045676 0.0876787 0.0493993 0.0156727 0.121123 0.068922 0.0598798 0.0211388 0.049782 0.043985 0.0561373 0.0297742 0.0190878 
0.0425454 0.0320658 0.0256958 0.0438882 0.0217295 0.0344384 0.113398 0.0461941 0.0790401 0.0496534 0.0179935 0.130526 0.092813 0.0492163 0.0237557 0.0346799 0.0407639 0.0704639 0.0338504 0.0172889 
0.0379821 0.0289638 0.0236222 0.0427355 0.0205888 0.0360899 0.10148 0.0448082 0.0684438 0.0497706 0.0209614 0.131883 0.119997 0.0397044 0.0265284 0.0256779 0.0387127 0.0870545 0.0388231 0.0161714 
0.0353243 0.0254979 0.022104 0.0414989 0.0195211 0.0374076 0.0870239 0.0422545 0.0581924 0.0497541 0.0241509 0.126657 0.147157 0.0322444 0.029176 0.0210636 0.0377226 0.103812 0.0439775 0.0154611 
0.0339812 0.0223465 0.0210554 0.0402537 0.0186137 0.0382651 0.0733649 0.0394293 0.0497813 0.0496286 0.0271668 0.117991 0.170981 0.0270118 0.0314709 0.0190975 0.037464 0.118605 0.0485454 0.0149459 
0.0922282 0.0233708 0.0409884 0.0470924 0.024638 0.0287505 0.0811395 0.0283302 0.0807218 0.0469432 0.0140862 0.0508685 0.0237965 0.0854917 0.0136638 0.175061 0.0561118 0.0302024 0.024795 0.0317196 
0.0845894 0.0255329 0.0380372 0.0461398 0.0237228 0.0282719 0.0954276 0.0311152 0.0882985 0.0470344 0.0134601 0.064645 0.0277718 0.0836404 0.0146258 0.149598 0.0535411 0.0316706 0.0244243 0.0284532 
0.0748638 0.0279456 0.0345233 0.0452992 0.0228952 0.0281046 0.110336 0.0345408 0.0944706 0.0472757 0.0129821 0.0826974 0.0346288 0.0794658 0.0158019 0.119658 0.050416 0.0348113 0.0244196 0.0248648 
0.064242 0.0299427 0.030837 0.0445597 0.0221167 0.0284445 0.122472 0.0380022 0.0970345 0.0476327 0.0129217 0.103084 0.0457457 0.072501 0.0171551 0.089352 0.0469318 0.0405601 0.0250857 0.0213788 
0.0542773 0.0308488 0.0274333 0.0438904 0.0213193 0.0294004 0.128246 0.0406661 0.0945468 0.0480423 0.013525 0.122048 0.0623468 0.0632527 0.0186572 0.0631198 0.04353 0.049726 0.0266767 0.0184474 
0.0461769 0.0303112 0.0246047 0.0431955 0.0204219 0.0308964 0.125736 0.0418748 0.0872375 0.0484406 0.0148975 0.135499 0.0848751 0.0530143 0.0202919 0.043634 0.0407085 0.0625859 0.029296 0.0163023 
0.040394 0.0284514 0.0224071 0.0423502 0.0193926 0.0326602 0.115698 0.0414803 0.0768763 0.0487833 0.0169391 0.140935 0.112279 0.0432472 0.0220149 0.0310922 0.0387958 0.0785063 0.0328081 0.0148883 
0.0367345 0.0257682 0.0207601 0.0413 0.0182962 0.0343303 0.101103 0.0398743 0.0658319 0.049049 0.0193671 0.138525 0.141754 0.0350395 0.0237246 0.0240634 0.0378413 0.0958413 0.0368086 0.0139886 
0.0346791 0.022898 0.0195685 0.0401159 0.0172642 0.0356287 0.0856494 0.037736 0.056048 0.0492301 0.0218329 0.130781 0.169552 0.0288755 0.0253 0.0206748 0.0376483 0.112402 0.0407307 0.0133853 
0.0336532 0.0203695 0.0187648 0.0389457 0.0164129 0.0364767 0.0722291 0.0356961 0.0484932 0.0493203 0.0240808 0.121125 0.192504 0.0246896 0.0266782 0.0193396 0.0378992 0.126308 0.0440712 0.0129448 
