20 hexa 10 10 gaussian
#SNAPSHOT FILE
#iterations: 7000 (40000 total)
0.0375584 0.0934476 0.0645975 0.0632818 0.0930822 0.0589994 0.0277615 0.05377 0.0323054 0.0428161 0.0328544 0.0260639 0.0184393 0.045957 0.0408921 0.050468 0.058701 0.025948 0.0356484 0.0974095 
0.0370708 0.0889876 0.0639505 0.0607458 0.089458 0.0605741 0.0289828 0.0565653 0.032612 0.0430253 0.0378695 0.0277531 0.0206843 0.0454574 0.0455106 0.0474995 0.0564219 0.0275563 0.0384503 0.0908256 
0.0364666 0.0837036 0.0630081 0.0578312 0.0852099 0.0618872 0.0303252 0.0593526 0.0328765 0.0431106 0.044315 0.0297569 0.0235299 0.0446956 0.0513109 0.0440846 0.0536671 0.0295626 0.0419028 0.0834037 
0.0357444 0.0776379 0.0617435 0.0546002 0.0803801 0.0627536 0.0317104 0.0619292 0.0330347 0.0430673 0.0522556 0.0320722 0.0270121 0.0436466 0.0582673 0.0403053 0.0505063 0.031969 0.0459723 0.0753927 
0.0349227 0.070966 0.0601703 0.0511777 0.0751051 0.0630132 0.03304 0.0640726 0.0330245 0.0429025 0.0615496 0.034651 0.0310929 0.0423228 0.0661821 0.0363158 0.0470719 0.0347249 0.050531 0.0671638 
0.0340404 0.0639956 0.0583517 0.0477441 0.0696111 0.0625768 0.0342161 0.065588 0.0328044 0.0426348 0.0718162 0.0373978 0.0356465 0.0407784 0.0746784 0.0323247 0.0435491 0.0377248 0.0553588 0.0591625 
0.0331489 0.0571122 0.0563921 0.0444989 0.0641749 0.0614596 0.0351662 0.0663594 0.0323675 0.0422931 0.0824846 0.0401872 0.0404759 0.0391018 0.0832555 0.0285545 0.040143 0.0408254 0.0601795 0.0518205 
0.0322988 0.0506897 0.0544115 0.0416161 0.0590623 0.0597824 0.0358614 0.0663783 0.0317435 0.0419087 0.0929154 0.0428972 0.0453597 0.0373948 0.0913974 0.0251895 0.0370336 0.0438787 0.0647226 0.0454592 
0.0315282 0.045005 0.0525148 0.0392077 0.0544696 0.0577376 0.0363205 0.0657346 0.0309902 0.0415093 0.102543 0.0454415 0.0501071 0.0357492 0.0986821 0.0223387 0.0343398 0.0467671 0.0687816 0.0402334 
0.0308564 0.040196 0.0507693 0.0373139 0.0504952 0.0555341 0.0365987 0.0645804 0.0301779 0.0411142 0.110973 0.0477844 0.0545944 0.0342303 0.104845 0.0200293 0.0321074 0.0494228 0.0722464 0.0361328 
0.0404873 0.0860361 0.0625204 0.0618654 0.085981 0.057652 0.0320519 0.0534509 0.0356518 0.0436708 0.0333448 0.0288118 0.0208649 0.0492011 0.0403838 0.0555609 0.059065 0.0281245 0.0361912 0.0890853 
0.0397457 0.0815338 0.061584 0.0592259 0.0822427 0.0590324 0.033654 0.0561811 0.0360437 0.0438414 0.0385431 0.0310576 0.023802 0.0483381 0.0451955 0.051757 0.0565295 0.0301406 0.0391497 0.0824029 
0.0388426 0.076288 0.0603424 0.0562624 0.0779423 0.0600847 0.0353312 0.0588297 0.036335 0.0438859 0.0450987 0.0336791 0.0274739 0.0471322 0.0511036 0.0474603 0.05353 0.0326132 0.0427104 0.0750549 
0.0377939 0.0703921 0.0587952 0.0530619 0.0731631 0.0606456 0.0369695 0.0611892 0.0364475 0.0438079 0.0529846 0.0366395 0.0318835 0.045583 0.0580063 0.0428165 0.0501687 0.0355195 0.0467975 0.0673358 
0.0366431 0.0640671 0.0569876 0.0497699 0.0680769 0.0605947 0.038445 0.0630489 0.0363176 0.0436216 0.0619611 0.0398446 0.0369336 0.0437405 0.065634 0.0380499 0.0466093 0.038773 0.0512447 0.0596371 
0.0354556 0.0576372 0.0550098 0.0465688 0.0629237 0.059895 0.0396526 0.0642474 0.0359167 0.0433509 0.071583 0.0431527 0.0424274 0.0417025 0.0735709 0.0334265 0.0430559 0.0422311 0.0558133 0.0523794 
0.0343035 0.0514602 0.0529781 0.0436375 0.0579614 0.0586102 0.0405338 0.0647138 0.0352618 0.0430247 0.0812796 0.0464093 0.0481065 0.0395941 0.0813349 0.0291954 0.0397105 0.045724 0.0602402 0.0459211 
0.0332468 0.0458423 0.0510053 0.04111 0.0534075 0.0568899 0.0410901 0.0644816 0.0344099 0.0426695 0.0904849 0.0494872 0.0537148 0.0375385 0.0884843 0.0255321 0.0367302 0.0490949 0.0642983 0.0404823 
0.0323223 0.0409772 0.0491737 0.0390542 0.0493984 0.0549252 0.0413752 0.0636659 0.0334418 0.0423052 0.0987515 0.052315 0.059055 0.0356313 0.0947017 0.022513 0.0342005 0.0522324 0.06784 0.0361213 
0.031541 0.03693 0.0475232 0.0374747 0.045978 0.0528995 0.0414743 0.0624233 0.0324431 0.0419443 0.10581 0.054881 0.0640152 0.0339288 0.0998211 0.0201242 0.0321364 0.0550833 0.0708089 0.0327614 
0.0445688 0.0819125 0.0608273 0.0625772 0.0814871 0.0544811 0.0354794 0.0502293 0.0391154 0.0443481 0.0294207 0.0298281 0.0210518 0.0535169 0.0356596 0.0651253 0.0614735 0.02871 0.0341235 0.0860649 
0.0436931 0.0781685 0.0598805 0.0602052 0.078239 0.0558415 0.0373619 0.0528191 0.0396433 0.0446054 0.0334826 0.0323078 0.0240431 0.0525704 0.0395365 0.0609348 0.0592024 0.0307123 0.0365977 0.0801552 
0.0426055 0.0737623 0.0586498 0.0575272 0.0744793 0.0569839 0.039361 0.0554372 0.0400812 0.0447375 0.0387153 0.0352336 0.0278548 0.051226 0.0444029 0.0561104 0.0564277 0.0332173 0.0396305 0.073557 
0.0413148 0.0687196 0.0571246 0.0545965 0.070246 0.0577554 0.0413522 0.0579033 0.0403376 0.0447458 0.0451734 0.0385849 0.0325376 0.0494652 0.0502316 0.050781 0.0532194 0.0362335 0.0431897 0.0664884 
0.0398647 0.0631764 0.0553334 0.0515213 0.0656562 0.0580231 0.0431867 0.0600115 0.040327 0.0446415 0.0527415 0.0422758 0.0380381 0.0473263 0.0568534 0.0451737 0.0497122 0.0397031 0.0471629 0.0592717 
0.0383316 0.0573788 0.0533498 0.0484554 0.0609012 0.0577117 0.0447237 0.0615728 0.0399953 0.0444449 0.0611083 0.0461563 0.0441799 0.0449083 0.0639508 0.0395896 0.0460954 0.043497 0.0513598 0.0522897 
0.03681 0.0516396 0.0512816 0.0455685 0.0562127 0.0568317 0.0458658 0.0624641 0.0393388 0.0441818 0.0698069 0.0500407 0.0506859 0.0423555 0.0711068 0.0343433 0.0425803 0.0474347 0.055544 0.0459078 
0.0353886 0.0462649 0.0492444 0.0430043 0.0518109 0.0554818 0.0465852 0.0626585 0.0384068 0.0438781 0.0783136 0.0537557 0.0572408 0.0398245 0.077894 0.0296905 0.0393539 0.0513252 0.0594859 0.040393 
0.0341303 0.0414847 0.0473325 0.0408523 0.0478578 0.0538199 0.0469243 0.0622221 0.0372868 0.0435537 0.0861638 0.0571826 0.0635655 0.037449 0.083965 0.025778 0.0365427 0.05501 0.0630124 0.0358672 
0.033063 0.0374175 0.0456013 0.0391396 0.0444337 0.0520196 0.0469758 0.0612843 0.0360809 0.0432212 0.0930327 0.0602746 0.0694684 0.0353174 0.0891035 0.0226349 0.0341983 0.0583895 0.0660327 0.0323115 
0.0482586 0.073723 0.057943 0.0607447 0.0733463 0.0524399 0.041313 0.0493836 0.0435925 0.045384 0.029143 0.033433 0.0242145 0.0572954 0.0344105 0.0715426 0.0615549 0.0312286 0.0342805 0.0767688 
0.0469965 0.0701348 0.0567154 0.0583458 0.0701113 0.053582 0.0436464 0.0518837 0.0441849 0.0456045 0.0331748 0.0366329 0.0280976 0.0558421 0.038298 0.0662129 0.0590592 0.0337244 0.0367963 0.0709569 
0.0454666 0.0659715 0.0552105 0.0557048 0.06644 0.054467 0.0460162 0.0543522 0.044601 0.0456982 0.0382718 0.0403506 0.0329671 0.0539018 0.043064 0.0602056 0.0560788 0.0367961 0.0398076 0.0646288 
0.0437067 0.0612948 0.0534428 0.0528948 0.0624007 0.0549654 0.0482551 0.0566033 0.044736 0.0456745 0.0444138 0.0445174 0.0388253 0.0514932 0.0486217 0.0537367 0.0527145 0.0404212 0.0432495 0.0580328 
0.0417982 0.056268 0.0514689 0.0500365 0.0581322 0.0549811 0.0501865 0.0584409 0.0445084 0.0455509 0.0514148 0.048985 0.0455379 0.0487068 0.0547515 0.0471273 0.0491303 0.0444969 0.0469837 0.0514944 
0.0398553 0.0511382 0.0493834 0.0472782 0.0538264 0.0544826 0.0516685 0.059705 0.0438877 0.0453514 0.058927 0.0535451 0.0528337 0.0456966 0.0611199 0.0407502 0.0455312 0.0488474 0.0508136 0.045359 
0.0379982 0.0461827 0.0472996 0.0447611 0.0496881 0.0535176 0.0526312 0.0603132 0.0429065 0.0451009 0.0665052 0.0579778 0.0603556 0.0426491 0.0673437 0.0349478 0.0421229 0.0532581 0.0545253 0.0399154 
0.0363241 0.0416437 0.0453201 0.0425868 0.0458896 0.0522018 0.053092 0.0602763 0.0416518 0.0448202 0.0737056 0.0621071 0.0677448 0.0397406 0.0730743 0.0299567 0.0390676 0.057525 0.0579356 0.0353369 
0.0348883 0.0376787 0.0435143 0.0408011 0.0425383 0.0506844 0.0531412 0.0596839 0.0402399 0.0445223 0.0801758 0.0658369 0.0747165 0.0371013 0.0780616 0.025873 0.0364572 0.0614961 0.0609276 0.0316619 
0.0337039 0.0343476 0.0419109 0.0393995 0.0396703 0.0491106 0.0529092 0.0586718 0.0387895 0.0442138 0.0857014 0.0691516 0.0810965 0.0348013 0.0821764 0.0226681 0.0343122 0.0650874 0.0634589 0.0288195 
0.0533196 0.0684208 0.0558443 0.0608594 0.0678127 0.0489793 0.0453243 0.0460002 0.0477548 0.0461448 0.0255089 0.0343689 0.0242856 0.062347 0.0298779 0.0833398 0.0634677 0.0316432 0.0322235 0.0724778 
0.0519065 0.0655929 0.0546164 0.0587148 0.0650633 0.0500452 0.0479813 0.0483154 0.0485039 0.0464558 0.0285032 0.0377857 0.0281595 0.0608234 0.0328918 0.077565 0.0612908 0.0340848 0.0342588 0.0674416 
0.0501596 0.0622845 0.0531333 0.0563569 0.061938 0.0509529 0.0507311 0.0506969 0.0490882 0.0466351 0.0323755 0.0418104 0.0331066 0.0587513 0.0366696 0.0709346 0.0586009 0.0371483 0.0367374 0.0618891 
0.0481039 0.0584997 0.0513981 0.0538314 0.0584652 0.0515868 0.0533953 0.0529884 0.0493891 0.04669 0.0371687 0.0463999 0.0391906 0.0561243 0.0411844 0.0636403 0.0554638 0.04085 0.0396316 0.0559987 
0.0458182 0.0543253 0.0494507 0.0512254 0.0547344 0.0518462 0.0557682 0.055004 0.0492994 0.0466369 0.042799 0.0514211 0.0463375 0.0530135 0.0463013 0.0560035 0.0520104 0.0451244 0.0428513 0.0500295 
0.043429 0.0499331 0.0473705 0.0486597 0.0508909 0.051673 0.0576616 0.0565655 0.0487573 0.0464982 0.049036 0.0566561 0.0543102 0.0495705 0.0517751 0.0484389 0.0484264 0.0498164 0.0462462 0.0442857 
0.0410863 0.0455498 0.045263 0.0462626 0.0471101 0.0510724 0.0589538 0.0575467 0.0477699 0.0462987 0.0555332 0.0618454 0.0627378 0.0460025 0.0572872 0.0413715 0.0449206 0.0547038 0.0496317 0.0390534 
0.0389262 0.0414031 0.0432343 0.0441378 0.0435586 0.050115 0.0596217 0.0579042 0.0464141 0.0460604 0.0619002 0.0667521 0.0711958 0.042526 0.062514 0.0351406 0.0416814 0.0595463 0.0528303 0.034538 
0.0370419 0.0376708 0.0413658 0.0423431 0.0403594 0.0489166 0.0597381 0.0576794 0.044814 0.0457977 0.0677888 0.0712167 0.0793036 0.0393198 0.067194 0.0299341 0.038839 0.0641382 0.0557107 0.0308285 
0.0354717 0.0344514 0.0396999 0.0408885 0.0375753 0.0476057 0.0594416 0.0569773 0.0431093 0.0455175 0.0729528 0.0751769 0.0867893 0.0364961 0.0711652 0.0257804 0.0364512 0.0683415 0.0582058 0.0279029 
0.0571622 0.0604188 0.052452 0.0586762 0.0596364 0.0465538 0.0521382 0.0448769 0.0528583 0.0472485 0.0246813 0.0386274 0.0280195 0.0659585 0.0282471 0.0898111 0.0630182 0.0342656 0.0320506 0.0632995 
0.0552374 0.0578967 0.0509945 0.056575 0.0570142 0.0474092 0.0552411 0.0471028 0.0536124 0.0475152 0.0275102 0.0428712 0.0329252 0.0638127 0.0311564 0.0826607 0.0606631 0.0372554 0.0340401 0.0585067 
0.052925 0.0549711 0.0493013 0.0543254 0.0540882 0.0480894 0.0583215 0.0493452 0.0540917 0.0476489 0.0311052 0.0477914 0.0390793 0.0610375 0.0347147 0.0746387 0.0578225 0.0409459 0.0364081 0.0533495 
0.0502916 0.0516664 0.0473976 0.0519863 0.0509058 0.0485014 0.0611545 0.0514408 0.0541683 0.0476641 0.0354553 0.0532828 0.0464795 0.0576763 0.0388524 0.0660461 0.0545904 0.0453151 0.0391042 0.0480214 
0.0474661 0.0480811 0.0453457 0.0496496 0.0475662 0.0485755 0.0635107 0.0532111 0.0537487 0.0475828 0.0404314 0.0591359 0.0549488 0.0538642 0.0434047 0.0573152 0.0511226 0.0502435 0.0420231 0.042773 
0.0446202 0.0443784 0.0432398 0.0474241 0.0442069 0.0482871 0.0652125 0.0545022 0.0528074 0.0474303 0.0457891 0.0650664 0.0641357 0.0498147 0.048126 0.048938 0.0476164 0.0555207 0.0450176 0.0378668 
0.0419294 0.0407504 0.0411844 0.0454073 0.0409761 0.0476671 0.0661819 0.0552232 0.0514002 0.0472301 0.051213 0.0707806 0.0735785 0.0457762 0.0527373 0.0413582 0.0442722 0.0608853 0.0479288 0.0335201 
0.0395311 0.0373725 0.0392691 0.0436622 0.037999 0.0467942 0.0664568 0.0553658 0.0496497 0.0469991 0.0563866 0.0760474 0.0828103 0.0419763 0.0569869 0.034875 0.0412518 0.0660838 0.0506231 0.0298595 
0.0375012 0.0343674 0.0375499 0.0422086 0.0353565 0.0457718 0.0661689 0.0549949 0.0477112 0.046746 0.0610561 0.0807406 0.0914537 0.0385779 0.0606958 0.0296019 0.0386511 0.0709208 0.0530172 0.0269089 
0.0358525 0.0317917 0.0360447 0.0410321 0.0330786 0.0447013 0.0654986 0.0542239 0.0457383 0.0464732 0.0650639 0.084839 0.0992685 0.0356629 0.0637724 0.0254899 0.0364972 0.075279 0.0550832 0.0246095 
0.0625535 0.054946 0.0503287 0.0583094 0.0541571 0.0432732 0.0559067 0.041693 0.0570602 0.0479351 0.021648 0.03913 0.0276821 0.0710146 0.0243792 0.102491 0.0641858 0.0342572 0.0301833 0.0588664 
0.060502 0.0531082 0.0489025 0.0564263 0.051977 0.044023 0.0593099 0.0437175 0.0579787 0.0482915 0.023633 0.043488 0.0324319 0.0688567 0.0265633 0.0949649 0.0621875 0.0371139 0.0317461 0.0547783 
0.0579914 0.0509608 0.0472602 0.0544235 0.0495492 0.0446772 0.0627663 0.045841 0.0586409 0.0485059 0.0262232 0.0486199 0.0384965 0.0660143 0.0292943 0.086368 0.059691 0.0407069 0.0336378 0.0503318 
0.0550685 0.0484827 0.0454148 0.0523389 0.0468892 0.0451566 0.0660448 0.0479294 0.0589047 0.0485901 0.0294527 0.0544587 0.0459481 0.0624975 0.0325476 0.076963 0.0567533 0.0450597 0.0358379 0.0456621 
0.0518525 0.0457098 0.0434123 0.0502388 0.0440554 0.0453927 0.0688853 0.0498176 0.0586479 0.0485651 0.0332691 0.0608213 0.0546883 0.0584125 0.0362233 0.0671719 0.053494 0.050099 0.0382801 0.0409633 
0.048525 0.0427397 0.0413323 0.0482096 0.041146 0.0453445 0.071057 0.0513406 0.0578089 0.0484564 0.0375201 0.0674195 0.0644184 0.0539623 0.0401458 0.057527 0.050086 0.0556442 0.0408559 0.0364608 
0.0452935 0.0397147 0.0392734 0.0463376 0.0382816 0.0450129 0.072419 0.0523734 0.0564125 0.0482895 0.0419727 0.0739169 0.074676 0.0494126 0.0440909 0.0485641 0.0467273 0.0614334 0.043433 0.0323651 
0.0423426 0.0367885 0.0373296 0.0446854 0.0355783 0.0444423 0.0729561 0.0528606 0.0545675 0.0480849 0.046362 0.0800104 0.0849325 0.0450333 0.0478336 0.0407031 0.0435992 0.067179 0.0458863 0.0288253 
0.0397943 0.03409 0.035568 0.0432785 0.033125 0.0437073 0.0727742 0.0528233 0.0524367 0.0478543 0.0504484 0.0854973 0.0947098 0.0410413 0.0511933 0.0341684 0.0408317 0.0726299 0.0481251 0.0259036 
0.0376951 0.0317012 0.0340195 0.0421094 0.0309705 0.0428916 0.0720582 0.0523438 0.0501962 0.0476017 0.0540598 0.0902973 0.10366 0.0375677 0.05406 0.0289831 0.0384875 0.0776116 0.0501055 0.0235804 
0.0657483 0.0482284 0.0469558 0.0560082 0.0471132 0.0409438 0.0627605 0.0406519 0.0620171 0.0489181 0.0206447 0.0436686 0.0316715 0.0736653 0.0228621 0.107385 0.0631525 0.0367502 0.0298536 0.0510014 
0.0631093 0.046745 0.0453717 0.0542116 0.045117 0.0415212 0.0665263 0.0426085 0.0628594 0.0492165 0.0224358 0.0488827 0.0375022 0.0708371 0.0249135 0.0984062 0.0610224 0.0401716 0.031336 0.0472062 
0.059975 0.045003 0.0435956 0.0523498 0.0429261 0.0419994 0.0702025 0.0446193 0.0633221 0.0493731 0.0247398 0.0549235 0.0448083 0.0672678 0.027413 0.0883892 0.0584283 0.0444035 0.0330938 0.043167 
0.0564441 0.042991 0.0416589 0.0504688 0.0405667 0.0423183 0.0735139 0.0465418 0.0632609 0.0494066 0.0275555 0.0616494 0.0535786 0.0630262 0.0303084 0.0777199 0.0554512 0.0494233 0.0350914 0.039025 
0.0526936 0.0407478 0.0396254 0.0486346 0.0381007 0.0424323 0.0761861 0.0482149 0.0625781 0.0493421 0.0308045 0.0687916 0.063594 0.0582886 0.0334832 0.0669375 0.0522313 0.0550958 0.0372551 0.034963 
0.0489507 0.0383611 0.0375841 0.0469199 0.0356175 0.0423236 0.078014 0.0494934 0.0612606 0.0492068 0.0343311 0.0759926 0.0744298 0.0533194 0.036769 0.0566445 0.0489496 0.0611794 0.0394827 0.0311708 
0.0454422 0.0359482 0.0356289 0.045383 0.0332165 0.0420091 0.0789164 0.0502838 0.0593913 0.0490245 0.037931 0.0828877 0.0855319 0.0484175 0.039977 0.0473762 0.0457937 0.0673717 0.0416648 0.0278049 
0.0423416 0.0336274 0.0338361 0.0440524 0.0309847 0.0415357 0.0789529 0.0505639 0.0571285 0.0488115 0.0413962 0.0891922 0.0963401 0.0438506 0.042939 0.0394849 0.0429189 0.0733764 0.0437116 0.0249556 
0.0397403 0.0314923 0.0322492 0.0429254 0.0289823 0.0409662 0.0782939 0.0503797 0.0546644 0.0485749 0.0445564 0.0947504 0.106398 0.0398048 0.0455369 0.0330959 0.0404218 0.0789598 0.0455689 0.0226387 
0.0376488 0.0295985 0.0308778 0.0419787 0.0272374 0.0403627 0.0771665 0.0498248 0.0521831 0.0483156 0.0473025 0.0995343 0.115409 0.0363689 0.0477119 0.0281369 0.0383357 0.0839763 0.0472203 0.0208108 
0.0707971 0.0435274 0.0452289 0.0554274 0.0426455 0.0382667 0.0654964 0.0379719 0.0656037 0.0493591 0.0184113 0.0434634 0.0307137 0.0780656 0.0199713 0.119487 0.0635921 0.0362138 0.0283356 0.0474233 
0.0681023 0.0425775 0.0437085 0.0537941 0.0410068 0.0387377 0.0694881 0.0397332 0.0666186 0.0497428 0.0195967 0.048636 0.0361948 0.0753236 0.0214882 0.110339 0.0618249 0.0394074 0.0294806 0.0441995 
0.0648438 0.0414518 0.042009 0.0521138 0.0392161 0.0391667 0.0734884 0.0416153 0.0672839 0.0499767 0.0211747 0.0547296 0.0431851 0.0718007 0.0233762 0.0999457 0.0595968 0.0434314 0.0308628 0.040732 
0.0610922 0.0401073 0.0401491 0.0504185 0.0372763 0.0395046 0.0772232 0.0435022 0.067441 0.0500744 0.0231741 0.061655 0.0517588 0.0675236 0.0256141 0.0886352 0.0569515 0.0483129 0.0324685 0.037118 
0.057006 0.0385365 0.0381771 0.0487577 0.0352195 0.0397092 0.0803906 0.0452473 0.066961 0.0500591 0.0255687 0.0691829 0.0617923 0.0626294 0.0281312 0.0769203 0.0539913 0.0539703 0.0342533 0.0334967 
0.0528164 0.0367755 0.03617 0.0471906 0.0331055 0.039754 0.0827285 0.0466998 0.0657894 0.0499582 0.0282678 0.0769609 0.0729329 0.0573623 0.0308083 0.0654352 0.05087 0.0602015 0.036143 0.0300305 
0.0487812 0.0348982 0.0342182 0.04577 0.0310117 0.0396374 0.0840838 0.0477395 0.0639728 0.0497984 0.0311274 0.0845838 0.084642 0.0520319 0.0334968 0.0548096 0.0477675 0.0667112 0.0380484 0.0268706 
0.0451242 0.0329988 0.0324039 0.044526 0.0290165 0.0393829 0.0844522 0.0483056 0.0616523 0.0496005 0.0339799 0.0916889 0.0963082 0.0469458 0.036049 0.0455285 0.0448527 0.073174 0.0398861 0.0241241 
0.0419893 0.0311682 0.0307821 0.0434597 0.0271838 0.0390326 0.0839688 0.0484061 0.0590255 0.0493763 0.0366706 0.0980337 0.107378 0.0423462 0.0383489 0.0378431 0.0422507 0.0793034 0.0415974 0.0218362 
0.0394267 0.0294761 0.0293745 0.0425505 0.0255537 0.0386339 0.0828577 0.0481063 0.0562999 0.0491297 0.0390845 0.103522 0.117446 0.0383743 0.0403269 0.0317677 0.0400264 0.0848954 0.043155 0.0199933 
0.0728337 0.038658 0.0423127 0.0532739 0.0373582 0.0363833 0.0716297 0.0372535 0.0698457 0.0500611 0.0175322 0.0479733 0.0346902 0.0793491 0.018888 0.121812 0.0621545 0.0384949 0.0280233 0.0414738 
0.0695372 0.0380174 0.0406938 0.0517333 0.0358939 0.0367344 0.075864 0.0389739 0.0707106 0.0503749 0.0185664 0.0539829 0.0412341 0.0759566 0.0202992 0.111289 0.0602889 0.0422474 0.0290985 0.0385044 
0.0656652 0.0372235 0.0389168 0.0501841 0.0343075 0.0370465 0.0799474 0.0407715 0.0710988 0.0505436 0.0199314 0.0609446 0.0494202 0.071756 0.0220076 0.0996033 0.0579981 0.0468934 0.0303743 0.0353664 
0.0613474 0.0362367 0.0370161 0.0486633 0.0326084 0.0372842 0.0835698 0.0425208 0.0708571 0.0505859 0.0216343 0.0686846 0.0592248 0.0668377 0.0239744 0.0872126 0.0553463 0.0524074 0.0318279 0.0321607 
0.0568024 0.0350502 0.0350553 0.047219 0.0308311 0.0374201 0.0864259 0.0440768 0.0698912 0.0505274 0.0236334 0.0768816 0.0703912 0.061409 0.0261205 0.074744 0.0524531 0.0586392 0.0334103 0.0290185 
0.0523033 0.0336946 0.0331182 0.0458986 0.0290303 0.0374419 0.088294 0.0453054 0.0682045 0.0503957 0.0258375 0.0851158 0.0824359 0.0557701 0.0283343 0.0628891 0.0494786 0.0653224 0.0350527 0.0260774 
0.0481159 0.0322313 0.0312896 0.0447333 0.0272712 0.0373563 0.089095 0.0461155 0.0659079 0.0502153 0.028122 0.0929623 0.0947358 0.0502527 0.0304939 0.052253 0.0465926 0.0721232 0.0366822 0.0234513 
0.0444397 0.0307366 0.0296349 0.043729 0.0256148 0.0371868 0.0889074 0.0464786 0.0631924 0.0500031 0.0303563 0.10009 0.106663 0.0451479 0.0324922 0.0432272 0.0439396 0.0787139 0.0382394 0.021207 
0.0413748 0.0292827 0.0281882 0.042868 0.0241079 0.0369661 0.087933 0.0464284 0.0602804 0.0497674 0.0324302 0.106319 0.117708 0.0406538 0.0342555 0.035942 0.0416138 0.0848338 0.0396898 0.0193582 
0.038927 0.0279252 0.0269533 0.0421225 0.0227784 0.0367259 0.0864343 0.0460441 0.05738 0.0495104 0.0342694 0.111614 0.127536 0.0368598 0.0357489 0.0303046 0.0396527 0.0903166 0.0410223 0.0178758 
