20 hexa 10 10 gaussian
#SNAPSHOT FILE
#iterations: 8000 (200000 total)
0.0298067 0.0863732 0.0544761 0.0906363 0.129765 0.0376162 0.0164624 0.0252466 0.0242849 0.0412387 0.0210873 0.0165555 0.0156933 0.0303149 0.0384096 0.026492 0.0620914 0.0206243 0.0330884 0.199741 
0.0289095 0.118059 0.0577248 0.0776099 0.117651 0.0438425 0.0192678 0.030707 0.0258757 0.0408241 0.0217475 0.0192368 0.0169608 0.0364674 0.0390942 0.0264275 0.0604506 0.0213405 0.031673 0.166133 
0.0276688 0.153055 0.0613105 0.0612007 0.101507 0.0562629 0.0223028 0.041601 0.0272972 0.0400478 0.0233017 0.0227174 0.019143 0.0431983 0.0401779 0.0262854 0.0567649 0.0222338 0.0299524 0.123972 
0.0265483 0.174758 0.0647115 0.0451657 0.085322 0.07596 0.0241277 0.0590175 0.0277738 0.0394215 0.0276453 0.0257748 0.0217288 0.0474965 0.0426361 0.0258292 0.050779 0.0229387 0.0288637 0.0835034 
0.0260672 0.169283 0.0674005 0.03344 0.0739113 0.0984439 0.0238206 0.0798882 0.0268509 0.039386 0.0387502 0.0273047 0.0238506 0.0470517 0.0481118 0.0249621 0.0432367 0.0233898 0.0297636 0.0550894 
0.0262412 0.138792 0.0687134 0.0268283 0.0682588 0.11369 0.0220726 0.0968438 0.0247576 0.0397306 0.0626144 0.0275014 0.0250529 0.0426324 0.0589998 0.023617 0.0355926 0.023922 0.0338219 0.0403173 
0.0265411 0.0979111 0.0677949 0.0239561 0.0657805 0.11198 0.0204286 0.101393 0.0220896 0.0397307 0.103067 0.0273309 0.025584 0.0371328 0.0776868 0.0216164 0.0292365 0.0248257 0.0415918 0.0343243 
0.0263987 0.0628365 0.0645852 0.0234811 0.0638406 0.0934942 0.0197664 0.0908064 0.0194919 0.038868 0.152776 0.0272572 0.0259975 0.0331641 0.103061 0.0189801 0.0249253 0.0259681 0.0520999 0.0322034 
0.0257845 0.0413949 0.0605411 0.0243799 0.0617443 0.0700632 0.0197774 0.0724182 0.0174589 0.0373439 0.195013 0.0270745 0.0266031 0.0314058 0.129042 0.0162561 0.0225043 0.0269796 0.0628346 0.0313815 
0.0251051 0.0311281 0.057217 0.0257425 0.0598253 0.0520637 0.0198989 0.0554505 0.0161395 0.0356471 0.22038 0.0266902 0.027381 0.0310146 0.150252 0.0140472 0.021338 0.0277331 0.0719872 0.030962 
0.036832 0.090786 0.0601659 0.0880958 0.124133 0.0376178 0.0198871 0.0260612 0.026964 0.0442189 0.0204143 0.0179479 0.01653 0.0396318 0.0375997 0.0303678 0.0733994 0.0236485 0.0322609 0.153439 
0.0345525 0.120998 0.0629172 0.0732796 0.109354 0.0454154 0.0233796 0.0356308 0.0301745 0.0434835 0.0212048 0.0212644 0.0183668 0.0477844 0.0376547 0.029515 0.0680215 0.0242535 0.0304467 0.122304 
0.0316592 0.147941 0.0656935 0.0564265 0.091739 0.0593964 0.0264283 0.0529405 0.033097 0.0425011 0.0233081 0.0250906 0.0211257 0.0543999 0.0385898 0.0280855 0.0601248 0.0248612 0.028663 0.0879301 
0.0291651 0.156188 0.0681056 0.0418878 0.0765013 0.0784128 0.027462 0.0770228 0.0343276 0.0419212 0.0290886 0.0280889 0.024035 0.0556986 0.0420307 0.02615 0.0506793 0.0253702 0.0282855 0.0595785 
0.0278219 0.139688 0.0695724 0.0324746 0.0673106 0.095933 0.0261788 0.100947 0.0331656 0.0419997 0.0428216 0.029609 0.0262274 0.0509354 0.0501839 0.024029 0.0413031 0.0261852 0.0310227 0.0425916 
0.0274886 0.10684 0.0691215 0.0277472 0.0633319 0.102805 0.0238525 0.114149 0.0299869 0.0422551 0.0694194 0.0301505 0.0274988 0.0431246 0.0657563 0.0218557 0.0333631 0.0278852 0.0384065 0.0349622 
0.027481 0.0721795 0.0660842 0.0260556 0.0616073 0.0940781 0.0219565 0.108965 0.0257912 0.0418972 0.108576 0.0302822 0.0282967 0.0362005 0.0899135 0.0195223 0.0276361 0.0305031 0.0508602 0.032114 
0.0272824 0.0469328 0.061395 0.0261091 0.06018 0.0752117 0.0209892 0.0889862 0.0218343 0.0405777 0.149177 0.0299805 0.0291329 0.0322848 0.118386 0.017102 0.0241769 0.0332476 0.066057 0.0309585 
0.0269119 0.0332457 0.0570236 0.0269793 0.0587021 0.0569933 0.0205979 0.0663662 0.0189822 0.0386504 0.178207 0.0292158 0.0301535 0.0309286 0.143783 0.0149675 0.0223919 0.0353304 0.0802494 0.0303219 
0.0266239 0.0270784 0.0540159 0.0280396 0.0572902 0.0447734 0.0204332 0.049067 0.0172964 0.036621 0.192685 0.0283058 0.0312861 0.0307197 0.162483 0.0133746 0.0215941 0.036707 0.0916937 0.0299153 
0.0504242 0.0665137 0.0635012 0.0960258 0.123275 0.0330698 0.0211891 0.0215831 0.028328 0.047555 0.0190314 0.0169169 0.0161739 0.0457254 0.0354921 0.0382541 0.0903183 0.027576 0.0324062 0.126643 
0.0472133 0.088056 0.0649273 0.0840957 0.111404 0.0375241 0.0250346 0.029237 0.0334358 0.0473764 0.0194074 0.0197497 0.0173938 0.0554577 0.0347563 0.0364516 0.0831039 0.0277344 0.0307245 0.106918 
0.0422234 0.11243 0.0663155 0.0686159 0.0950978 0.0461403 0.0293325 0.0445736 0.0396514 0.0466813 0.0202785 0.023923 0.0198074 0.0648704 0.034328 0.0335452 0.0727439 0.0279609 0.0286583 0.0828241 
0.0366477 0.128448 0.0676065 0.0527805 0.07813 0.0596562 0.0323386 0.0691828 0.0447842 0.0459066 0.0228272 0.0285442 0.0231455 0.0690032 0.0357652 0.0296093 0.0604532 0.0282445 0.0272425 0.0596849 
0.0322112 0.125747 0.0686002 0.0406185 0.0656036 0.0751402 0.0325585 0.0983934 0.0463007 0.0455936 0.029581 0.0323553 0.0265237 0.0646875 0.041177 0.0255053 0.0484656 0.0291362 0.0283587 0.0434429 
0.0297281 0.105151 0.0684618 0.0335591 0.0592368 0.0860494 0.0303031 0.121088 0.0434344 0.0457417 0.0443459 0.0348641 0.0292146 0.0541773 0.0529849 0.0220538 0.0385529 0.0316581 0.0342362 0.0351602 
0.0287989 0.0766789 0.0660331 0.0303776 0.0569692 0.0861845 0.0271527 0.12549 0.037363 0.0457351 0.0698195 0.0361479 0.0312516 0.0428036 0.0733892 0.0194068 0.0314075 0.0364094 0.0467675 0.0318147 
0.0286006 0.051435 0.0613369 0.0293627 0.0561233 0.0752518 0.0244886 0.108754 0.0303285 0.0448137 0.102051 0.0360774 0.0330915 0.034792 0.101024 0.0173103 0.0269691 0.0424993 0.065336 0.0303551 
0.0285658 0.0353069 0.0561779 0.0293745 0.0553616 0.0602886 0.0227803 0.0818976 0.0245462 0.0428197 0.130258 0.0347286 0.0349593 0.0310372 0.128996 0.0155906 0.0246005 0.0478964 0.0853943 0.0294211 
0.0285621 0.0272965 0.0522826 0.0298086 0.0544353 0.0483056 0.0218348 0.0582538 0.0208657 0.0402884 0.147282 0.0328114 0.0367711 0.0299151 0.150913 0.0142407 0.0234605 0.0514757 0.102435 0.0287633 
0.0658084 0.059756 0.0663633 0.0904678 0.103746 0.0325703 0.0272817 0.0237267 0.0368556 0.0503543 0.0178177 0.0185817 0.0166929 0.0653728 0.0313246 0.0499479 0.0984359 0.032065 0.0304641 0.0823678 
0.0590625 0.0766178 0.0659212 0.0782897 0.0909807 0.0372052 0.0328489 0.0354908 0.0463436 0.0505156 0.0180102 0.0226533 0.0184006 0.0775571 0.0299346 0.0451765 0.0862344 0.0317835 0.0284897 0.0684863 
0.050171 0.0924784 0.0652446 0.063813 0.0755455 0.0451275 0.0384081 0.0567065 0.0566967 0.0502687 0.0187982 0.0286291 0.0215058 0.08563 0.0295773 0.0383338 0.0713784 0.0316099 0.0265402 0.0535373 
0.0414364 0.0987254 0.0647344 0.0504867 0.0618393 0.0558994 0.0415856 0.0863249 0.0634962 0.0499737 0.021403 0.0354958 0.0256613 0.0837655 0.0322464 0.030664 0.0565353 0.0322605 0.0261529 0.0413136 
0.0350423 0.0909359 0.0642258 0.0412651 0.053422 0.0663066 0.0409645 0.115613 0.0631942 0.0499615 0.0280686 0.0417255 0.0300303 0.0716537 0.0400681 0.0241071 0.0443124 0.035247 0.0297376 0.0341194 
0.0315157 0.0728663 0.0625407 0.036377 0.0500774 0.0715684 0.0372813 0.131215 0.0559573 0.0501123 0.041482 0.0460659 0.0341633 0.0551356 0.0551573 0.0196487 0.0357222 0.0421084 0.0400895 0.0309158 
0.0301445 0.0524061 0.0587274 0.0342202 0.0493811 0.0687411 0.0324206 0.123907 0.0449559 0.0497396 0.0619724 0.0474622 0.0382389 0.0409382 0.0781916 0.0170939 0.0305312 0.052746 0.0587861 0.0293965 
0.0299311 0.0364121 0.0536508 0.0332221 0.0492988 0.0599491 0.028135 0.098407 0.034398 0.0481016 0.0841941 0.0456249 0.0423162 0.0324784 0.105006 0.0157463 0.0278803 0.0641978 0.0828396 0.0282103 
0.0301229 0.0271447 0.0492403 0.0326658 0.049007 0.0506453 0.0252425 0.0700639 0.0269962 0.045303 0.100809 0.0419056 0.0460102 0.0289831 0.128395 0.0149521 0.0266683 0.0729225 0.105722 0.0272029 
0.0304002 0.0228195 0.0464096 0.03241 0.0483763 0.0441356 0.0236081 0.0490779 0.0228001 0.0421237 0.109451 0.0380785 0.0490862 0.0279813 0.144734 0.0143571 0.0260989 0.0780259 0.123498 0.0265316 
0.0870164 0.0394325 0.0658265 0.0902574 0.0869064 0.0302794 0.0298802 0.020405 0.040018 0.0513904 0.016689 0.0182319 0.0167222 0.074603 0.0275515 0.0735623 0.107791 0.035685 0.0296232 0.0581323 
0.0793301 0.0486966 0.0638427 0.0820552 0.078455 0.032504 0.0366974 0.0282197 0.0514798 0.0523182 0.0164532 0.0219187 0.0177619 0.0882525 0.0258568 0.0665647 0.0953146 0.0349837 0.0279351 0.0513618 
0.0680931 0.059596 0.0611445 0.0710667 0.0669239 0.03632 0.0450642 0.0434239 0.0662718 0.0529233 0.0163471 0.0286169 0.0201785 0.0998625 0.0243909 0.0561814 0.0796975 0.0343193 0.0259771 0.0436022 
0.0554069 0.0678117 0.0584528 0.0591604 0.0549504 0.0420889 0.0525605 0.0675335 0.0797498 0.0532117 0.0168545 0.0384553 0.0242787 0.102407 0.0247671 0.0434414 0.0633659 0.0344747 0.0246572 0.0363717 
0.0443989 0.0686247 0.0565098 0.0492549 0.0461119 0.0490907 0.0559543 0.0963411 0.0853284 0.0534283 0.0190312 0.0498537 0.0297572 0.092007 0.028819 0.0314502 0.0494516 0.03725 0.0259158 0.0314216 
0.0369244 0.0611292 0.054919 0.0430134 0.0418503 0.0550824 0.0538192 0.119098 0.0799302 0.053799 0.0245458 0.0599613 0.036157 0.0725224 0.0382332 0.022754 0.0396616 0.0450969 0.0325631 0.0289394 
0.0329188 0.0485614 0.0523826 0.0398331 0.0408589 0.0573746 0.0473406 0.123816 0.066053 0.0540738 0.034828 0.0655868 0.0435254 0.0520477 0.0543014 0.0178361 0.0339627 0.0595226 0.0475051 0.0276718 
0.0314086 0.0358241 0.04848 0.0380247 0.0410809 0.0550633 0.0393119 0.107172 0.0496995 0.053345 0.0487223 0.0646512 0.0517635 0.0370229 0.0757157 0.0158266 0.0314074 0.0783367 0.0706765 0.0264669 
0.0312391 0.0266634 0.0444168 0.0364859 0.0412595 0.0502853 0.0325567 0.0800139 0.036583 0.0509836 0.0618076 0.058525 0.0597373 0.0291185 0.097102 0.0153877 0.0306079 0.0956234 0.0964344 0.0251694 
0.0315372 0.0216737 0.0414637 0.0351491 0.0410449 0.0459605 0.0282023 0.056125 0.0285753 0.0475242 0.0705373 0.0509879 0.0662603 0.0260915 0.113485 0.0154032 0.0304075 0.107182 0.118244 0.0241494 
0.0972344 0.031321 0.0600484 0.0790164 0.0613689 0.0309308 0.0405273 0.0241544 0.0540765 0.0517902 0.0157753 0.0222465 0.0183123 0.0926676 0.0223805 0.100537 0.0956961 0.0362156 0.0270893 0.0386149 
0.0853048 0.0372735 0.0561764 0.0720723 0.0542751 0.0323581 0.0515121 0.0334355 0.0705208 0.0527555 0.015199 0.0289584 0.0200772 0.105533 0.0207259 0.0863151 0.0817032 0.035291 0.0254191 0.0350949 
0.0705316 0.0434962 0.0517182 0.0633631 0.0458142 0.0345822 0.0638531 0.0494507 0.0887364 0.0535486 0.0147612 0.0406896 0.0235667 0.112074 0.0198844 0.0674879 0.0663235 0.034966 0.0238398 0.0313137 
0.0560746 0.0473132 0.0478542 0.0547458 0.0383925 0.0378265 0.0733557 0.0713544 0.101325 0.0542277 0.0149216 0.0571026 0.0291312 0.106286 0.0212124 0.0478455 0.0524398 0.0369493 0.0235236 0.028119 
0.0448176 0.0466291 0.0452648 0.0482771 0.0339719 0.0417572 0.0758577 0.0931882 0.101607 0.0550132 0.0165075 0.0748817 0.0368857 0.0884708 0.0259002 0.0320355 0.0422683 0.0440127 0.0265395 0.0261151 
0.0375975 0.0414601 0.0433062 0.0445409 0.0324962 0.0452418 0.0702074 0.105352 0.0889747 0.0559659 0.0206072 0.0884348 0.0473424 0.0653958 0.0349999 0.0220205 0.0363081 0.0590826 0.0356876 0.0249786 
0.033819 0.0337065 0.0409147 0.042397 0.0325311 0.0469605 0.0587785 0.100497 0.0689611 0.0564542 0.0276847 0.0921416 0.0609473 0.0449491 0.0487701 0.0172011 0.0339229 0.0824627 0.0529794 0.0239217 
0.0324261 0.026218 0.038033 0.0404079 0.0327593 0.0466008 0.0463363 0.0814789 0.0497046 0.055391 0.0361902 0.084929 0.076137 0.0316906 0.064745 0.0158823 0.0337897 0.108626 0.0760469 0.0226077 
0.032284 0.02102 0.0355012 0.0382541 0.0326689 0.0452291 0.036872 0.0597853 0.0364109 0.0525901 0.0434053 0.0722367 0.0897603 0.0253044 0.0786654 0.0161446 0.0344078 0.129641 0.0984632 0.0213582 
0.0326033 0.0182266 0.0338255 0.0363769 0.0322633 0.0440428 0.0311529 0.0435701 0.0290584 0.0490121 0.0480623 0.0601703 0.100178 0.0229368 0.0883552 0.0166789 0.0349517 0.142327 0.1157 0.0205113 
0.107339 0.0223402 0.0554839 0.070824 0.0450179 0.0311598 0.0439503 0.022907 0.0543234 0.0500702 0.0159899 0.0237173 0.0197259 0.0894655 0.0194311 0.146617 0.0873602 0.0350796 0.0261998 0.0330015 
0.0965096 0.0252489 0.0514891 0.0673308 0.0414893 0.0312734 0.056938 0.0278604 0.0695263 0.0505914 0.0151836 0.0298418 0.0211189 0.101018 0.0182387 0.129175 0.0768008 0.0342789 0.0248797 0.03121 
0.0821146 0.0291117 0.04634 0.0621493 0.036634 0.0314785 0.0736545 0.0369573 0.0886287 0.0512134 0.0143065 0.0419046 0.0239858 0.10924 0.0172644 0.104316 0.064564 0.0338049 0.023451 0.0288805 
0.0665555 0.0329052 0.0410813 0.0560205 0.0315975 0.0320971 0.0900384 0.0506126 0.105698 0.0520054 0.0136313 0.0613946 0.0289949 0.108136 0.0173607 0.0755425 0.0526806 0.0349875 0.0224796 0.0261807 
0.0530585 0.0350301 0.03704 0.0505276 0.0279087 0.0335544 0.0996281 0.0662881 0.112547 0.053105 0.0136405 0.0861121 0.0368138 0.095238 0.019227 0.0498416 0.043292 0.04021 0.0231651 0.0237721 
0.0433643 0.0344202 0.0345903 0.0469132 0.0261823 0.0358889 0.0981072 0.0784605 0.105208 0.0545762 0.0149897 0.109442 0.0486749 0.07453 0.023403 0.0318208 0.0373922 0.0526274 0.0273475 0.022061 
0.0373675 0.0310858 0.0329719 0.0449234 0.0257739 0.0385607 0.0858965 0.0810542 0.0865496 0.0560672 0.0182899 0.122381 0.0663679 0.0530134 0.0304087 0.0216559 0.0348893 0.0747047 0.0372111 0.0208278 
0.0342985 0.0261282 0.0313348 0.0432194 0.0256605 0.0407267 0.0679789 0.0721423 0.0642215 0.0565926 0.0233631 0.118823 0.0896137 0.0363458 0.0398438 0.0174278 0.0350031 0.104389 0.0532298 0.0196582 
0.0332259 0.0213562 0.0295831 0.0410081 0.0253197 0.0418969 0.0513457 0.057154 0.0459686 0.0553411 0.0287723 0.102277 0.113845 0.0265171 0.0494942 0.0167249 0.0363566 0.133499 0.0718194 0.0184956 
0.0332031 0.0180055 0.028092 0.0386493 0.0247739 0.0423463 0.0399388 0.0436079 0.034628 0.0527011 0.0330337 0.0827418 0.133996 0.0219881 0.0570687 0.0173911 0.0377452 0.154559 0.087962 0.017569 
0.099275 0.019901 0.0480553 0.0592328 0.0314916 0.031504 0.0604642 0.0255324 0.0654098 0.0479932 0.0159718 0.0310896 0.0224722 0.0895092 0.0163261 0.180203 0.0674933 0.0318332 0.0244083 0.0318353 
0.0873653 0.0221658 0.0431298 0.0569012 0.0292095 0.0306136 0.080163 0.0301052 0.0822358 0.0478068 0.0149315 0.042028 0.0249252 0.0971206 0.0158129 0.151575 0.0593074 0.031567 0.0232469 0.0297912 
0.0732345 0.0251672 0.0373363 0.053448 0.0264208 0.029692 0.102778 0.0375588 0.100061 0.0481138 0.0138593 0.0618554 0.0292912 0.0989842 0.0157961 0.11434 0.0507306 0.0323715 0.0221916 0.0267697 
0.0595302 0.028013 0.0321153 0.0496694 0.0239332 0.0293498 0.120535 0.0469938 0.111381 0.0491351 0.0131819 0.0905105 0.0364245 0.0914125 0.0165913 0.0769094 0.0432216 0.0359494 0.0218614 0.0232819 
0.0486548 0.0295095 0.028664 0.0467834 0.0224077 0.030145 0.125656 0.0555892 0.110204 0.0508518 0.0134335 0.122043 0.0478691 0.0757204 0.0183228 0.0480558 0.0378682 0.0447365 0.0232187 0.0202666 
0.0412217 0.0289499 0.0269123 0.0452502 0.0217192 0.0321393 0.115976 0.0598208 0.0966944 0.0529029 0.015098 0.145936 0.0664767 0.057116 0.0212388 0.030178 0.0350436 0.0615225 0.0276253 0.0181796 
0.0367585 0.0263425 0.0259147 0.0442491 0.0212141 0.0348422 0.0953601 0.0573981 0.0761352 0.0545608 0.0183478 0.151657 0.0945353 0.0406394 0.0256263 0.0211023 0.0346427 0.0874599 0.0363667 0.0168475 
0.0346281 0.0225333 0.0248624 0.0427135 0.0204515 0.037377 0.071822 0.0495154 0.0558602 0.0549613 0.0225564 0.136808 0.129085 0.0291268 0.0309905 0.0178387 0.0359616 0.118235 0.0487567 0.0159181 
0.0340768 0.0188967 0.0236338 0.0405852 0.0195237 0.0391124 0.05293 0.0404567 0.0410836 0.0538825 0.0264762 0.111221 0.162015 0.0227138 0.0359582 0.017661 0.0378292 0.145248 0.0614881 0.0152107 
0.0343187 0.016297 0.0224863 0.038481 0.0186839 0.0401385 0.0410056 0.0335218 0.0324053 0.0519767 0.0293161 0.0870082 0.187574 0.0197551 0.0395841 0.0185589 0.039474 0.163213 0.0715162 0.0146887 
0.0951612 0.0180338 0.0462217 0.0506 0.02526 0.0321406 0.0617118 0.0248078 0.060615 0.0459232 0.0170165 0.0324089 0.023351 0.0761735 0.0146574 0.230514 0.0573934 0.0288743 0.0240113 0.0351275 
0.086522 0.0193465 0.0420089 0.0499825 0.0242921 0.030713 0.08225 0.0268987 0.0737007 0.0447574 0.0160644 0.0413309 0.025511 0.0818422 0.0147093 0.202327 0.0526944 0.0289043 0.0230746 0.0330724 
0.0755222 0.0215349 0.036378 0.048608 0.0229716 0.028939 0.109003 0.0306225 0.0894997 0.0441841 0.0148586 0.0590328 0.029343 0.0847026 0.0150768 0.160684 0.0475489 0.0296737 0.022144 0.0296732 
0.0634839 0.0243042 0.0304416 0.0466747 0.0215718 0.0274281 0.134673 0.0358203 0.102561 0.0446759 0.0137817 0.0878781 0.0356502 0.0812252 0.0158232 0.112571 0.0425382 0.032295 0.0215446 0.0250571 
0.0527014 0.0266433 0.0258894 0.0449256 0.0204954 0.0269976 0.148212 0.0410602 0.106288 0.046321 0.0134137 0.124037 0.0458079 0.0707358 0.0167785 0.0708832 0.038305 0.0383388 0.0217454 0.0204207 
0.0446022 0.0275621 0.0234507 0.0440394 0.0198114 0.0280363 0.143859 0.0443725 0.0987064 0.0486347 0.0142484 0.157121 0.0627651 0.0565164 0.0179163 0.0429262 0.0353646 0.0497832 0.0233619 0.0169219 
0.0392474 0.0266264 0.0224668 0.0437664 0.0191386 0.0303436 0.124032 0.0443587 0.0828958 0.0508841 0.0165317 0.174532 0.0906612 0.042614 0.0195519 0.0273873 0.0340998 0.0686894 0.0273222 0.0148506 
0.0362457 0.0239752 0.0218108 0.0431613 0.0180922 0.0332293 0.0962952 0.0409684 0.0641943 0.0523904 0.0200402 0.168032 0.130398 0.0316015 0.0219371 0.0202547 0.0345746 0.094727 0.0341984 0.0138741 
0.0351157 0.0204761 0.0208388 0.0417555 0.0167612 0.0357489 0.070059 0.0359173 0.0479507 0.0527749 0.0238607 0.141908 0.174753 0.024398 0.0246959 0.018136 0.0361814 0.122357 0.0428372 0.0134766 
0.0351529 0.017305 0.0196349 0.0399673 0.0155526 0.0374117 0.051325 0.0314097 0.0368889 0.0522203 0.0269536 0.110589 0.21315 0.0204698 0.0270826 0.018433 0.0380287 0.144362 0.0508088 0.0132559 
0.0822681 0.0184335 0.042263 0.0434785 0.0216601 0.0311221 0.0805168 0.0254557 0.0662035 0.0426024 0.017117 0.0404103 0.0253573 0.0684156 0.0136622 0.248051 0.0465775 0.0263668 0.0228696 0.0371717 
0.0745803 0.0199398 0.0372846 0.0432634 0.0210326 0.0289919 0.108215 0.0272359 0.0786982 0.0411738 0.0160316 0.0545812 0.0286789 0.0708632 0.0144489 0.207944 0.0440229 0.0271495 0.0220754 0.0337907 
0.0652757 0.0223202 0.0311708 0.0427402 0.0203132 0.0267611 0.139721 0.0300224 0.0912912 0.0408604 0.0147888 0.080342 0.0342188 0.0697247 0.0155429 0.154153 0.0414206 0.0292784 0.0214931 0.0285629 
0.0556439 0.0249351 0.0256114 0.042202 0.019659 0.0253859 0.162628 0.0331434 0.0981343 0.0420702 0.0139617 0.117074 0.0430318 0.0633506 0.0165638 0.100271 0.0387241 0.0337281 0.0213836 0.0225002 
0.0474631 0.0266725 0.022135 0.0421026 0.0191261 0.0255672 0.166311 0.0353667 0.0956179 0.0443976 0.0141521 0.156022 0.0574542 0.0532157 0.0172187 0.060175 0.036136 0.0415829 0.0219329 0.0173524 
0.0415407 0.0268329 0.0206874 0.0424744 0.0184894 0.0272939 0.150478 0.0358341 0.0850141 0.0469491 0.0156906 0.184093 0.0819313 0.0423852 0.0177073 0.0364062 0.0342249 0.0543706 0.0235464 0.0140534 
0.0378454 0.0252419 0.0201247 0.0426771 0.0174057 0.0300563 0.122026 0.0344376 0.0699226 0.0490387 0.0185759 0.18968 0.120591 0.033024 0.0184889 0.0243613 0.0335985 0.07347 0.0269151 0.0125211 
0.0361174 0.0222329 0.0193912 0.0420831 0.0158494 0.0329783 0.0905239 0.0318465 0.0544334 0.0503795 0.0222644 0.169938 0.170705 0.026105 0.019763 0.0194355 0.0343624 0.0972568 0.0321597 0.0121752 
0.0358555 0.0187913 0.0182146 0.040823 0.0142665 0.0352022 0.0646995 0.0292203 0.0420153 0.0509887 0.0257095 0.135924 0.220603 0.0217433 0.021215 0.0184339 0.0359297 0.120006 0.0380613 0.0123001 
0.0363077 0.0159166 0.0169217 0.0394481 0.0130993 0.0365226 0.0479242 0.0273324 0.0339031 0.0510776 0.0281256 0.103236 0.259565 0.0193572 0.0224058 0.0191204 0.0376439 0.136687 0.0430192 0.0123888 
