20 hexa 10 10 gaussian
#SNAPSHOT FILE
#iterations: 60000 (200000 total)
0.0261263 0.08087 0.0497445 0.093126 0.121876 0.0339497 0.0159056 0.0245941 0.0241225 0.0389284 0.0227791 0.0201465 0.015424 0.027773 0.0343561 0.0261417 0.0513741 0.0209097 0.0332184 0.238636 
0.0257658 0.122325 0.0538432 0.0812142 0.108213 0.0365246 0.019822 0.0268611 0.025106 0.0388885 0.0231354 0.0238396 0.016714 0.0360397 0.0351174 0.0265362 0.0525557 0.0220849 0.0314421 0.193973 
0.0251347 0.175706 0.0592777 0.0633825 0.0888118 0.0442165 0.0249474 0.0340629 0.026626 0.037625 0.0234165 0.0285162 0.0193165 0.0468758 0.0357195 0.0264839 0.0532458 0.0233973 0.0292495 0.133989 
0.0243589 0.210855 0.0646783 0.044955 0.0711561 0.0633494 0.028303 0.0501293 0.0277311 0.0359466 0.0251128 0.0318966 0.0227393 0.0541144 0.0365972 0.0260144 0.0513169 0.0242245 0.0274553 0.0790699 
0.0238096 0.20133 0.0678341 0.0323054 0.0626377 0.0957123 0.0272513 0.0739754 0.0271562 0.0356808 0.0325294 0.0320182 0.0255893 0.0524017 0.0393683 0.0256588 0.0459073 0.0247237 0.0271232 0.0469898 
0.0237879 0.155321 0.067485 0.025938 0.0624294 0.128874 0.0229003 0.0964688 0.0248079 0.0371733 0.0537508 0.0297865 0.0271271 0.044109 0.0462849 0.025276 0.0387296 0.025419 0.029232 0.0351 
0.0242106 0.101284 0.064277 0.0230054 0.0646952 0.139802 0.0189124 0.105028 0.021882 0.0388982 0.0975594 0.0277275 0.0276592 0.0358993 0.0601328 0.0235564 0.0322805 0.0259747 0.0348198 0.0323982 
0.0245686 0.0610601 0.0605062 0.0217851 0.0647875 0.118586 0.0177714 0.0945405 0.0195763 0.0392273 0.159733 0.0272304 0.0277384 0.0316614 0.0824691 0.0197934 0.0276549 0.0258349 0.0438053 0.0316734 
0.024514 0.039668 0.058153 0.0220356 0.0623803 0.0837848 0.0187121 0.0738362 0.0180309 0.0379003 0.216128 0.0275466 0.0276614 0.0305821 0.109018 0.0154891 0.0246552 0.0253699 0.0536719 0.0308613 
0.0242513 0.0309098 0.0572995 0.0232817 0.0594752 0.0573617 0.0198244 0.0549965 0.0167845 0.0358014 0.248987 0.0275433 0.0275656 0.0305636 0.133016 0.0123939 0.0227442 0.0251931 0.0618889 0.0301219 
0.0309817 0.0875575 0.0577486 0.0913203 0.134829 0.0334659 0.0185146 0.0234382 0.0242591 0.0415882 0.0215644 0.0203104 0.0160921 0.034178 0.0370045 0.0283814 0.0632424 0.0233333 0.033803 0.17839 
0.0298815 0.12865 0.0633355 0.0780371 0.113657 0.037065 0.0233701 0.029739 0.0275679 0.0407077 0.0221041 0.0242143 0.0177541 0.0456824 0.036464 0.0286754 0.0607053 0.0242352 0.0312102 0.136947 
0.0282293 0.170496 0.0694818 0.0594252 0.0880028 0.0474221 0.028424 0.0457014 0.0318206 0.0388785 0.0229089 0.0286753 0.0207793 0.0569864 0.0358922 0.0280553 0.0562984 0.0248414 0.0282684 0.0894136 
0.0266012 0.1836 0.0735775 0.0422292 0.0688012 0.0691529 0.0301026 0.0736131 0.0345668 0.0377316 0.0260109 0.0314474 0.0243631 0.059873 0.0370543 0.0266639 0.0495682 0.0249523 0.0263879 0.0537024 
0.0256427 0.158238 0.0736371 0.0316431 0.0613819 0.0983162 0.0272693 0.105267 0.0338581 0.0384825 0.0364353 0.0315611 0.0271832 0.0524872 0.0423053 0.0252352 0.0415629 0.0253364 0.0272106 0.0369481 
0.0254925 0.113668 0.0698854 0.0266612 0.0615074 0.119239 0.0226917 0.124463 0.030182 0.0402647 0.0619786 0.0303695 0.0287652 0.0415074 0.0542871 0.0236474 0.0342953 0.0264546 0.0324901 0.0321511 
0.0257975 0.0725709 0.0642916 0.0244551 0.0627983 0.115913 0.0197271 0.11893 0.025433 0.0413156 0.107201 0.0295181 0.0293931 0.0337329 0.0762679 0.0209673 0.0289597 0.0277414 0.0437725 0.031215 
0.0259894 0.0460161 0.059499 0.0238597 0.06201 0.090763 0.0192819 0.0930352 0.0213514 0.040533 0.159824 0.0292637 0.0294772 0.0307733 0.107069 0.0172651 0.0253879 0.0285975 0.0594653 0.0305374 
0.0258789 0.0335304 0.0569189 0.0245242 0.0597478 0.0637988 0.0199264 0.0649149 0.0186061 0.0382993 0.197137 0.0288844 0.0294112 0.0304226 0.137836 0.0139714 0.023056 0.0290943 0.0743061 0.0297381 
0.0257171 0.029 0.0559689 0.0257318 0.0574886 0.0469974 0.0204264 0.0455278 0.0168584 0.035716 0.213017 0.0280485 0.0294373 0.0306833 0.162062 0.0118758 0.0215071 0.0294998 0.0852843 0.0291528 
0.0421857 0.0616544 0.0619214 0.0963293 0.15253 0.0313567 0.0184613 0.0193935 0.0235258 0.0450063 0.0195095 0.0174218 0.0159854 0.0361054 0.0383325 0.0326351 0.0835724 0.0264959 0.0358119 0.141768 
0.0402618 0.0859157 0.0667057 0.089315 0.134042 0.0330586 0.022605 0.0243135 0.0286215 0.0446549 0.0201806 0.0201267 0.0167496 0.048605 0.036879 0.0330574 0.0766788 0.0267112 0.0332146 0.118309 
0.0371027 0.11867 0.0723249 0.0753963 0.106464 0.0376243 0.0284838 0.0379239 0.0370407 0.0432139 0.0208915 0.0243931 0.0187276 0.0641546 0.0348413 0.0323191 0.0672141 0.0268489 0.0296102 0.0867548 
0.0332846 0.142369 0.0766804 0.0569765 0.078666 0.0489715 0.0330631 0.0661435 0.0460801 0.041509 0.022131 0.0293119 0.0221864 0.073313 0.0340257 0.0297564 0.0560588 0.0265492 0.0262069 0.0567175 
0.030205 0.138368 0.0772796 0.041545 0.0618622 0.0684358 0.0330016 0.105125 0.0502459 0.0411355 0.0262493 0.0329365 0.0261516 0.0681993 0.0372314 0.0263458 0.0453173 0.0265058 0.0252492 0.0386141 
0.0285492 0.111042 0.0737846 0.0329041 0.0569738 0.0889003 0.02906 0.137643 0.0472386 0.0422815 0.0381286 0.0345462 0.029338 0.0536303 0.0468128 0.023428 0.036598 0.0279888 0.029185 0.0319675 
0.0280493 0.0777889 0.067599 0.0291123 0.0576912 0.0977191 0.0246453 0.144594 0.0393218 0.043662 0.0636692 0.0347591 0.0313426 0.0398142 0.066083 0.0209342 0.0305384 0.0312809 0.0408958 0.0305015 
0.0280533 0.0510706 0.0608818 0.0275778 0.0586096 0.087611 0.0220403 0.120282 0.0302648 0.0436715 0.101934 0.0340956 0.0323993 0.032197 0.0975132 0.0181719 0.0266755 0.0353285 0.0616566 0.0299661 
0.0279569 0.0356996 0.0560746 0.0272886 0.0578897 0.0670609 0.0211985 0.082236 0.0233385 0.0416151 0.137161 0.0326912 0.0329049 0.0300618 0.134051 0.0153691 0.0241293 0.0384887 0.0855687 0.0292204 
0.0276997 0.0294613 0.0538297 0.0277198 0.0563525 0.0504108 0.0210139 0.052701 0.0194274 0.0384826 0.155813 0.0308812 0.0332824 0.0301546 0.164167 0.0132496 0.0223845 0.0401087 0.104285 0.0285766 
0.0591408 0.0551855 0.0681843 0.0930554 0.135959 0.0309502 0.0233004 0.0193327 0.0299778 0.0485262 0.0182611 0.0173602 0.0164827 0.0553955 0.0355602 0.0426033 0.0990366 0.0307341 0.0340532 0.0869005 
0.0537282 0.0727834 0.0715199 0.0865582 0.113092 0.032929 0.029498 0.0289215 0.0420266 0.0478336 0.0187646 0.0207443 0.0174046 0.0748894 0.0325696 0.041311 0.0843238 0.0301552 0.0304629 0.0704832 
0.0464869 0.0918094 0.0740834 0.0727231 0.0846867 0.0372915 0.0366878 0.05144 0.0591227 0.0462995 0.0193037 0.0265197 0.0199126 0.0919177 0.0299003 0.0371818 0.0670394 0.0293325 0.02627 0.0519918 
0.0395237 0.099753 0.074278 0.0556312 0.0617932 0.0464907 0.0405609 0.0892815 0.073308 0.0449983 0.0205056 0.0337521 0.0241743 0.0927402 0.0305959 0.0308584 0.0512928 0.0288456 0.0236279 0.0379867 
0.0347573 0.090804 0.0715369 0.0426619 0.0511369 0.0599573 0.0388729 0.130672 0.0757152 0.0449997 0.0246387 0.0401119 0.0289628 0.0759364 0.0371716 0.0249605 0.0398331 0.0304703 0.0254156 0.0313856 
0.0322118 0.07168 0.0664136 0.0360306 0.0495163 0.0716081 0.0338897 0.154205 0.0659589 0.0461638 0.0355769 0.0438807 0.0330375 0.0539647 0.0519153 0.0209017 0.0326356 0.035862 0.0350498 0.0294983 
0.0310486 0.0513341 0.0598007 0.0332789 0.0510722 0.0735339 0.0287852 0.143536 0.0498683 0.0471653 0.0563436 0.0443213 0.0362006 0.0377643 0.0786088 0.0182178 0.028675 0.0449942 0.0564758 0.0289737 
0.030417 0.0361624 0.0536846 0.031908 0.052174 0.0641782 0.0251587 0.104476 0.0346837 0.0461233 0.0818578 0.0415938 0.0386426 0.0304209 0.115376 0.0161829 0.0265067 0.0546987 0.0874557 0.028298 
0.0298306 0.028595 0.0501233 0.0310393 0.0520327 0.051987 0.0230921 0.0649092 0.0251568 0.0428607 0.100102 0.037468 0.040427 0.0288819 0.149692 0.0146014 0.0249754 0.0607854 0.115861 0.0275797 
0.0293418 0.0261244 0.0488121 0.0305068 0.051319 0.0439367 0.0220436 0.0409368 0.020668 0.0390188 0.107534 0.0337596 0.0417695 0.0292311 0.173536 0.0134534 0.0237172 0.0628691 0.134248 0.0271739 
0.0862757 0.0364723 0.0668859 0.0879649 0.115745 0.0299891 0.0252266 0.0164615 0.031748 0.0515563 0.0173074 0.0164185 0.0169057 0.0630121 0.0321719 0.0623319 0.117866 0.0348123 0.033195 0.0576539 
0.0777911 0.043248 0.0674114 0.0880112 0.10057 0.0312788 0.0319058 0.0222444 0.0450968 0.0513751 0.0172526 0.0190373 0.01725 0.0838119 0.0290566 0.0596592 0.100531 0.0334934 0.0301351 0.0508429 
0.0661765 0.0526408 0.0667536 0.0818987 0.0789486 0.0326524 0.0415558 0.0364272 0.0674435 0.0502478 0.0171782 0.0247119 0.0188164 0.106567 0.0255161 0.0527985 0.0792673 0.0320129 0.0261035 0.0422833 
0.0539773 0.0606092 0.0647214 0.0688448 0.0575119 0.0351639 0.050317 0.0637862 0.0929717 0.048561 0.0171536 0.0344387 0.0225214 0.116364 0.0240011 0.0420843 0.0589026 0.0309807 0.0226353 0.0344536 
0.0446244 0.0620458 0.061745 0.0544674 0.0441182 0.0405989 0.0531551 0.10129 0.107689 0.0474917 0.0178931 0.0464915 0.0280865 0.10351 0.0271205 0.0312372 0.0441091 0.0323474 0.0222676 0.0297125 
0.0388712 0.0561656 0.0581153 0.044758 0.039788 0.048527 0.0493989 0.134281 0.10307 0.048023 0.0211727 0.0570056 0.0342158 0.0765572 0.0364653 0.0233671 0.0352832 0.0389504 0.0281268 0.0278584 
0.0355069 0.0456402 0.0534882 0.0402237 0.0405665 0.0549297 0.0420316 0.14301 0.0825087 0.0498837 0.0294984 0.0621062 0.040332 0.050493 0.0548552 0.018753 0.0310001 0.053046 0.0448636 0.0272633 
0.0334103 0.0343566 0.0482304 0.0378984 0.0425758 0.05527 0.0342311 0.118197 0.0565692 0.0508933 0.0433035 0.0595037 0.0465982 0.0341187 0.0842334 0.0164982 0.0296703 0.0726527 0.0751547 0.0266342 
0.0319967 0.0266196 0.0443331 0.0356214 0.0438013 0.0503437 0.0283166 0.0780689 0.0367235 0.0488401 0.0571481 0.0514902 0.0522891 0.0278107 0.116912 0.0155793 0.0292783 0.0892469 0.109782 0.0258002 
0.0310323 0.023441 0.0427203 0.0334775 0.0440952 0.0452387 0.0249158 0.0481099 0.0264702 0.0446778 0.06553 0.0434079 0.0564915 0.0267417 0.141985 0.015087 0.0286241 0.0972492 0.135468 0.0252377 
0.103692 0.0277212 0.061528 0.0798317 0.0755087 0.0311453 0.0351947 0.0194234 0.0458043 0.0537016 0.0170787 0.0193626 0.0181386 0.085831 0.0250786 0.0936354 0.106006 0.0352199 0.0289167 0.0371826 
0.0881683 0.0311207 0.0584947 0.0804003 0.0630484 0.03165 0.0475599 0.0269359 0.0678076 0.0525197 0.0162695 0.0246177 0.0192922 0.108577 0.0218675 0.0825697 0.0858478 0.0333348 0.0256987 0.0342228 
0.07072 0.0355702 0.0539953 0.0743869 0.0484428 0.0314524 0.0621578 0.042509 0.0985072 0.0504688 0.0154196 0.0354794 0.022407 0.12459 0.0194879 0.0648286 0.0647718 0.0317635 0.0223978 0.0306429 
0.0562064 0.0390982 0.0494147 0.0631963 0.0368605 0.0318213 0.0721772 0.0671392 0.125365 0.0485563 0.0148093 0.0524813 0.0279229 0.120426 0.0199428 0.0457997 0.0481717 0.0323341 0.0207765 0.0275012 
0.0468251 0.0398236 0.0457921 0.0527668 0.0312333 0.0344942 0.0728361 0.0951496 0.133401 0.0482495 0.0150472 0.0719697 0.0352274 0.096972 0.0243501 0.0311731 0.0379091 0.0382579 0.0229977 0.0255245 
0.0411159 0.0370576 0.0427662 0.046751 0.0304439 0.0393234 0.0649146 0.113836 0.118078 0.0502852 0.0173295 0.0870258 0.0440993 0.0671009 0.034155 0.0220832 0.0328809 0.0537031 0.0324999 0.0245509 
0.0372102 0.0312186 0.0395813 0.0438153 0.031906 0.0437554 0.0521203 0.109106 0.0868447 0.0533574 0.0230383 0.0897924 0.055475 0.042723 0.0520495 0.0174422 0.0319558 0.0807151 0.0540061 0.0238881 
0.0344578 0.0248077 0.0367314 0.0407982 0.033468 0.0451761 0.0395336 0.0821874 0.0554786 0.05407 0.031336 0.078452 0.0686859 0.0292258 0.076288 0.016067 0.0332569 0.1114 0.0855226 0.0230551 
0.0327959 0.0208459 0.0352873 0.0371356 0.0342879 0.0441902 0.0311169 0.0537496 0.0359221 0.0511288 0.0385936 0.0622743 0.0802268 0.0245179 0.0982269 0.0162518 0.034338 0.132327 0.11449 0.0222969 
0.0319276 0.0194866 0.0350114 0.0340647 0.0345239 0.0429665 0.0268155 0.0364442 0.0270621 0.0466881 0.0429965 0.0497508 0.0884277 0.0236935 0.113041 0.0165959 0.0343893 0.14093 0.133288 0.021897 
0.120702 0.0204346 0.055703 0.065892 0.0503348 0.0318127 0.0383712 0.0198412 0.0449949 0.0552003 0.0181262 0.0211539 0.0195824 0.079831 0.0213842 0.145965 0.0965365 0.0343753 0.0275022 0.0322561 
0.10462 0.0215127 0.0520311 0.0697925 0.0449523 0.0319566 0.053347 0.0231683 0.0621924 0.0535144 0.0168188 0.0258971 0.0207265 0.0974081 0.0191244 0.131296 0.0821378 0.0327225 0.0252944 0.0314884 
0.0849494 0.0238224 0.0463758 0.0699135 0.0376539 0.0310317 0.0744217 0.03067 0.0898461 0.0508341 0.0152825 0.0367035 0.0236632 0.113738 0.0171709 0.104946 0.0655475 0.0311651 0.0227548 0.0295079 
0.06652 0.0269387 0.0402123 0.0643889 0.0303928 0.0294388 0.0942634 0.0437729 0.120702 0.0481069 0.0138724 0.0566297 0.0290155 0.116838 0.0166509 0.0732146 0.0505483 0.0310262 0.0209354 0.0265321 
0.0536454 0.029494 0.0354695 0.0563316 0.0256026 0.0287824 0.103089 0.0607748 0.139367 0.0469057 0.013003 0.0842384 0.0366042 0.101864 0.0181413 0.046928 0.0401004 0.0350034 0.0210705 0.0235848 
0.0459502 0.0302596 0.0325422 0.050412 0.023862 0.0303894 0.0977646 0.0762346 0.135709 0.0483077 0.013133 0.112127 0.0467972 0.0766769 0.0219616 0.0300909 0.0342579 0.0472248 0.0247939 0.0215051 
0.0409432 0.0284642 0.0306436 0.0475551 0.0241088 0.0340992 0.0813123 0.0818078 0.110811 0.0519505 0.0150776 0.127889 0.0620873 0.0517545 0.0297872 0.0207398 0.0325732 0.0726183 0.0354389 0.0203375 
0.037222 0.0242815 0.0291419 0.045033 0.0248576 0.0381382 0.0602505 0.0718057 0.0762334 0.0552223 0.0194478 0.120359 0.0844409 0.0338289 0.0430184 0.0168357 0.0344325 0.110164 0.0556986 0.0195886 
0.0348251 0.0199095 0.0281305 0.0410069 0.0252224 0.0405357 0.043004 0.0531792 0.0483416 0.0550553 0.0249261 0.0952973 0.109106 0.0246323 0.0580684 0.0166014 0.0375005 0.145646 0.0801131 0.0188982 
0.0337065 0.0173727 0.0277212 0.0368484 0.0252136 0.0412986 0.033156 0.0381178 0.0333554 0.0519249 0.0293083 0.070703 0.128889 0.0213046 0.0695575 0.0176567 0.0394877 0.166723 0.0993174 0.0183383 
0.108045 0.0180456 0.0486402 0.0558217 0.0316394 0.0324937 0.0566838 0.0228556 0.0550642 0.053326 0.0181724 0.0276811 0.0220218 0.0797276 0.0169842 0.193258 0.070114 0.0303482 0.0249592 0.0341205 
0.0912203 0.0194574 0.0431819 0.058602 0.0288238 0.0314453 0.0826889 0.0258739 0.0746653 0.050089 0.0164191 0.0373626 0.0250047 0.0916978 0.0159762 0.16214 0.0604791 0.029391 0.0232626 0.0322214 
0.0729209 0.0221374 0.0361012 0.0580274 0.0253787 0.029503 0.113478 0.0320349 0.101021 0.0467055 0.014494 0.0573884 0.0304315 0.0976828 0.0157905 0.117018 0.0504152 0.0292909 0.0218696 0.0283117 
0.058055 0.0251538 0.0299203 0.0540403 0.0224299 0.0276272 0.134328 0.0409463 0.1228 0.0448246 0.0129833 0.0894609 0.0380583 0.0907624 0.0164675 0.0735245 0.0419149 0.0317582 0.0214052 0.0235407 
0.0486822 0.0270948 0.0262901 0.0499406 0.0209052 0.0271976 0.135181 0.050122 0.128178 0.0454937 0.0123718 0.127612 0.0481242 0.0737437 0.0176365 0.0439105 0.0359764 0.0395927 0.0223222 0.0196261 
0.043095 0.0271452 0.0247289 0.0479247 0.0205938 0.0289253 0.117953 0.0560316 0.114623 0.0484676 0.0130227 0.158722 0.0639284 0.0544734 0.0198415 0.0273262 0.032946 0.0570695 0.0258962 0.0172879 
0.0392965 0.0248688 0.0240056 0.0466913 0.0205139 0.032424 0.090194 0.0550688 0.0878503 0.0522984 0.0154656 0.165395 0.0911411 0.0382321 0.0247619 0.0191867 0.0333704 0.0881582 0.0348051 0.0162734 
0.036695 0.020832 0.0232563 0.0438545 0.0199243 0.0360185 0.0623969 0.0469918 0.0595809 0.0544916 0.0196034 0.140543 0.129488 0.0272583 0.0325187 0.0167921 0.036631 0.127668 0.0495778 0.0158784 
0.0354378 0.0171592 0.0224187 0.0397738 0.0190436 0.0381622 0.0434746 0.0371843 0.0402636 0.0537488 0.0238458 0.102704 0.167079 0.0214659 0.0399602 0.017633 0.0402592 0.160032 0.0648416 0.015517 
0.0351495 0.0151498 0.0217534 0.0364167 0.0183211 0.0390227 0.0338208 0.0302451 0.030485 0.0513544 0.0269223 0.0730716 0.194474 0.0190478 0.044737 0.0191894 0.0424836 0.177627 0.0756287 0.0151013 
0.0996397 0.0174098 0.0480253 0.0446947 0.0249315 0.0328558 0.0566692 0.023625 0.0499414 0.0516528 0.019316 0.0290913 0.0224536 0.0638707 0.0152348 0.252285 0.0568815 0.0272562 0.0246614 0.0395062 
0.0881307 0.0183674 0.0436508 0.0470221 0.0238229 0.0317832 0.0833357 0.0245537 0.0614558 0.0483303 0.0178412 0.0369814 0.0252433 0.0704244 0.0149669 0.22355 0.0525296 0.0268814 0.0235151 0.037617 
0.0739761 0.0206626 0.0366124 0.0484494 0.0223104 0.0300419 0.121529 0.0271936 0.0792653 0.0447374 0.0159355 0.0543325 0.0306393 0.0753437 0.0155382 0.172709 0.0478915 0.0272913 0.0226231 0.0329168 
0.0600529 0.0238587 0.0289801 0.0478946 0.0207446 0.0280638 0.156506 0.031811 0.0979294 0.0425413 0.0140323 0.085938 0.0384088 0.0733557 0.0166391 0.112334 0.0430646 0.0293311 0.0223326 0.0261815 
0.0498779 0.0263686 0.0238961 0.0463938 0.0197982 0.0268863 0.168503 0.037122 0.107305 0.0428709 0.0128986 0.128947 0.0479721 0.0636467 0.0173594 0.0649937 0.0383327 0.0343783 0.0225046 0.019947 
0.0437463 0.0271128 0.0219791 0.045789 0.0195955 0.0273371 0.154425 0.041255 0.102711 0.0452629 0.0129796 0.171463 0.0619124 0.0509904 0.0175103 0.0375505 0.0344791 0.0448211 0.023197 0.0158829 
0.040072 0.0258505 0.0216708 0.0458833 0.0194239 0.0295876 0.123713 0.0426283 0.0865886 0.0485119 0.0145447 0.195624 0.0873695 0.0393703 0.0182799 0.0237337 0.0327894 0.0645805 0.0257543 0.0140241 
0.0377414 0.0225553 0.02123 0.0447959 0.0184084 0.0328065 0.0878938 0.04028 0.0651066 0.0513031 0.017815 0.184434 0.130861 0.0300984 0.021009 0.0179536 0.0341553 0.0956916 0.0321928 0.0136694 
0.0365603 0.0183324 0.0199682 0.041868 0.0166582 0.0353676 0.058566 0.0352449 0.0462299 0.0524291 0.0219985 0.142671 0.184884 0.0235751 0.0250348 0.0172654 0.0376431 0.130131 0.0417877 0.0137873 
0.0363836 0.0151392 0.0184954 0.0387666 0.0151094 0.0365724 0.0412978 0.030258 0.034424 0.051868 0.0254971 0.098568 0.230624 0.0198022 0.0282447 0.0188077 0.0409381 0.154998 0.050532 0.0136754 
0.0801496 0.0184784 0.0457118 0.0394174 0.0218778 0.0320059 0.0780017 0.0242627 0.0535926 0.0456784 0.0187877 0.0359234 0.0244216 0.0562713 0.01391 0.274884 0.0454575 0.0243804 0.0235314 0.0432587 
0.0709522 0.0202735 0.039726 0.0405679 0.0210146 0.0304885 0.116499 0.0253293 0.0638676 0.0423841 0.0172923 0.0492677 0.0292126 0.058912 0.0149353 0.228272 0.0442423 0.0251394 0.0228665 0.038756 
0.0601803 0.0233558 0.0314474 0.0413558 0.0200215 0.0287253 0.161992 0.0278598 0.0768214 0.0402059 0.0154268 0.076199 0.0368327 0.0585978 0.0167353 0.160047 0.0430291 0.0273011 0.0228249 0.0310443 
0.0505349 0.0263537 0.0243935 0.0417934 0.019364 0.0273965 0.189663 0.031341 0.0862535 0.0404734 0.0138823 0.118318 0.0461781 0.0535172 0.018073 0.0947641 0.0406357 0.0312887 0.0231478 0.0226292 
0.0439852 0.0276447 0.0211395 0.0426356 0.0193123 0.0272449 0.184937 0.0344261 0.0868224 0.0427613 0.0134293 0.166709 0.0580955 0.045708 0.0180303 0.0525048 0.0370439 0.0379211 0.0232154 0.016433 
0.0401607 0.0269073 0.0207272 0.0438904 0.0193961 0.0286224 0.155759 0.0361308 0.0786571 0.0456533 0.0143781 0.20502 0.0787209 0.038048 0.0172851 0.0307493 0.0338609 0.0494883 0.0233763 0.013173 
0.0380259 0.0242767 0.0207974 0.0442767 0.0186553 0.0311975 0.116025 0.0359163 0.0649303 0.0481907 0.0169367 0.213541 0.117846 0.0314802 0.017364 0.0207012 0.0328351 0.0694743 0.0252585 0.0122731 
0.0370079 0.020123 0.0196771 0.0427742 0.0166709 0.0337155 0.0781755 0.0336963 0.0499959 0.0499579 0.0209135 0.182074 0.177834 0.0259173 0.0189938 0.0174577 0.0345659 0.0975753 0.0301942 0.0126787 
0.0369016 0.0160409 0.017581 0.0403346 0.0143736 0.0350541 0.0518371 0.0304082 0.0382159 0.0507462 0.0249171 0.130106 0.240532 0.0216827 0.0211226 0.0181053 0.0377037 0.124521 0.0366872 0.0131307 
0.037308 0.0134886 0.0157516 0.0385609 0.012786 0.0354471 0.0379896 0.0274325 0.0309358 0.0507601 0.0277093 0.0874117 0.285755 0.0191199 0.0225212 0.0198783 0.0402821 0.141804 0.0419655 0.0130923 
