20 hexa 10 10 gaussian
#SNAPSHOT FILE
#iterations: 18000 (40000 total)
0.0353966 0.106567 0.0634964 0.0714077 0.110324 0.0548953 0.0219938 0.0470233 0.0286406 0.0418894 0.0257861 0.0215764 0.0136596 0.0411833 0.0359172 0.0414262 0.0613616 0.0250702 0.0319444 0.12044 
0.0348943 0.10547 0.0652729 0.0666347 0.105308 0.0596274 0.023102 0.0539337 0.0291012 0.0422148 0.0298251 0.0232417 0.0149672 0.0414154 0.0402112 0.0382542 0.0580596 0.0256744 0.0339285 0.108864 
0.0342319 0.102418 0.0669235 0.0611287 0.0989007 0.0646483 0.0242665 0.0617756 0.0294005 0.0424439 0.0361842 0.025308 0.0168307 0.0413351 0.0464534 0.0346862 0.0540344 0.0265824 0.0369234 0.0955248 
0.0334143 0.0967854 0.0679935 0.0551836 0.0913443 0.0691771 0.0253261 0.0696132 0.0293899 0.0424752 0.0456521 0.0277042 0.0193863 0.0408024 0.0551276 0.030834 0.0493761 0.0279232 0.0412166 0.0812755 
0.0324861 0.0884633 0.0680413 0.0492596 0.0831201 0.0722537 0.0260975 0.0760954 0.0289446 0.0422194 0.0586642 0.0302421 0.0226951 0.0397503 0.066345 0.0269525 0.0443647 0.0297683 0.0468946 0.0673424 
0.0315301 0.0781006 0.066852 0.0438907 0.0748838 0.0731189 0.0264443 0.0799148 0.028027 0.0416526 0.0748452 0.032636 0.0266718 0.0382367 0.0795504 0.0233905 0.0394474 0.0320688 0.0536912 0.0550474 
0.0306438 0.066971 0.0645766 0.0395001 0.0672898 0.0716151 0.0263514 0.080426 0.0267292 0.0408431 0.0928597 0.0346045 0.0310701 0.0364497 0.0935315 0.0204549 0.0350887 0.0346509 0.0610043 0.0453401 
0.0299044 0.0564613 0.0616642 0.0362512 0.0607908 0.0682698 0.0259408 0.0779447 0.0252468 0.039926 0.11082 0.035996 0.0355647 0.0346367 0.106837 0.0182812 0.0315902 0.0372915 0.0681144 0.0384686 
0.0293471 0.0475415 0.0586385 0.0340454 0.0555455 0.0639827 0.0254089 0.0734895 0.0237961 0.0390428 0.126995 0.0368401 0.0398782 0.0330029 0.118311 0.0168118 0.029013 0.0398171 0.0744498 0.0340435 
0.0289692 0.0405706 0.0558907 0.0326458 0.0514653 0.0595989 0.0249416 0.0682448 0.022539 0.0382925 0.140296 0.0373042 0.0438662 0.031654 0.127363 0.0158764 0.027235 0.0421556 0.0797102 0.0313809 
0.0393686 0.0997894 0.063233 0.0689627 0.100976 0.0547971 0.0261134 0.0490726 0.0324797 0.0428633 0.0263042 0.0242453 0.0149488 0.0457502 0.0350825 0.0475167 0.0628868 0.0270046 0.0321785 0.106426 
0.0384844 0.0981719 0.0645431 0.0639944 0.0956077 0.0593897 0.0278292 0.0562898 0.0332358 0.0431658 0.0308777 0.0267772 0.0168089 0.0456121 0.0398288 0.0430829 0.0590761 0.0278918 0.0345018 0.0948314 
0.0373438 0.0944112 0.0654956 0.0584587 0.0890505 0.0639711 0.0295294 0.0640353 0.0336811 0.0433355 0.0379178 0.0298182 0.0194737 0.0449373 0.0466251 0.0381649 0.0545162 0.0292379 0.037961 0.0820358 
0.0359964 0.0880967 0.0656779 0.0527262 0.081649 0.0677257 0.0309423 0.0711834 0.0335998 0.0432694 0.0480471 0.0331733 0.0231053 0.0436141 0.0558063 0.0330335 0.049394 0.0311797 0.0427826 0.0689978 
0.0345545 0.0794308 0.0647953 0.0472884 0.0739449 0.0698117 0.0317968 0.0763777 0.0328503 0.0428998 0.0613683 0.0364833 0.0277224 0.0416671 0.0672191 0.0281198 0.0440966 0.033744 0.0489194 0.05691 
0.033169 0.0693199 0.0628426 0.0426158 0.0665588 0.0697505 0.0319461 0.0785934 0.0314538 0.0422411 0.07713 0.0393228 0.0331214 0.0392917 0.0800472 0.0238819 0.0391231 0.036795 0.0559583 0.0468381 
0.0319759 0.0590665 0.0601326 0.0389849 0.0600068 0.0676886 0.0314543 0.0776393 0.0296144 0.0413938 0.0938172 0.041382 0.0389096 0.0367985 0.0929998 0.0206135 0.0349 0.0400733 0.0632256 0.0393234 
0.0310505 0.0498376 0.0571422 0.0364067 0.0545629 0.0642935 0.0305636 0.0741923 0.0276339 0.0404998 0.109696 0.0425972 0.0446529 0.0344881 0.104795 0.0183438 0.0316317 0.0433114 0.0700404 0.0342604 
0.0303999 0.042289 0.0542999 0.034699 0.0502454 0.060386 0.0295709 0.0693703 0.0257872 0.0396839 0.123417 0.0431397 0.0500319 0.0325481 0.114573 0.0168937 0.029288 0.0463357 0.0759275 0.0311139 
0.0299853 0.0365422 0.0518596 0.0336207 0.0469004 0.0566143 0.0287178 0.0642393 0.0242473 0.0390211 0.134279 0.0433068 0.0549128 0.0310332 0.121999 0.0160109 0.0276981 0.0490941 0.0806696 0.0292477 
0.045219 0.0916819 0.061057 0.0704713 0.0941263 0.0500374 0.0297592 0.044443 0.0365423 0.0435577 0.0234179 0.0253504 0.0150713 0.0512703 0.0303179 0.0603713 0.067429 0.0283689 0.0306038 0.100904 
0.0441202 0.091158 0.0618846 0.0661433 0.0898199 0.0539195 0.0321103 0.0507543 0.0378553 0.0438887 0.0265406 0.0283576 0.0169022 0.0511045 0.033781 0.0549464 0.0639377 0.0292368 0.032338 0.0912013 
0.0426277 0.0890455 0.062507 0.0611747 0.0843887 0.0581082 0.0346085 0.0579257 0.0389126 0.0441531 0.031486 0.0320997 0.0196236 0.0503212 0.0388569 0.0487467 0.059632 0.0305813 0.0349979 0.0802031 
0.0407831 0.0847708 0.0625867 0.0558417 0.0780472 0.0620088 0.0369121 0.0651318 0.0394044 0.0442547 0.0388885 0.0364127 0.0235035 0.048751 0.0459668 0.0420489 0.0546123 0.0326029 0.0388789 0.0685931 
0.0387186 0.0781704 0.0618219 0.0505623 0.0711999 0.0648649 0.0386025 0.0711655 0.0390563 0.0441012 0.0491316 0.0408983 0.0287005 0.0463626 0.0552454 0.0353553 0.0491713 0.0354223 0.0441104 0.0573384 
0.0366431 0.0697085 0.060107 0.0458018 0.0643767 0.066044 0.0393362 0.0748331 0.0377601 0.0436559 0.0619863 0.044985 0.0351244 0.0433303 0.0662884 0.0292922 0.0437772 0.0389844 0.0505035 0.0474625 
0.034777 0.0604048 0.0576182 0.0419131 0.0580902 0.0653558 0.0390205 0.0755045 0.0356632 0.042967 0.0764586 0.0481404 0.0423841 0.0400117 0.0781301 0.0243774 0.0389287 0.043036 0.0575347 0.0396842 
0.0332727 0.051434 0.054742 0.0390176 0.0526881 0.0631433 0.0378695 0.0734064 0.0331243 0.0421502 0.0910677 0.0501078 0.0499052 0.0368167 0.089556 0.0208151 0.0349704 0.0472221 0.0645192 0.0341721 
0.0321759 0.0436747 0.0518941 0.0370144 0.0482896 0.0600673 0.0362845 0.0694227 0.0305534 0.0413366 0.104391 0.0509865 0.0571475 0.0340527 0.0995445 0.0184773 0.0320003 0.051232 0.0708515 0.0306031 
0.0314466 0.0375081 0.0493701 0.0356918 0.0448251 0.0567808 0.0346682 0.0646237 0.0282632 0.0406257 0.115485 0.0511249 0.0637676 0.0318547 0.107523 0.0170534 0.0299145 0.0548912 0.076151 0.0284308 
0.0511247 0.081767 0.0590007 0.0672973 0.0817075 0.0485808 0.0369625 0.0454498 0.0431101 0.0445902 0.0230388 0.0299587 0.0171007 0.0576468 0.0283847 0.0706305 0.0680103 0.0304316 0.0304163 0.0847913 
0.0493041 0.0809486 0.0591652 0.0630183 0.0774159 0.0520548 0.0403441 0.0517019 0.0448995 0.0448912 0.0262886 0.0343723 0.0198062 0.0568083 0.0319913 0.0630611 0.0641073 0.0317439 0.0323539 0.0757239 
0.0469426 0.0785141 0.0589566 0.0582666 0.0722558 0.055616 0.0437254 0.0584213 0.0461597 0.0451073 0.031333 0.039673 0.0238119 0.0550581 0.037192 0.0545922 0.05941 0.0337909 0.0352977 0.0658761 
0.0441736 0.0740681 0.0581159 0.053369 0.066494 0.0586981 0.0465648 0.0646676 0.0464758 0.0451463 0.0386432 0.0454842 0.0294304 0.0522899 0.0442656 0.0457721 0.0541093 0.0367945 0.0394822 0.0559555 
0.0412517 0.0676719 0.0564995 0.0487431 0.0605359 0.0606899 0.048293 0.0692953 0.0455627 0.0449384 0.0483416 0.0511347 0.0367481 0.0486207 0.0531349 0.0373844 0.048589 0.0408196 0.0449188 0.0468273 
0.0384926 0.059946 0.0541821 0.0447712 0.0548323 0.0612017 0.048561 0.07141 0.0434302 0.0444778 0.0599487 0.0558499 0.0454752 0.0444165 0.0632175 0.0302131 0.0433491 0.0456829 0.0512949 0.0392476 
0.0361619 0.0518746 0.0514473 0.0416636 0.0497494 0.0602622 0.0474298 0.0707985 0.0404214 0.043833 0.0724098 0.059079 0.0549714 0.0401843 0.0735407 0.0247376 0.0388321 0.0509865 0.0580328 0.0335845 
0.0343887 0.044407 0.0486607 0.0394133 0.0454794 0.0582749 0.0453319 0.0679838 0.037066 0.0431149 0.0844562 0.0607229 0.0644722 0.0363783 0.0830875 0.0209856 0.0352726 0.0562742 0.0644895 0.029741 
0.0331607 0.0381419 0.0461239 0.0378629 0.042036 0.0557834 0.0428436 0.0638947 0.0338573 0.0424299 0.0950441 0.061103 0.0733554 0.0332602 0.0911264 0.0186404 0.0326708 0.0611942 0.0701547 0.0273167 
0.0323787 0.033263 0.0439987 0.0368141 0.0393132 0.053244 0.0404596 0.0594526 0.0311129 0.0418497 0.103587 0.0607545 0.0812765 0.0308853 0.0973257 0.0172673 0.0308724 0.0655681 0.074734 0.0258433 
0.0591527 0.0708556 0.0559808 0.0672823 0.0719754 0.043722 0.0420577 0.0406482 0.0486446 0.0452358 0.0202758 0.0314533 0.0173786 0.0647917 0.0237707 0.0896931 0.0706815 0.0312925 0.0287548 0.0763533 
0.0570921 0.0709151 0.0556589 0.0637591 0.0687196 0.0463247 0.0462965 0.045808 0.0512104 0.0455148 0.0222367 0.0364067 0.0199807 0.063959 0.0262118 0.0808826 0.0672931 0.0325227 0.0300769 0.069131 
0.0542776 0.0699454 0.0550707 0.0597177 0.064726 0.0492096 0.0508099 0.0516592 0.0533672 0.0457731 0.0254095 0.0425745 0.0239515 0.0621279 0.0298126 0.0706623 0.0631039 0.0345079 0.0321655 0.0611283 
0.0508205 0.0674585 0.0540191 0.0553872 0.0601374 0.0520246 0.0549943 0.0575541 0.0545793 0.0459407 0.0302211 0.0496685 0.0297424 0.0591091 0.0348759 0.0595916 0.0582155 0.03756 0.0352889 0.0528118 
0.0469933 0.0632298 0.0523678 0.0511089 0.0552272 0.0543003 0.0580839 0.0625445 0.0543673 0.0459409 0.0369529 0.0570068 0.0376475 0.0549298 0.0415155 0.0485656 0.0529029 0.0418851 0.039595 0.0448351 
0.0431927 0.057479 0.0501354 0.0472487 0.0503464 0.0556126 0.0594199 0.0656797 0.0525311 0.0457298 0.0455064 0.0636263 0.0475771 0.0499126 0.0494801 0.03863 0.0476017 0.0474358 0.0449787 0.0378765 
0.0398157 0.0508626 0.0475195 0.0440709 0.0458282 0.0557795 0.0587725 0.0664291 0.0492964 0.0453238 0.0552835 0.068636 0.058952 0.0446167 0.0581207 0.0306138 0.0427849 0.053854 0.0510445 0.0323961 
0.0371211 0.0442248 0.0448206 0.0416558 0.0418969 0.054937 0.0564632 0.0649243 0.0452421 0.0447924 0.0653339 0.0716008 0.0708575 0.0396391 0.0665841 0.0248282 0.0387948 0.0605808 0.0572183 0.0284843 
0.0351709 0.0382694 0.042319 0.0399176 0.0386325 0.0534344 0.0531791 0.0618317 0.0410442 0.0442254 0.0746954 0.0726741 0.0823711 0.0354054 0.0741122 0.0210566 0.0357507 0.0670643 0.0629372 0.0259094 
0.0338754 0.033375 0.0401904 0.038692 0.0359975 0.0516496 0.0496507 0.0579984 0.0372286 0.0436983 0.0826847 0.0724228 0.0928309 0.0320867 0.0802412 0.0187942 0.0335754 0.072919 0.0677919 0.0242977 
0.0653899 0.0601497 0.052225 0.0633547 0.0593229 0.0413645 0.0518994 0.0406312 0.0572481 0.0460045 0.0192194 0.0379898 0.0201123 0.0711174 0.0216442 0.1011 0.0687559 0.0327966 0.0282156 0.0614592 
0.0622696 0.0601882 0.0512639 0.0600763 0.0563569 0.0434333 0.0574305 0.0454436 0.0603157 0.0462342 0.0210257 0.0447616 0.0238789 0.069314 0.0240279 0.0894349 0.0651852 0.0346218 0.0295874 0.0551504 
0.0582554 0.0592557 0.0499566 0.0564299 0.0528825 0.0456574 0.0629576 0.050608 0.0625554 0.0464457 0.023922 0.0528789 0.0295491 0.0662154 0.0274617 0.0763116 0.0609076 0.0375524 0.031753 0.0484443 
0.0536022 0.0569813 0.0481935 0.0526642 0.0490526 0.0477494 0.067602 0.0554294 0.0633156 0.0465788 0.0282065 0.0617514 0.0376107 0.0617417 0.0321271 0.062666 0.0560914 0.0419263 0.0349232 0.0417867 
0.0487496 0.0532738 0.0459713 0.0490935 0.0451057 0.0493731 0.070421 0.0590607 0.0621506 0.0465774 0.0339875 0.0703457 0.0482316 0.0561214 0.0379877 0.0497425 0.0510692 0.0478731 0.039149 0.0357159 
0.0442128 0.0484293 0.0434295 0.0459957 0.0413064 0.0502759 0.070807 0.0608276 0.0590685 0.0464194 0.0410286 0.0774783 0.0610322 0.0498997 0.0446928 0.0387318 0.0462766 0.0551684 0.044231 0.0306884 
0.0404069 0.0430516 0.0408095 0.0435172 0.0378707 0.0504007 0.0688001 0.0605411 0.0545829 0.0461275 0.0487427 0.0822998 0.0750953 0.0437733 0.0516363 0.0303367 0.0421083 0.0632478 0.0497408 0.0269111 
0.0375202 0.0378084 0.0383583 0.0416482 0.0349172 0.0498867 0.0650512 0.0585559 0.0494928 0.0457557 0.0563816 0.0846317 0.0892659 0.0383387 0.0581604 0.024584 0.0387871 0.0713979 0.0551536 0.0243046 
0.0355175 0.0331961 0.0362489 0.0402762 0.0324659 0.0489693 0.0604808 0.0555464 0.044552 0.0453638 0.0632934 0.0849314 0.102532 0.0339259 0.0637648 0.0209947 0.0363301 0.0789945 0.0600065 0.02261 
0.0342318 0.0294485 0.0345517 0.0392641 0.0304701 0.0478691 0.0559173 0.0522081 0.0402561 0.0449974 0.0690817 0.0839864 0.114244 0.0305912 0.0681998 0.0189144 0.0346091 0.0856354 0.0639911 0.0215333 
0.0734514 0.0499037 0.0491049 0.0619821 0.0503403 0.0374284 0.0566609 0.0364031 0.062453 0.0463678 0.0170924 0.0390065 0.0201882 0.0776299 0.0182804 0.12199 0.0684675 0.0325749 0.0267882 0.0538864 
0.0702241 0.0505134 0.0478456 0.0594357 0.0481853 0.0387201 0.062949 0.0401952 0.0663165 0.0465206 0.0179764 0.0460389 0.0236118 0.0759446 0.0198224 0.109435 0.0655303 0.0341614 0.0276061 0.0489682 
0.0658738 0.0506466 0.0463151 0.0565067 0.045654 0.040239 0.0696092 0.044476 0.0695719 0.0466981 0.0195384 0.0547643 0.0288954 0.0729359 0.0220732 0.0947736 0.0619509 0.0368153 0.0289913 0.0436717 
0.0606039 0.0499015 0.0444319 0.0533476 0.0428035 0.0418561 0.0757566 0.0487836 0.0714508 0.0468712 0.0220253 0.0647638 0.0366674 0.0684194 0.025204 0.0789023 0.0578091 0.0409701 0.0311611 0.0382713 
0.0548472 0.0480035 0.0421875 0.0501974 0.0397682 0.0433727 0.0802639 0.0524514 0.0712769 0.0469951 0.0256145 0.0750738 0.0473503 0.062496 0.0292781 0.0631571 0.0533261 0.0469308 0.0342542 0.0331558 
0.0491934 0.0449471 0.0396852 0.0473117 0.0367291 0.0445776 0.0821517 0.0548098 0.0687778 0.0470327 0.0302884 0.0843534 0.0608573 0.0556279 0.0341535 0.0490258 0.0488547 0.0546734 0.038231 0.0287186 
0.0442065 0.0410438 0.0371213 0.0448729 0.0338631 0.0453317 0.0810519 0.0554752 0.064276 0.0469717 0.035761 0.0913639 0.0764399 0.04854 0.0394633 0.0376456 0.0447818 0.063745 0.0428317 0.0252138 
0.0402375 0.0368068 0.0347118 0.0429378 0.0312979 0.0456161 0.07739 0.0545199 0.0585788 0.0468262 0.0415388 0.0954827 0.0928652 0.0419682 0.0447179 0.0294232 0.0413945 0.0733743 0.0476384 0.0226741 
0.0373574 0.0327456 0.03262 0.0414549 0.0290926 0.0455112 0.0721406 0.0523971 0.0526283 0.0466257 0.0470941 0.0968838 0.108828 0.0364193 0.0494698 0.0240474 0.0387999 0.0827307 0.0522041 0.0209499 
0.0354293 0.0292092 0.0309233 0.0403229 0.0272482 0.0451352 0.0663802 0.0497034 0.0471652 0.0464003 0.0520287 0.0963155 0.123316 0.0320861 0.053433 0.0208178 0.0369386 0.0911588 0.056171 0.0198175 
0.077509 0.0419183 0.0450244 0.0580479 0.0410196 0.0351957 0.0670449 0.036068 0.070944 0.0466938 0.0159855 0.0464287 0.0232199 0.0815555 0.0169737 0.129038 0.0644182 0.0332899 0.026186 0.0434395 
0.0730784 0.0426624 0.0433427 0.0557905 0.0392066 0.0360632 0.0744881 0.0394925 0.0750633 0.0467892 0.01669 0.0553042 0.0279352 0.0787667 0.018446 0.113559 0.0615146 0.0355668 0.0269888 0.0392523 
0.0674782 0.0429555 0.041377 0.0532567 0.0371518 0.037112 0.0818679 0.0431492 0.0780474 0.0469241 0.0179772 0.0658892 0.0350664 0.0744329 0.0205098 0.096148 0.0580964 0.0392922 0.0283663 0.0349025 
0.0610868 0.042455 0.0391179 0.0506004 0.0349073 0.0382698 0.0880053 0.046557 0.0790488 0.047079 0.0200198 0.0774053 0.0452342 0.0685191 0.0232517 0.0781114 0.054286 0.0449067 0.0304882 0.0306504 
0.0545079 0.040958 0.0366444 0.0480268 0.0325737 0.0394199 0.0916455 0.0491378 0.0775089 0.0472236 0.0229 0.0885247 0.0586643 0.0613532 0.0266423 0.0611081 0.0503355 0.0526013 0.0334177 0.0268069 
0.0484144 0.0385104 0.0341196 0.0457213 0.0302733 0.0404348 0.0919795 0.0504326 0.073463 0.0473312 0.0265279 0.0977458 0.0749076 0.0536089 0.0304906 0.046667 0.0465788 0.062127 0.0370424 0.0236243 
0.043325 0.0354108 0.0317353 0.0437875 0.0281176 0.0412209 0.0890436 0.0503091 0.0675871 0.0473867 0.0306291 0.103989 0.0928403 0.0460978 0.0344763 0.0356577 0.0433218 0.0727849 0.0410763 0.0212037 
0.0394603 0.0320865 0.0296461 0.0422334 0.0261831 0.0417402 0.0836776 0.0490024 0.0609107 0.0473869 0.0348305 0.107003 0.111005 0.0394892 0.038253 0.0280898 0.0407388 0.0836367 0.0451422 0.0194843 
0.0367607 0.0289285 0.0279337 0.0410032 0.0245062 0.042001 0.0770968 0.0469716 0.0544041 0.0473364 0.0387895 0.107333 0.128065 0.03414 0.0415542 0.0233434 0.0388418 0.0937971 0.0488825 0.0183107 
0.0350084 0.0261916 0.0266094 0.0400253 0.023091 0.0420363 0.0704258 0.0446999 0.0487102 0.0472434 0.0422854 0.105949 0.143088 0.0301003 0.0442475 0.0205811 0.0375223 0.102632 0.0520391 0.0175154 
0.0837284 0.0349067 0.0428781 0.0562213 0.0352537 0.0327303 0.0697466 0.0329899 0.0741227 0.0468172 0.0147675 0.0461163 0.0227897 0.085992 0.0151471 0.146952 0.0623616 0.0322232 0.0252331 0.0390226 
0.0794505 0.0359087 0.0411231 0.0545284 0.0339349 0.0330898 0.0775832 0.0356793 0.0788579 0.046819 0.0149557 0.0547427 0.0268585 0.0834955 0.0161472 0.131428 0.0600332 0.0340883 0.0256322 0.0356443 
0.0738155 0.0367991 0.0391272 0.0525729 0.032467 0.0336211 0.0858007 0.0386971 0.082789 0.0468719 0.0154973 0.0653766 0.0331461 0.0795026 0.0175336 0.113302 0.057283 0.0372694 0.0264319 0.0320956 
0.0671114 0.0372461 0.0368805 0.0504264 0.0308449 0.0343393 0.0932937 0.041715 0.0849829 0.0469847 0.0165365 0.0774891 0.0423923 0.073857 0.0193795 0.0937426 0.054157 0.0422831 0.0277989 0.0285392 
0.0598965 0.0369528 0.034443 0.0482271 0.0291044 0.0352226 0.0986769 0.0442739 0.0846433 0.0471472 0.0181852 0.0899149 0.0550896 0.0667287 0.0216997 0.0744273 0.050811 0.0495017 0.0298474 0.0252069 
0.0528915 0.035773 0.0319511 0.0461347 0.0273113 0.0362057 0.100767 0.0459211 0.0814794 0.0473374 0.020459 0.10107 0.0711414 0.0586744 0.0244079 0.0571599 0.0475022 0.0589176 0.0325703 0.0223256 
0.0467558 0.0337903 0.0295781 0.0442725 0.0255447 0.0371944 0.0991298 0.0464024 0.075911 0.0475281 0.0232361 0.109507 0.0896904 0.0505042 0.0273141 0.0432746 0.0445155 0.0700163 0.0358049 0.0200305 
0.0418799 0.0312879 0.0274743 0.0426946 0.0238787 0.038092 0.0942847 0.045773 0.0689177 0.0476928 0.0262815 0.114494 0.109308 0.0430054 0.0301769 0.0332221 0.0420623 0.0818816 0.0392674 0.0183259 
0.0383265 0.028627 0.0257264 0.041393 0.0223695 0.0388223 0.0874177 0.0443448 0.0616254 0.0478101 0.0293305 0.116215 0.128442 0.036702 0.0327813 0.0266144 0.0402168 0.0934807 0.0426389 0.0171155 
0.0359251 0.0261169 0.0243554 0.0403288 0.0210504 0.0393406 0.0798555 0.04253 0.0549204 0.0478669 0.0321738 0.115523 0.145834 0.0317822 0.0349954 0.0226149 0.0389231 0.103946 0.0456498 0.0162683 
0.0848017 0.0305619 0.0396103 0.0529687 0.0298995 0.0310843 0.0791823 0.0328724 0.081115 0.0468574 0.01397 0.0534337 0.0258223 0.087165 0.0147372 0.14754 0.0580077 0.0326234 0.0247671 0.0329798 
0.0793832 0.031713 0.0376331 0.0514945 0.0288264 0.0312189 0.0878222 0.0353324 0.0857394 0.0468215 0.0140715 0.0636795 0.031206 0.083595 0.015722 0.129517 0.0558062 0.0352359 0.0251725 0.0300098 
0.0726766 0.0327136 0.0354292 0.0498214 0.0276546 0.0315348 0.0962766 0.0379412 0.088991 0.0468552 0.0144938 0.0758111 0.0393238 0.0783903 0.0170106 0.109291 0.0532908 0.0395248 0.0259928 0.0269768 
0.0651479 0.033251 0.033042 0.0480182 0.0263744 0.0320784 0.103177 0.0403518 0.0899233 0.0469716 0.0153486 0.0889253 0.0508545 0.0715673 0.0186256 0.0884187 0.0505368 0.0459817 0.0273591 0.0240465 
0.0574993 0.03307 0.0305848 0.0461979 0.0250032 0.0328558 0.107102 0.0421597 0.0879438 0.0471653 0.0166998 0.101531 0.0660332 0.0635251 0.0205312 0.0688162 0.0477197 0.054823 0.029328 0.0214116 
0.0504801 0.0320795 0.028215 0.0444759 0.0235817 0.0338159 0.107162 0.0430544 0.0831384 0.0474133 0.0185187 0.111976 0.0843581 0.0549995 0.0226197 0.0522018 0.0450772 0.0657801 0.0318335 0.0192199 
0.0446431 0.0303987 0.0260815 0.0429321 0.0221667 0.0348594 0.103429 0.0429572 0.0762958 0.0476799 0.0206743 0.119084 0.104595 0.0468329 0.0247346 0.0395221 0.0428275 0.0780797 0.0346854 0.0175211 
0.0402059 0.0283026 0.0242799 0.0415977 0.0208186 0.0358671 0.0968737 0.0420436 0.0685791 0.0479251 0.022976 0.122582 0.125133 0.0396954 0.0267184 0.0307639 0.0410899 0.0906578 0.0376232 0.0162681 
0.0370861 0.0261034 0.0228419 0.0404692 0.0195896 0.0367333 0.0888936 0.0406414 0.0610756 0.0481155 0.0252419 0.12305 0.144454 0.0339298 0.0284593 0.0252257 0.0398606 0.102474 0.0403922 0.0153627 
0.0350386 0.0240533 0.0217514 0.0395303 0.0185164 0.0373896 0.0807962 0.0390936 0.0545075 0.048231 0.0273489 0.121546 0.161451 0.0295709 0.0299126 0.0219683 0.0390416 0.112744 0.0428023 0.0147056 
