20 hexa 10 10 gaussian
#SNAPSHOT FILE
#iterations: 12000 (40000 total)
0.0359036 0.0998525 0.0648371 0.0671746 0.101526 0.0574853 0.0252712 0.0491136 0.0309398 0.0413604 0.0293668 0.0242125 0.0164905 0.043893 0.0385878 0.0459665 0.0592281 0.0240791 0.033961 0.110751 
0.0357102 0.0959443 0.0651093 0.0638553 0.0973015 0.0605895 0.0263829 0.0534722 0.0312781 0.0417029 0.0341963 0.0258692 0.0184926 0.0434598 0.0433027 0.0429216 0.0564788 0.0251184 0.0366532 0.102162 
0.0354409 0.0907739 0.0650458 0.060048 0.0920947 0.0636014 0.0275554 0.0580502 0.0314806 0.0419651 0.0409548 0.0278729 0.021137 0.0427137 0.0495224 0.0394593 0.0532404 0.0266324 0.0402484 0.0921629 
0.0350513 0.084275 0.0645096 0.0558682 0.085998 0.0661292 0.0286718 0.0624277 0.0314567 0.0420866 0.0499291 0.0301915 0.0245041 0.0416107 0.0573456 0.0356697 0.0495784 0.0286817 0.0447908 0.0812249 
0.0345186 0.0766339 0.0634228 0.0515329 0.0792649 0.0677622 0.0295955 0.0660936 0.0311337 0.0420211 0.0610845 0.0327188 0.0285775 0.0401635 0.0666002 0.0317445 0.0456506 0.0312515 0.0501623 0.0700677 
0.0338545 0.0683199 0.0618119 0.0473372 0.0723019 0.0682057 0.0302115 0.0685869 0.0304879 0.0417586 0.0739312 0.0352805 0.0332061 0.0384554 0.0767806 0.0279497 0.0417004 0.0342309 0.0560567 0.0595329 
0.033101 0.0599879 0.0598153 0.0435749 0.0655839 0.0673954 0.0304731 0.069663 0.0295631 0.0413326 0.0875691 0.0376819 0.0381212 0.0366298 0.0871341 0.0245503 0.0379975 0.0374299 0.0620349 0.0503613 
0.0323138 0.0522769 0.0576387 0.0404477 0.059525 0.0655211 0.0304237 0.0693775 0.0284622 0.0408074 0.10093 0.0397754 0.0430158 0.0348468 0.096882 0.021725 0.0347571 0.0406358 0.0676495 0.0429886 
0.031542 0.0456279 0.0554824 0.0380203 0.0543759 0.0629366 0.0301793 0.068029 0.0273115 0.0402524 0.113085 0.0415063 0.0476409 0.0332372 0.105441 0.0195252 0.032086 0.0436758 0.0725677 0.0374776 
0.0308198 0.0402141 0.0534844 0.0362393 0.0501987 0.0600268 0.0298841 0.0660158 0.0262236 0.0397219 0.123437 0.0429149 0.0518633 0.0318735 0.112525 0.0178932 0.0299832 0.0464533 0.0766267 0.0336014 
0.0393455 0.0924107 0.0634013 0.0650537 0.0933811 0.0567614 0.02974 0.0498424 0.034815 0.0421498 0.0300091 0.0271839 0.0185212 0.0475511 0.0381969 0.0515025 0.0596039 0.0258468 0.0344903 0.100194 
0.038887 0.0882697 0.0632674 0.0616159 0.0888935 0.0596826 0.0313087 0.0541659 0.0353065 0.0424753 0.0352168 0.0295255 0.0212324 0.0467102 0.0432172 0.0474886 0.0565791 0.0273004 0.0374528 0.0914046 
0.0382662 0.0829016 0.0627275 0.0577876 0.0835341 0.062366 0.0328641 0.0585214 0.0355611 0.0426988 0.0423428 0.03228 0.0247887 0.0454385 0.0496917 0.0429844 0.053079 0.0293454 0.041307 0.0815145 
0.0374575 0.0763487 0.061689 0.0537227 0.0774677 0.06443 0.034228 0.062457 0.0354634 0.0427675 0.0515279 0.0353515 0.0292454 0.0437222 0.0576018 0.0381746 0.0492093 0.0320174 0.0460296 0.0710892 
0.0364786 0.0689124 0.0601429 0.0496646 0.0710096 0.0655307 0.0352207 0.0654886 0.0349408 0.042651 0.0625471 0.0385495 0.0345104 0.0416314 0.0666392 0.0333597 0.0451722 0.0352497 0.0514241 0.0608768 
0.0353904 0.0611266 0.0581877 0.0458954 0.0645799 0.0654855 0.0357257 0.0672585 0.0339999 0.0423579 0.0747551 0.0416267 0.0403243 0.0393217 0.0762103 0.0288879 0.0412342 0.0388671 0.0571312 0.0516345 
0.034276 0.0536116 0.056005 0.0426495 0.0585996 0.0643444 0.0357397 0.0676667 0.032735 0.041934 0.0872218 0.0443592 0.046319 0.0369952 0.0855843 0.0250468 0.0376512 0.0426281 0.062716 0.043917 
0.0332113 0.046885 0.0537966 0.0400456 0.0533766 0.0623586 0.0353748 0.0668878 0.0312986 0.0414432 0.0990012 0.0466221 0.0521327 0.0348392 0.0941142 0.0219797 0.0345948 0.0462979 0.067795 0.0379453 
0.0322458 0.041237 0.0517205 0.0380773 0.0490479 0.0598718 0.0348122 0.0652661 0.0298493 0.0409446 0.109377 0.0484154 0.0575104 0.0329776 0.101394 0.0196738 0.032123 0.0497102 0.0721247 0.0336215 
0.031402 0.0367239 0.04986 0.036655 0.0455926 0.0572093 0.0342392 0.0631767 0.0285123 0.0404784 0.117961 0.0498398 0.0623435 0.0314569 0.107278 0.0180114 0.0302007 0.0527878 0.0756207 0.0306506 
0.0439325 0.0872024 0.0614032 0.0656293 0.0878635 0.0527707 0.0336193 0.0462834 0.0389049 0.042693 0.0264838 0.0285382 0.0185879 0.0524585 0.0334847 0.0623973 0.0624872 0.0266761 0.0325331 0.0960511 
0.0432685 0.0840216 0.0611462 0.0625571 0.0840759 0.0554295 0.0356413 0.0502296 0.0397441 0.0430566 0.0303295 0.0312289 0.0213207 0.0515478 0.0374086 0.0577967 0.059715 0.0280516 0.0348932 0.0885381 
0.0423829 0.0797837 0.0605446 0.0591162 0.0794868 0.0580459 0.0377203 0.0543809 0.0403577 0.043352 0.0357381 0.0344451 0.0250001 0.0501357 0.0425756 0.0525096 0.0564442 0.0300568 0.0380431 0.0798811 
0.0412451 0.0744254 0.059504 0.0554054 0.0741883 0.0603019 0.039645 0.0583702 0.0405877 0.0435303 0.0429482 0.0381144 0.0297608 0.0481743 0.049067 0.046701 0.0527336 0.0327795 0.0420295 0.0704887 
0.0398743 0.0680914 0.0579916 0.0516074 0.0684037 0.0618602 0.0411705 0.061744 0.0403034 0.0435512 0.0519424 0.0420459 0.0355963 0.0457065 0.0567456 0.0406883 0.0487329 0.0362119 0.0467603 0.0609724 
0.0383495 0.0611598 0.0560692 0.0479673 0.0624744 0.0624695 0.042092 0.064085 0.0394537 0.0434017 0.0623382 0.0459501 0.0422983 0.0428845 0.0652027 0.0348954 0.0446791 0.0402179 0.0519787 0.0520333 
0.0367886 0.0541658 0.0538882 0.0447239 0.0567878 0.0620583 0.0423256 0.0651613 0.0381001 0.0431048 0.0734189 0.0495182 0.0494748 0.0399429 0.0738267 0.0297353 0.0408426 0.0445511 0.0573081 0.0442773 
0.0353081 0.0476407 0.0516414 0.0420347 0.0516749 0.0607563 0.0419456 0.0650046 0.0364031 0.0427105 0.0843222 0.0525275 0.0566602 0.0371309 0.081979 0.0254819 0.0374476 0.0489239 0.0623556 0.0380514 
0.0339883 0.0419617 0.0494989 0.0399396 0.0473312 0.0588289 0.0411513 0.0638668 0.0345655 0.0422756 0.0942862 0.0549053 0.0634556 0.0346401 0.0891751 0.0222101 0.0346159 0.0530909 0.0668187 0.0333944 
0.0328639 0.0372903 0.0475647 0.038382 0.0437993 0.0565755 0.040189 0.0620967 0.0327715 0.041845 0.102809 0.0567233 0.0696181 0.0325678 0.0951671 0.0198268 0.0323621 0.0568999 0.0705395 0.0301083 
0.0485641 0.0781608 0.058736 0.0628261 0.0778233 0.0510553 0.0403747 0.0463705 0.0446386 0.0437045 0.0262575 0.0328603 0.0213799 0.0571118 0.0321672 0.0704326 0.062437 0.0288067 0.0325806 0.0837129 
0.0474063 0.0749871 0.0580329 0.0597732 0.0739878 0.0534221 0.0430276 0.0501789 0.0456725 0.0440432 0.0301629 0.0365191 0.0250936 0.0556002 0.0361439 0.064355 0.0594499 0.0307292 0.035057 0.0763579 
0.0459138 0.07084 0.0569513 0.0564591 0.0694965 0.0556408 0.0456014 0.0540293 0.0463205 0.0442995 0.0355381 0.0407838 0.0300353 0.0534407 0.0412585 0.0574983 0.0559873 0.0334351 0.0382845 0.0681865 
0.0441022 0.0657374 0.055445 0.053009 0.0644918 0.057422 0.0477969 0.0575343 0.0463929 0.044434 0.0424988 0.0454852 0.0363005 0.0506375 0.0474966 0.0501761 0.0521457 0.0369822 0.0422543 0.059658 
0.0420619 0.059899 0.0535458 0.0496159 0.0592274 0.0584993 0.0493159 0.0602729 0.0457669 0.0444211 0.0508859 0.0503135 0.0437729 0.0473202 0.0546228 0.0428664 0.0481149 0.0412968 0.0468157 0.0513649 
0.0399453 0.053728 0.0513731 0.0464977 0.0540295 0.0587208 0.0499658 0.0619249 0.0444438 0.0442627 0.0602227 0.0548831 0.0520902 0.0437375 0.0621842 0.0361067 0.0441511 0.0461587 0.0516792 0.0438951 
0.03792 0.0477048 0.0491023 0.043828 0.0492158 0.0581023 0.0497404 0.0623865 0.0425638 0.0439894 0.0698108 0.0588553 0.0607198 0.0401946 0.0696196 0.0303324 0.0405083 0.0512505 0.0564865 0.0376692 
0.0361157 0.0422431 0.046907 0.0416845 0.0450138 0.0568096 0.0488202 0.0617906 0.0403588 0.0436476 0.0789276 0.0620473 0.0691181 0.0369611 0.0764259 0.025756 0.0373658 0.056251 0.0609108 0.0328456 
0.0345967 0.0375907 0.0449084 0.040046 0.0415208 0.0550835 0.0474965 0.0604242 0.038075 0.0432815 0.0870138 0.0644654 0.0768754 0.0342061 0.0822789 0.0223541 0.0347963 0.0609169 0.0647338 0.0293363 
0.0333679 0.0338165 0.043158 0.0388304 0.0387156 0.0531603 0.0460716 0.0586111 0.03591 0.0429219 0.0937525 0.0662616 0.0837774 0.0319835 0.0870524 0.0199446 0.0327802 0.0651158 0.0678655 0.0269035 
0.0546019 0.0710461 0.0561373 0.0624497 0.0705428 0.0467955 0.045225 0.0427234 0.0497311 0.0443887 0.0229507 0.0342863 0.02139 0.0631523 0.0275696 0.0850866 0.0645396 0.0294788 0.0305271 0.0773782 
0.0531965 0.0688151 0.0553136 0.0597561 0.0674008 0.0487906 0.0484527 0.0461022 0.0512128 0.0447493 0.0256159 0.0383169 0.0250356 0.0615934 0.0305269 0.0782961 0.061875 0.0312734 0.0323966 0.0712808 
0.0513627 0.0658082 0.0541699 0.0568405 0.0636958 0.0507887 0.0517092 0.0496668 0.0523395 0.0450518 0.0294048 0.0431073 0.0300037 0.0593043 0.0344042 0.07044 0.0587291 0.0338844 0.0349015 0.064388 
0.0491053 0.0619569 0.052654 0.0537809 0.0595057 0.0525685 0.0546615 0.0531117 0.0528694 0.0452671 0.0344956 0.0485309 0.0364938 0.0562435 0.0392572 0.0618053 0.0551537 0.037435 0.0380892 0.0570151 
0.0465158 0.0573427 0.0507746 0.050716 0.0550017 0.0538923 0.0569303 0.0560552 0.0526032 0.0453676 0.0408875 0.0542892 0.0445116 0.0525005 0.0449857 0.0528928 0.051284 0.0419291 0.0418993 0.0496213 
0.0437725 0.0522201 0.0486197 0.0478253 0.0504341 0.0545758 0.0582018 0.0581399 0.051461 0.0453412 0.0483223 0.0599468 0.0537814 0.0483137 0.0512969 0.044342 0.0473389 0.0472048 0.0461404 0.0427215 
0.041096 0.0469678 0.046342 0.0452762 0.0460796 0.0545517 0.0583493 0.0591562 0.0495293 0.0451988 0.0563028 0.0650507 0.0637658 0.0440247 0.0577518 0.0367597 0.0435744 0.0529507 0.050521 0.0367517 
0.03868 0.041979 0.0441104 0.0431687 0.0421688 0.0538871 0.0574851 0.0591122 0.04704 0.044971 0.0642196 0.0692792 0.0738085 0.0399805 0.063889 0.0305413 0.04021 0.0587891 0.0547274 0.0319536 
0.0366397 0.0375506 0.0420584 0.0415133 0.038835 0.0527442 0.0559098 0.0582047 0.0442897 0.0446945 0.0715221 0.0725285 0.0833228 0.0364371 0.0693518 0.0257896 0.0373751 0.0643827 0.0585074 0.0283432 
0.0350029 0.0338317 0.0402556 0.0402523 0.0361045 0.0513156 0.0539963 0.0567228 0.0415511 0.0443991 0.0778351 0.0749005 0.0919182 0.033516 0.0739493 0.022364 0.0350991 0.0695033 0.0617162 0.0257671 
0.0594725 0.0617783 0.0525479 0.0591526 0.0602679 0.0444412 0.0535993 0.0423273 0.0566134 0.0454303 0.0220446 0.0396801 0.0248136 0.0677655 0.0258116 0.0937419 0.0635561 0.0316222 0.0300991 0.0652347 
0.0573517 0.0597692 0.0513387 0.0566029 0.0572786 0.046103 0.0575048 0.0455161 0.0582356 0.045754 0.0245542 0.0448638 0.0296448 0.0654307 0.0286548 0.0850476 0.0607704 0.0340612 0.0319613 0.0595566 
0.0546951 0.0570841 0.0498115 0.0539314 0.0538704 0.0477065 0.0612281 0.0487552 0.0592852 0.0460162 0.0280608 0.0508754 0.0361218 0.06222 0.0322884 0.0752328 0.0575397 0.0374939 0.0344128 0.053371 
0.0515829 0.0537016 0.0479575 0.0512288 0.0501453 0.0490669 0.0643349 0.0517262 0.0594938 0.0461972 0.0326533 0.0574613 0.0443822 0.0581699 0.0366987 0.0647836 0.0539477 0.0420055 0.0374592 0.0470039 
0.0482034 0.0497383 0.0458357 0.0486299 0.0462778 0.0500094 0.0663994 0.0540793 0.05869 0.0462801 0.0382402 0.0641776 0.0542841 0.0534829 0.0417258 0.0543995 0.0501631 0.0475178 0.0409987 0.0408674 
0.0448206 0.0454456 0.043572 0.0462793 0.0424865 0.0504242 0.0671509 0.0555406 0.0568766 0.0462613 0.0445186 0.0704847 0.0653576 0.0485087 0.0470647 0.0448409 0.0464181 0.0537655 0.0448216 0.0353622 
0.0416976 0.0411467 0.0413244 0.0442823 0.0389809 0.0503009 0.0665829 0.0560087 0.0542476 0.0461544 0.0510325 0.0759133 0.0768982 0.0436547 0.0523378 0.03671 0.0429487 0.0603511 0.0486585 0.0307693 
0.0390194 0.0371416 0.0392326 0.0426724 0.0359091 0.0497209 0.0649514 0.0555764 0.0511232 0.0459834 0.0572995 0.0802107 0.0881663 0.0392691 0.0572031 0.0302932 0.0399295 0.0668574 0.0522535 0.0271871 
0.0368597 0.0336333 0.0373825 0.0414154 0.0333335 0.0488173 0.0626687 0.0544717 0.0478445 0.0457722 0.0629345 0.0833804 0.0985769 0.0355603 0.0614341 0.0255502 0.0374415 0.0729519 0.0554246 0.0245467 
0.0351965 0.0307074 0.0357995 0.0404412 0.0312404 0.0477281 0.0601647 0.0529642 0.044689 0.0455379 0.0677086 0.0856212 0.107784 0.0325863 0.0649363 0.022222 0.0354792 0.0784318 0.0580839 0.0226779 
0.0658706 0.0544869 0.0499087 0.0581259 0.0531877 0.0406019 0.0581021 0.0389893 0.0615192 0.0460401 0.019348 0.0405171 0.0244422 0.073726 0.0220168 0.109834 0.0644344 0.0317496 0.0281868 0.0589131 
0.06355 0.0532867 0.0486443 0.055887 0.0508093 0.0418822 0.0625591 0.0417664 0.063605 0.0463705 0.0208929 0.0459203 0.0289901 0.0714352 0.0240519 0.100565 0.0620239 0.0339544 0.0295096 0.054297 
0.060587 0.0516026 0.047114 0.0535646 0.0480982 0.0432036 0.0669893 0.0447095 0.0651859 0.0466529 0.0231551 0.0523215 0.0352227 0.0681983 0.0266938 0.0898325 0.0591814 0.0371578 0.0313166 0.049213 
0.0570386 0.0493487 0.0452972 0.0512135 0.0451031 0.0444396 0.070938 0.0475706 0.0659411 0.0468803 0.0262594 0.0595378 0.0433992 0.0639938 0.029972 0.0780733 0.0559478 0.0415196 0.0336544 0.0438724 
0.0530838 0.0465322 0.0432275 0.0489259 0.0419321 0.045451 0.0738961 0.0500376 0.0656114 0.0470404 0.0302203 0.0671628 0.0535349 0.0589667 0.0338189 0.0659938 0.0524386 0.0470572 0.0364913 0.0385779 
0.0490097 0.0432783 0.0410019 0.0468156 0.0387417 0.0461226 0.0754499 0.0518136 0.0640976 0.0471232 0.034892 0.0746179 0.0652923 0.053442 0.0380471 0.0544611 0.0488452 0.0535869 0.0396977 0.0336641 
0.045141 0.0398104 0.0387612 0.0449796 0.0357038 0.0463984 0.0754366 0.0527161 0.0615174 0.0471285 0.0399749 0.0813081 0.0780014 0.0478584 0.042379 0.0442773 0.0453955 0.0607368 0.0430656 0.0294103 
0.0417434 0.036388 0.0366457 0.0434637 0.032962 0.0462939 0.0740088 0.0527373 0.0581752 0.047066 0.0450914 0.0868109 0.0908295 0.0426456 0.0465224 0.0359531 0.0422914 0.068043 0.046362 0.025967 
0.0389587 0.0332331 0.0347548 0.0422533 0.0306004 0.0458797 0.0715652 0.0520266 0.0544585 0.0469499 0.0498898 0.0909848 0.10301 0.03811 0.0502486 0.0296131 0.0396594 0.0750761 0.0493898 0.0233381 
0.0368006 0.0304846 0.033131 0.0412932 0.0286383 0.045249 0.0686018 0.0508182 0.0507248 0.0467924 0.0541204 0.0939521 0.114002 0.0343888 0.0534311 0.0250637 0.0375375 0.0815279 0.0520251 0.0214179 
0.0696187 0.04691 0.0462434 0.0548828 0.0447853 0.0383108 0.0665781 0.0385298 0.0681448 0.0468715 0.0182517 0.0462606 0.0281157 0.07697 0.0205248 0.116128 0.0625201 0.0336069 0.0275545 0.0491923 
0.0664709 0.0460177 0.0447223 0.0528492 0.0426561 0.0393122 0.071586 0.0411372 0.0702168 0.0471585 0.0196018 0.0528252 0.0339158 0.0738293 0.0224142 0.104836 0.0600741 0.0364982 0.0288296 0.045049 
0.0626175 0.0447122 0.0429555 0.050805 0.0402957 0.0403282 0.0762969 0.0437993 0.0715356 0.0474057 0.021566 0.0604177 0.0417145 0.0696335 0.0247955 0.0921255 0.0572382 0.0405665 0.0305556 0.0406359 
0.0582088 0.0429277 0.0409551 0.0488087 0.0377597 0.0412642 0.0801595 0.0462561 0.0717703 0.0476108 0.0242133 0.0687084 0.0516817 0.0644582 0.027654 0.0786556 0.0540797 0.0459223 0.0327482 0.036158 
0.0535298 0.0406835 0.0387902 0.0469424 0.0351479 0.0420245 0.0826424 0.0482201 0.0707166 0.0477657 0.0275058 0.077136 0.0636532 0.0585731 0.0308893 0.0653357 0.0507413 0.0524848 0.0353453 0.0318724 
0.0489457 0.0380964 0.0365794 0.0452873 0.0325878 0.042539 0.0834141 0.0494615 0.0683871 0.0478624 0.0312775 0.0850271 0.0770731 0.0524113 0.0343168 0.0531263 0.0474238 0.0599521 0.0382035 0.028028 
0.0448 0.0353548 0.0344574 0.043892 0.0302039 0.0427813 0.0824727 0.0498867 0.065027 0.0478987 0.0352644 0.0917987 0.0910993 0.0464584 0.0377104 0.0427726 0.0443353 0.0678593 0.0411303 0.0247972 
0.0413193 0.0326633 0.0325336 0.0427556 0.0280876 0.0427693 0.0801405 0.0495613 0.0610339 0.0478776 0.0391771 0.0971322 0.104833 0.0411168 0.0408652 0.0346197 0.0416359 0.0757067 0.0439343 0.0222378 
0.0385776 0.0301883 0.030867 0.0418371 0.026282 0.0425498 0.0769332 0.0486669 0.0568297 0.0478035 0.0427753 0.101021 0.117537 0.0366194 0.0436441 0.0286065 0.0394055 0.0830809 0.0464709 0.0203035 
0.0365238 0.0280315 0.029467 0.0410814 0.0247864 0.0421792 0.0733915 0.0474283 0.0527598 0.0476797 0.0459086 0.103698 0.128748 0.0330227 0.0459879 0.0244023 0.0376469 0.089712 0.04866 0.0188852 
0.0752872 0.0410601 0.0442374 0.0537802 0.0395389 0.0354473 0.0694516 0.0358372 0.0717091 0.04724 0.0164246 0.0459709 0.0271202 0.0817928 0.0179205 0.13096 0.0623846 0.0330969 0.0260704 0.044671 
0.0720835 0.0407422 0.0427377 0.051969 0.0378676 0.0361421 0.0748661 0.038105 0.0741894 0.0475262 0.0171472 0.0524823 0.0323631 0.0788514 0.0192702 0.119504 0.0603142 0.0356303 0.0269271 0.0412814 
0.0680755 0.0401702 0.0410294 0.0501704 0.036025 0.0369037 0.0801945 0.0405208 0.0760339 0.0477775 0.0182944 0.060186 0.0395629 0.0748151 0.0209865 0.106276 0.0578775 0.0393047 0.028153 0.0376436 
0.0633722 0.0392388 0.0391095 0.0484192 0.0340286 0.0376779 0.0848858 0.04288 0.0768655 0.0480027 0.0199542 0.0688533 0.0490197 0.0696854 0.0230785 0.0918399 0.0551028 0.0443079 0.0297927 0.0338857 
0.0582299 0.0378922 0.0370214 0.0467707 0.0319317 0.0384002 0.0883332 0.0449248 0.0763863 0.0482005 0.0221525 0.0779919 0.0607532 0.0636558 0.0255003 0.0770774 0.0520848 0.0506678 0.0318337 0.0301918 
0.0530256 0.0361521 0.0348594 0.0452879 0.0298183 0.0390086 0.0900517 0.046408 0.0744903 0.0483627 0.0248215 0.0869119 0.07438 0.0571163 0.02814 0.0630394 0.0489852 0.0581841 0.0341913 0.026766 
0.0481632 0.0341223 0.032747 0.0440162 0.0277858 0.0394596 0.0898561 0.047174 0.0713257 0.0484795 0.0277994 0.0949083 0.089136 0.050572 0.030837 0.0506794 0.0460004 0.0664396 0.03672 0.023779 
0.0439586 0.0319614 0.0307985 0.0429634 0.025921 0.0397361 0.0879318 0.0472083 0.0672557 0.0485437 0.0308707 0.101479 0.104065 0.0445042 0.0334243 0.0405941 0.0433076 0.0749047 0.0392505 0.0213227 
0.0405674 0.0298347 0.0290885 0.0421001 0.0242804 0.0398454 0.0847531 0.0466295 0.0627372 0.048551 0.0338259 0.106447 0.118269 0.0392475 0.035772 0.0329201 0.0410224 0.0830785 0.041632 0.0193989 
0.0379865 0.0278745 0.0276425 0.0413788 0.0228857 0.0398097 0.0809098 0.0456316 0.0581918 0.048499 0.0365093 0.109943 0.131092 0.0349447 0.037808 0.0274191 0.0391834 0.0905869 0.043762 0.0179423 
0.0772481 0.0360397 0.0411965 0.0510818 0.0338836 0.0336804 0.0768717 0.0356027 0.077086 0.0477607 0.0155228 0.0514757 0.0307281 0.0831214 0.0170278 0.133249 0.060058 0.0346772 0.0255472 0.0381416 
0.0732328 0.0359879 0.0395515 0.0494657 0.032441 0.0341975 0.0826332 0.0377543 0.079375 0.0480103 0.0161178 0.0590522 0.0371956 0.0793634 0.0182752 0.11995 0.0579927 0.0379058 0.026382 0.0351171 
0.0684038 0.0357072 0.0377157 0.0479029 0.0308775 0.0347767 0.0880084 0.0399598 0.0807779 0.0482404 0.0170789 0.0678071 0.0458976 0.07445 0.0198071 0.105027 0.0555991 0.0424408 0.0275697 0.0319522 
0.0629699 0.0350981 0.035712 0.046429 0.0292116 0.035384 0.0923648 0.0420016 0.0809271 0.0484586 0.0184628 0.0773555 0.0570206 0.0684871 0.021607 0.0892712 0.0529294 0.048408 0.0291312 0.0287706 
0.0572881 0.03411 0.0336109 0.0450904 0.0274897 0.0359777 0.0951011 0.043639 0.0796023 0.0486614 0.0202652 0.0870522 0.0703816 0.0617912 0.023612 0.073743 0.050102 0.0557237 0.0310293 0.0257295 
0.0517952 0.0327654 0.0315202 0.0439263 0.0257796 0.036516 0.0958483 0.0446781 0.0768299 0.0488368 0.0224051 0.0961302 0.0853678 0.0548466 0.0257153 0.0595453 0.0472875 0.064059 0.0331652 0.0229828 
0.0468865 0.0311594 0.0295544 0.0429498 0.0241546 0.0369657 0.0946108 0.0450373 0.0728948 0.0489706 0.0247382 0.103926 0.10105 0.0481826 0.0277908 0.0475223 0.0446652 0.0729022 0.0353998 0.0206391 
0.0428113 0.0294307 0.0278009 0.0421413 0.0226754 0.0373068 0.0917571 0.0447676 0.0682489 0.0490507 0.0270973 0.11007 0.116431 0.0422284 0.0297265 0.038058 0.042375 0.0816968 0.0375898 0.0187365 
0.039639 0.0277201 0.0263019 0.0414605 0.0213792 0.0375326 0.0878727 0.0440202 0.0633692 0.0490679 0.0293364 0.114546 0.130676 0.0372263 0.0314488 0.0310753 0.0404887 0.0899715 0.0396204 0.0172481 
0.0372943 0.0261394 0.0250584 0.040867 0.0202793 0.0376463 0.0835761 0.0429875 0.0586472 0.0490167 0.031358 0.1176 0.143234 0.0332297 0.032928 0.0261921 0.0390093 0.0974064 0.0414222 0.0161082 
